Time,Humidity,Temperature
0.0,53.3,24.3
2004.0,53.3,24.3
4008.0,53.2,24.3
6012.0,53.2,24.3
8016.0,53.2,24.3
10020.0,53.1,24.3
12024.0,57.5,24.8
14028.0,64.6,25.1
16032.0,70.2,25.2
18036.0,74.4,25.3
20040.0,77.7,25.3
22044.0,80.3,25.3
24048.0,81.8,25.3
26052.0,81.4,25.2
28056.0,81.6,25.3
30060.0,81.5,25.2
32064.0,82.4,25.3
34068.0,83.3,25.4
36072.0,86.0,25.7
38076.0,87.9,25.8
40080.0,89.8,26.0
42084.0,91.3,26.1
44088.0,92.7,26.3
46092.0,93.9,26.4
48096.0,95.1,26.7
50100.0,96.1,26.8
52104.0,97.1,27.1
54108.0,97.9,27.3
56112.0,98.6,27.5
58116.0,99.2,27.6
60120.0,99.7,27.7
62124.0,99.9,27.8
64128.0,99.9,27.9
66132.0,99.9,27.9
68136.0,99.9,28.0
