Time,Humidity,Temperature
0.0,50.0,26.0
2004.0,50.0,26.0
4008.0,50.0,26.0
6012.0,50.1,26.0
8016.0,50.3,26.0
10020.0,50.4,26.0
12024.0,50.5,26.0
14028.0,50.6,26.0
16032.0,52.5,26.1
18036.0,62.4,27.0
20040.0,70.6,27.3
22044.0,78.0,28.1
24048.0,83.1,28.3
26052.0,87.1,28.5
28056.0,90.0,28.4
30060.0,92.7,28.7
32064.0,94.6,28.8
34068.0,97.5,29.2
36072.0,98.9,29.3
38076.0,99.9,29.5
40080.0,99.9,29.6
42084.0,99.9,29.8
44088.0,99.9,29.8
46092.0,99.9,30.1
48096.0,99.9,30.1
50100.0,99.9,30.3
52104.0,99.9,30.2
54108.0,99.9,30.5
56112.0,99.9,30.5
58116.0,99.9,30.7
60120.0,99.9,30.8
62124.0,99.9,31.0
64128.0,99.9,31.0
66132.0,99.9,31.2
68136.0,99.9,31.2
70140.0,99.9,31.4
