Time,Humidity,Temperature
0.0,51.5,25.1
2004.0,51.9,25.1
4008.0,52.1,25.1
6012.0,52.1,25.1
8016.0,52.1,25.1
10020.0,52.1,25.0
12024.0,52.2,25.0
14028.0,57.3,25.4
16032.0,64.1,25.5
18036.0,69.7,25.6
20040.0,74.0,25.7
22044.0,76.8,25.6
24048.0,78.4,25.6
26052.0,81.7,25.8
28056.0,84.4,25.9
30060.0,87.3,26.2
32064.0,89.6,26.4
34068.0,91.7,26.6
36072.0,93.2,26.7
38076.0,94.3,26.7
40080.0,95.0,26.6
42084.0,95.6,26.6
44088.0,96.0,26.6
46092.0,96.2,26.6
48096.0,96.6,26.6
50100.0,96.7,26.6
52104.0,96.6,26.6
54108.0,95.7,26.6
56112.0,94.5,26.6
58116.0,93.5,26.7
60120.0,92.1,26.7
62124.0,92.1,26.8
64128.0,92.3,26.8
66132.0,92.8,26.9
68136.0,93.4,26.9
70140.0,93.8,27.0
