Time,Humidity,Temperature
0.0,53.7,24.6
2004.0,53.6,24.6
4008.0,53.5,24.6
6012.0,53.4,24.6
8016.0,53.4,24.7
10020.0,53.4,24.6
12024.0,53.4,24.7
14028.0,57.6,24.8
16032.0,63.1,24.9
18036.0,69.3,25.2
20040.0,74.8,25.4
22044.0,79.8,25.8
24048.0,83.8,26.0
26052.0,87.1,26.1
28056.0,89.7,26.2
30060.0,92.0,26.5
32064.0,93.8,26.6
34068.0,95.3,26.7
36072.0,96.4,26.7
38076.0,97.4,26.7
40080.0,98.1,26.7
42084.0,98.8,26.8
44088.0,99.4,26.8
46092.0,99.9,26.9
48096.0,99.9,26.9
50100.0,99.9,26.9
52104.0,99.9,26.9
54108.0,99.9,26.8
56112.0,99.9,26.8
58116.0,99.9,26.7
60120.0,99.9,26.7
62124.0,99.9,26.7
64128.0,99.9,26.6
66132.0,99.9,26.6
68136.0,99.9,26.6
70140.0,99.9,26.6
