Time,Humidity,Temperature
0.0,52.8,24.8
2004.0,52.9,24.8
4008.0,52.8,24.8
6012.0,52.8,24.8
8016.0,52.8,24.8
10020.0,52.8,24.9
12024.0,57.9,25.2
14028.0,64.0,25.3
16032.0,69.7,25.4
18036.0,74.0,25.4
20040.0,78.1,25.6
22044.0,81.8,25.7
24048.0,85.0,25.9
26052.0,87.4,26.0
28056.0,89.6,26.1
30060.0,91.3,26.1
32064.0,92.9,26.3
34068.0,94.3,26.5
36072.0,95.6,26.7
38076.0,96.7,26.9
40080.0,97.7,27.1
42084.0,98.6,27.3
44088.0,99.3,27.4
46092.0,99.8,27.4
48096.0,99.9,27.5
50100.0,99.9,27.4
52104.0,99.9,27.5
54108.0,99.9,27.5
56112.0,99.9,27.8
58116.0,99.9,27.8
60120.0,99.9,28.2
62124.0,99.9,28.3
64128.0,99.9,28.4
66132.0,99.9,28.3
68136.0,99.9,28.3
