Time,Humidity,Temperature
0.0,50.3,26.3
2004.0,50.4,26.3
4008.0,50.4,26.3
6012.0,50.5,26.2
8016.0,50.5,26.2
10020.0,50.6,26.3
12024.0,52.3,26.3
14028.0,58.2,26.4
16032.0,64.5,26.7
18036.0,71.9,27.1
20040.0,77.5,27.3
22044.0,82.1,27.5
24048.0,85.7,27.6
26052.0,88.4,27.7
28056.0,90.5,27.7
30060.0,92.1,27.7
32064.0,93.4,27.7
34068.0,94.7,27.8
36072.0,95.7,27.9
38076.0,96.6,28.0
40080.0,97.3,28.0
42084.0,97.9,28.1
44088.0,98.3,28.2
46092.0,98.8,28.3
48096.0,99.3,28.3
50100.0,99.5,28.4
52104.0,99.7,28.4
54108.0,99.9,28.5
56112.0,99.9,28.5
58116.0,99.9,28.6
60120.0,99.9,28.6
62124.0,99.9,28.7
64128.0,99.8,28.7
66132.0,99.0,28.6
68136.0,98.0,28.7
