Time,Humidity,Temperature
0.0,52.0,25.0
2004.0,52.0,25.0
4008.0,52.0,25.0
6012.0,52.0,25.1
8016.0,52.0,25.0
10020.0,52.1,25.0
12024.0,56.0,25.2
14028.0,62.1,25.3
16032.0,67.3,25.4
18036.0,72.4,25.5
20040.0,77.0,25.8
22044.0,80.8,25.9
24048.0,83.5,25.9
26052.0,85.4,25.9
28056.0,87.6,26.1
30060.0,89.4,26.2
32064.0,91.1,26.3
34068.0,92.3,26.3
36072.0,93.5,26.5
38076.0,94.3,26.5
40080.0,95.3,26.7
42084.0,95.9,26.7
44088.0,97.2,27.2
46092.0,98.0,27.3
48096.0,98.8,27.5
50100.0,99.4,27.5
52104.0,99.9,27.7
54108.0,99.9,27.8
56112.0,99.9,27.9
58116.0,99.9,27.9
60120.0,99.9,27.9
62124.0,99.9,27.8
64128.0,99.9,27.9
66132.0,99.9,28.0
68136.0,99.9,28.1
