Time,Humidity,Temperature
0.0,52.7,24.7
2004.0,52.7,24.7
4008.0,52.8,24.7
6012.0,52.8,24.7
8016.0,52.7,24.7
10020.0,52.8,24.7
12024.0,52.8,24.7
14028.0,57.5,24.9
16032.0,62.6,25.0
18036.0,70.2,26.0
20040.0,76.7,26.2
22044.0,81.2,26.3
24048.0,84.5,26.3
26052.0,87.2,26.2
28056.0,89.1,26.2
30060.0,91.0,26.2
32064.0,92.3,26.2
34068.0,94.0,26.5
36072.0,95.2,26.5
38076.0,96.1,26.6
40080.0,96.6,26.6
42084.0,97.1,26.5
44088.0,97.4,26.5
46092.0,97.8,26.5
48096.0,97.9,26.5
50100.0,97.9,26.4
52104.0,97.6,26.4
54108.0,97.1,26.3
56112.0,95.7,26.3
58116.0,92.4,26.2
60120.0,89.8,26.2
62124.0,87.9,26.1
64128.0,86.7,26.2
66132.0,88.7,26.3
68136.0,89.3,26.3
