Time,Humidity,Temperature
0.0,52.0,25.2
2004.0,52.0,25.3
4008.0,51.9,25.2
6012.0,51.9,25.2
8016.0,51.8,25.2
10020.0,51.8,25.2
12024.0,51.8,25.2
14028.0,56.6,25.4
16032.0,62.7,25.5
18036.0,69.3,25.8
20040.0,74.6,26.0
22044.0,79.1,26.2
24048.0,82.6,26.2
26052.0,86.2,26.7
28056.0,88.7,26.7
30060.0,90.6,26.7
32064.0,91.9,26.6
34068.0,93.2,26.7
36072.0,94.0,26.6
38076.0,94.6,26.6
40080.0,95.0,26.6
42084.0,95.3,26.6
44088.0,95.3,26.7
46092.0,95.7,26.8
48096.0,96.0,26.8
50100.0,96.0,26.8
52104.0,95.6,26.8
54108.0,95.2,26.8
56112.0,94.9,26.8
58116.0,95.5,27.0
60120.0,95.8,27.1
62124.0,95.8,27.0
64128.0,95.1,27.0
66132.0,94.8,27.0
68136.0,93.6,27.0
70140.0,92.4,26.9
