Time,Humidity,Temperature
0.0,53.0,25.0
2004.0,54.5,25.1
4008.0,54.8,25.0
6012.0,54.8,25.0
8016.0,54.7,25.0
10020.0,54.5,25.0
12024.0,54.4,25.0
14028.0,59.2,25.1
16032.0,63.3,25.2
18036.0,67.1,25.2
20040.0,69.7,25.2
22044.0,74.2,25.3
24048.0,77.3,25.4
26052.0,77.7,25.4
28056.0,77.0,25.4
30060.0,78.2,25.4
32064.0,79.1,25.4
34068.0,81.8,25.6
36072.0,83.6,25.6
38076.0,85.2,25.7
40080.0,86.5,25.8
42084.0,88.1,25.9
44088.0,89.3,26.0
46092.0,91.1,26.2
48096.0,92.5,26.4
50100.0,93.9,26.5
52104.0,95.0,26.6
54108.0,95.6,26.6
56112.0,96.2,26.7
58116.0,96.2,26.6
60120.0,95.8,26.6
62124.0,94.4,26.6
64128.0,93.2,26.6
66132.0,91.6,26.6
68136.0,91.1,26.6
