Time,Humidity,Temperature
0.0,54.3,24.5
2004.0,54.3,24.5
4008.0,54.3,24.5
6012.0,54.3,24.5
8016.0,54.3,24.6
10020.0,54.2,24.5
12024.0,54.3,24.5
14028.0,59.9,24.9
16032.0,66.4,25.1
18036.0,73.1,25.5
20040.0,78.1,25.7
22044.0,82.1,25.8
24048.0,85.0,25.8
26052.0,87.0,25.7
28056.0,88.5,25.7
30060.0,90.1,25.8
32064.0,91.0,25.8
34068.0,92.2,25.9
36072.0,93.1,26.0
38076.0,93.7,26.1
40080.0,93.9,26.1
42084.0,94.5,26.2
44088.0,94.6,26.3
46092.0,94.8,26.4
48096.0,94.0,26.4
50100.0,94.8,26.5
52104.0,95.0,26.6
54108.0,95.4,26.7
56112.0,95.2,26.7
58116.0,95.7,26.8
60120.0,95.4,26.8
62124.0,95.0,26.8
64128.0,93.5,26.8
66132.0,93.7,26.8
68136.0,93.1,26.9
70140.0,91.6,26.9
