Time,Humidity,Temperature
0.0,53.3,25.5
2004.0,53.3,25.5
4008.0,53.1,25.5
6012.0,52.9,25.5
8016.0,52.6,25.5
10020.0,52.5,25.5
12024.0,54.5,25.6
14028.0,60.1,25.7
16032.0,65.5,25.8
18036.0,70.8,25.9
20040.0,74.8,26.0
22044.0,78.0,26.0
24048.0,79.7,26.0
26052.0,81.0,26.0
28056.0,80.9,26.0
30060.0,80.6,26.0
32064.0,79.5,26.0
34068.0,81.0,26.1
36072.0,82.3,26.2
38076.0,83.1,26.2
40080.0,83.0,26.3
42084.0,82.8,26.3
44088.0,81.6,26.3
46092.0,80.4,26.3
48096.0,82.0,26.5
50100.0,84.7,26.6
52104.0,86.7,26.8
54108.0,88.3,26.8
56112.0,89.5,26.9
58116.0,89.9,26.9
60120.0,90.4,27.0
62124.0,90.8,27.0
64128.0,91.1,27.1
66132.0,90.9,27.1
68136.0,91.3,27.2
