Time,Humidity,Temperature
0.0,51.8,25.0
2004.0,51.8,25.0
4008.0,51.7,25.0
6012.0,51.7,25.0
8016.0,51.7,25.0
10020.0,51.9,25.0
12024.0,56.0,25.3
14028.0,61.8,25.4
16032.0,68.3,25.7
18036.0,73.7,25.7
20040.0,78.4,25.9
22044.0,81.9,26.0
24048.0,84.9,26.1
26052.0,87.3,26.1
28056.0,89.3,26.2
30060.0,90.8,26.2
32064.0,92.0,26.3
34068.0,92.8,26.2
36072.0,93.2,26.2
38076.0,93.3,26.2
40080.0,92.9,26.1
42084.0,92.4,26.1
44088.0,91.8,26.1
46092.0,90.8,26.1
48096.0,88.9,26.1
50100.0,87.1,26.1
52104.0,85.4,26.1
54108.0,83.8,26.1
56112.0,82.6,26.0
58116.0,81.3,26.1
60120.0,81.0,26.1
62124.0,79.5,26.1
64128.0,77.8,26.0
66132.0,76.5,26.0
68136.0,75.4,26.1
