Time,Humidity,Temperature
0.0,52.5,24.5
2004.0,52.6,24.5
4008.0,52.6,24.5
6012.0,52.5,24.6
8016.0,52.5,24.5
10020.0,52.5,24.5
12024.0,55.4,24.9
14028.0,63.1,25.3
16032.0,69.3,25.5
18036.0,74.9,25.8
20040.0,79.2,25.9
22044.0,82.7,26.1
24048.0,85.5,26.1
26052.0,88.2,26.3
28056.0,90.1,26.5
30060.0,92.0,26.7
32064.0,93.4,26.7
34068.0,94.9,27.0
36072.0,96.0,27.1
38076.0,97.1,27.5
40080.0,97.9,27.5
42084.0,98.6,27.7
44088.0,99.1,27.7
46092.0,99.6,27.8
48096.0,99.8,27.7
50100.0,99.9,27.9
52104.0,99.9,27.9
54108.0,99.9,27.9
56112.0,99.9,27.9
58116.0,99.9,27.9
60120.0,99.9,27.9
62124.0,99.9,27.9
64128.0,99.9,27.9
66132.0,99.9,28.0
68136.0,99.9,28.0
70140.0,99.9,28.1
