Time,Humidity,Temperature
0.0,50.6,26.4
2004.0,50.5,26.4
4008.0,50.6,26.3
6012.0,50.6,26.3
8016.0,50.6,26.4
10020.0,50.6,26.3
12024.0,52.4,26.4
14028.0,56.9,26.4
16032.0,61.0,26.5
18036.0,66.1,26.5
20040.0,70.5,26.7
22044.0,74.8,26.8
24048.0,77.5,26.8
26052.0,78.0,26.8
28056.0,77.6,26.7
30060.0,77.5,26.7
32064.0,77.6,26.8
34068.0,78.5,26.8
36072.0,78.0,26.8
38076.0,77.6,26.8
40080.0,77.2,26.9
42084.0,77.5,26.9
44088.0,77.5,27.0
46092.0,78.6,27.0
48096.0,77.9,27.0
50100.0,76.8,27.0
52104.0,75.7,27.1
54108.0,75.3,27.1
56112.0,74.6,27.1
58116.0,74.3,27.1
60120.0,74.0,27.1
62124.0,74.4,27.2
64128.0,75.1,27.3
66132.0,75.6,27.3
68136.0,76.2,27.3
