Time,Humidity,Temperature
0.0,53.2,25.1
2004.0,53.2,25.1
4008.0,53.2,25.1
6012.0,53.2,25.1
8016.0,53.2,25.1
10020.0,53.1,25.1
12024.0,55.6,25.3
14028.0,61.7,25.4
16032.0,68.4,25.7
18036.0,73.6,25.8
20040.0,77.9,26.0
22044.0,80.9,26.0
24048.0,83.8,26.1
26052.0,86.2,26.1
28056.0,87.9,26.1
30060.0,88.7,26.1
32064.0,89.0,26.1
34068.0,88.5,26.1
36072.0,88.7,26.1
38076.0,88.3,26.1
40080.0,87.0,26.1
42084.0,86.1,26.1
44088.0,85.9,26.1
46092.0,86.5,26.1
48096.0,88.1,26.4
50100.0,90.2,26.5
52104.0,91.7,26.6
54108.0,92.6,26.6
56112.0,92.9,26.6
58116.0,93.4,26.7
60120.0,93.8,26.7
62124.0,94.1,26.8
64128.0,94.2,26.8
66132.0,93.7,26.8
68136.0,93.5,26.9
