Time,Humidity,Temperature
0.0,51.1,25.1
2004.0,51.1,25.1
4008.0,51.0,25.1
6012.0,51.0,25.1
8016.0,51.1,25.1
10020.0,51.2,25.1
12024.0,51.4,25.1
14028.0,56.5,25.2
16032.0,61.9,25.3
18036.0,67.2,25.4
20040.0,71.7,25.4
22044.0,75.5,25.5
24048.0,78.1,25.5
26052.0,80.5,25.5
28056.0,82.1,25.6
30060.0,85.0,25.8
32064.0,87.3,25.9
34068.0,89.3,26.0
36072.0,90.7,26.1
38076.0,92.4,26.3
40080.0,93.7,26.4
42084.0,94.7,26.5
44088.0,95.4,26.4
46092.0,96.2,26.5
48096.0,96.7,26.6
50100.0,97.3,26.7
52104.0,97.7,26.7
54108.0,98.3,26.8
56112.0,98.7,26.9
58116.0,99.0,26.9
60120.0,99.2,26.9
62124.0,99.6,27.1
64128.0,99.9,27.1
66132.0,99.9,27.2
68136.0,99.9,27.3
