Time,Humidity,Temperature
0.0,51.4,25.6
2004.0,51.4,25.6
4008.0,51.4,25.6
6012.0,51.4,25.6
8016.0,51.3,25.6
10020.0,51.3,25.6
12024.0,51.4,25.6
14028.0,55.4,25.8
16032.0,61.2,25.8
18036.0,68.0,26.4
20040.0,74.3,26.7
22044.0,79.4,27.0
24048.0,83.2,27.1
26052.0,86.7,27.5
28056.0,89.3,27.5
30060.0,91.6,27.7
32064.0,93.2,27.7
34068.0,94.8,27.8
36072.0,95.9,27.8
38076.0,97.0,27.9
40080.0,97.9,28.0
42084.0,98.8,28.2
44088.0,99.5,28.3
46092.0,99.9,28.4
48096.0,99.9,28.4
50100.0,99.9,28.5
52104.0,99.9,28.4
54108.0,99.9,28.6
56112.0,99.9,28.6
58116.0,99.9,28.7
60120.0,99.9,28.6
62124.0,99.9,28.6
64128.0,99.9,28.6
66132.0,99.9,28.6
68136.0,99.9,28.6
70140.0,99.9,28.7
