Time,Humidity,Temperature
0.0,53.3,24.8
2004.0,53.5,24.8
4008.0,53.6,24.8
6012.0,53.6,24.8
8016.0,53.6,24.8
10020.0,53.5,24.8
12024.0,58.4,25.2
14028.0,65.5,25.4
16032.0,71.7,25.7
18036.0,76.5,25.8
20040.0,80.5,26.0
22044.0,83.8,26.0
24048.0,86.6,26.2
26052.0,89.1,26.4
28056.0,91.2,26.6
30060.0,93.0,26.7
32064.0,94.5,26.9
34068.0,95.6,26.9
36072.0,96.8,27.2
38076.0,97.7,27.3
40080.0,98.4,27.4
42084.0,98.9,27.4
44088.0,99.3,27.3
46092.0,99.6,27.3
48096.0,99.8,27.3
50100.0,99.9,27.2
52104.0,99.9,27.3
54108.0,99.9,27.2
56112.0,99.9,27.2
58116.0,99.9,27.2
60120.0,99.9,27.3
62124.0,99.9,27.3
64128.0,99.9,27.3
66132.0,99.9,27.3
68136.0,99.9,27.4
