Time,Humidity,Temperature
0.0,43.0,24.0
2004.0,43.0,23.9
4008.0,43.0,23.9
6012.0,43.1,23.9
8016.0,43.1,23.9
10020.0,43.1,23.9
12024.0,44.4,23.9
14028.0,49.3,23.9
16032.0,51.8,24.0
18036.0,56.4,24.0
20040.0,58.4,24.0
22044.0,62.2,24.1
24048.0,63.7,24.1
26052.0,66.7,24.2
28056.0,67.1,24.2
30060.0,69.6,24.3
32064.0,70.0,24.3
34068.0,72.4,24.4
36072.0,72.0,24.4
38076.0,73.7,24.5
40080.0,73.8,24.6
42084.0,75.2,24.7
44088.0,74.8,24.7
46092.0,76.2,24.8
48096.0,76.0,24.9
50100.0,77.3,25.0
52104.0,76.9,25.0
54108.0,77.5,25.1
56112.0,77.4,25.1
58116.0,78.1,25.2
60120.0,77.5,25.3
62124.0,77.6,25.3
64128.0,77.3,25.4
66132.0,77.4,25.4
68136.0,77.0,25.5
70140.0,77.0,25.5
