Time,Humidity,Temperature
0.0,46.6,24.4
2004.0,46.5,24.4
4008.0,46.5,24.4
6012.0,46.6,24.4
8016.0,46.6,24.4
10020.0,46.7,24.3
12024.0,49.5,24.4
14028.0,56.7,24.5
16032.0,62.4,24.7
18036.0,68.4,24.9
20040.0,73.1,25.0
22044.0,77.2,25.0
24048.0,80.7,25.2
26052.0,83.5,25.3
28056.0,85.8,25.4
30060.0,87.7,25.4
32064.0,89.4,25.5
34068.0,90.8,25.7
36072.0,92.0,25.7
38076.0,92.9,25.8
40080.0,93.9,25.8
42084.0,94.5,26.0
44088.0,95.4,26.2
46092.0,95.7,26.2
48096.0,96.4,26.1
50100.0,96.7,26.3
52104.0,97.1,26.4
54108.0,97.3,26.4
56112.0,97.7,26.4
58116.0,97.8,26.5
60120.0,98.2,26.7
62124.0,98.1,26.6
64128.0,98.4,26.7
66132.0,98.3,26.7
68136.0,98.6,26.8
70140.0,98.7,26.8
