Time,Humidity,Temperature
0.0,44.6,23.7
2004.0,44.5,23.7
4008.0,44.5,23.7
6012.0,44.6,23.7
8016.0,44.6,23.7
10020.0,44.8,23.7
12024.0,45.0,23.7
14028.0,49.9,23.8
16032.0,53.0,23.8
18036.0,58.1,24.0
20040.0,60.4,24.0
22044.0,64.6,24.1
24048.0,65.8,24.1
26052.0,69.4,24.2
28056.0,70.1,24.2
30060.0,73.0,24.4
32064.0,72.8,24.3
34068.0,75.0,24.4
36072.0,74.6,24.4
38076.0,76.1,24.5
40080.0,75.7,24.5
42084.0,77.3,24.6
44088.0,77.2,24.6
46092.0,78.7,24.7
48096.0,78.4,24.7
50100.0,79.8,24.8
52104.0,78.6,24.8
54108.0,79.8,24.9
56112.0,79.0,24.9
58116.0,80.3,25.0
60120.0,79.3,25.0
62124.0,80.3,25.1
64128.0,79.3,25.1
66132.0,80.6,25.2
68136.0,79.7,25.2
70140.0,80.8,25.3
