Time,Humidity,Temperature
0.0,47.4,24.4
2004.0,47.3,24.4
4008.0,47.3,24.4
6012.0,47.3,24.4
8016.0,47.4,24.4
10020.0,52.7,24.5
12024.0,59.2,24.6
14028.0,64.1,24.6
16032.0,68.2,24.7
18036.0,71.7,24.7
20040.0,74.6,24.9
22044.0,77.6,24.9
24048.0,80.2,25.0
26052.0,82.1,25.0
28056.0,84.3,25.2
30060.0,85.6,25.2
32064.0,87.1,25.3
34068.0,88.1,25.3
36072.0,89.1,25.4
38076.0,89.3,25.4
40080.0,90.0,25.6
42084.0,90.0,25.5
44088.0,90.9,25.7
46092.0,91.0,25.7
48096.0,91.7,25.9
50100.0,91.7,25.8
52104.0,92.2,26.0
54108.0,91.9,25.9
56112.0,92.2,26.1
58116.0,91.7,26.0
60120.0,92.0,26.2
62124.0,91.6,26.1
64128.0,92.1,26.3
66132.0,91.6,26.2
68136.0,92.1,26.4
70140.0,91.3,26.3
