Time,Humidity,Temperature
0.0,46.7,24.2
2004.0,46.6,24.2
4008.0,46.7,24.2
6012.0,46.6,24.2
8016.0,46.7,24.2
10020.0,46.8,24.2
12024.0,51.2,24.3
14028.0,58.2,24.4
16032.0,63.6,24.5
18036.0,69.0,24.6
20040.0,73.4,24.8
22044.0,77.3,24.9
24048.0,80.3,25.0
26052.0,83.0,25.0
28056.0,85.1,25.1
30060.0,86.9,25.1
32064.0,88.5,25.2
34068.0,89.8,25.3
36072.0,90.9,25.4
38076.0,91.8,25.4
40080.0,92.8,25.5
42084.0,93.4,25.6
44088.0,94.1,25.7
46092.0,94.6,25.7
48096.0,95.1,25.8
50100.0,95.4,25.8
52104.0,95.8,25.9
54108.0,95.9,25.9
56112.0,96.3,26.0
58116.0,96.3,26.0
60120.0,96.6,26.2
62124.0,96.5,26.1
64128.0,96.8,26.3
66132.0,96.7,26.2
68136.0,96.8,26.4
70140.0,96.7,26.3
