Time,Humidity,Temperature
0.0,45.9,24.6
2004.0,45.8,24.6
4008.0,45.9,24.6
6012.0,46.0,24.6
8016.0,45.9,24.6
10020.0,45.9,24.6
12024.0,47.1,24.6
14028.0,53.6,24.7
16032.0,57.6,24.7
18036.0,64.0,24.9
20040.0,67.9,24.9
22044.0,72.4,25.1
24048.0,74.8,25.0
26052.0,77.9,25.2
28056.0,78.8,25.2
30060.0,81.2,25.3
32064.0,81.5,25.4
34068.0,83.4,25.5
36072.0,83.7,25.5
38076.0,85.5,25.6
40080.0,85.4,25.6
42084.0,86.7,25.8
44088.0,85.6,25.8
46092.0,86.6,25.9
48096.0,84.9,25.9
50100.0,85.7,26.0
52104.0,84.2,26.0
54108.0,85.0,26.1
56112.0,83.6,26.1
58116.0,84.9,26.2
60120.0,83.8,26.2
62124.0,85.2,26.3
64128.0,84.4,26.3
66132.0,85.9,26.4
68136.0,84.9,26.4
70140.0,86.2,26.5
