Time,Humidity,Temperature
0.0,46.7,24.3
2004.0,46.6,24.3
4008.0,46.6,24.3
6012.0,46.6,24.3
8016.0,46.7,24.3
10020.0,46.7,24.3
12024.0,51.0,24.5
14028.0,56.5,24.6
16032.0,61.8,24.9
18036.0,66.4,24.9
20040.0,71.0,25.2
22044.0,74.4,25.1
24048.0,77.9,25.4
26052.0,80.4,25.3
28056.0,83.1,25.6
30060.0,84.3,25.5
32064.0,85.8,25.6
34068.0,86.2,25.5
36072.0,87.0,25.7
38076.0,86.5,25.7
40080.0,86.9,25.8
42084.0,86.1,25.8
44088.0,86.6,26.0
46092.0,86.3,26.0
48096.0,86.9,26.1
50100.0,86.1,26.1
52104.0,86.8,26.3
54108.0,85.7,26.2
56112.0,86.4,26.4
58116.0,85.4,26.3
60120.0,86.1,26.5
62124.0,84.9,26.4
64128.0,85.8,26.6
66132.0,84.3,26.5
68136.0,85.1,26.7
70140.0,83.4,26.6
