Time,Humidity,Temperature
0.0,44.4,23.6
2004.0,44.3,23.6
4008.0,44.4,23.6
6012.0,44.4,23.6
8016.0,44.6,23.6
10020.0,44.7,23.6
12024.0,48.0,23.7
14028.0,51.8,23.7
16032.0,55.6,23.7
18036.0,58.5,23.8
20040.0,61.4,23.8
22044.0,63.8,23.8
24048.0,66.5,23.9
26052.0,67.9,23.9
28056.0,70.0,24.1
30060.0,70.9,24.1
32064.0,72.5,24.2
34068.0,72.7,24.2
36072.0,74.0,24.3
38076.0,74.4,24.3
40080.0,75.3,24.5
42084.0,75.3,24.5
44088.0,76.4,24.6
46092.0,76.2,24.5
48096.0,77.0,24.7
50100.0,76.8,24.7
52104.0,77.6,24.8
54108.0,77.3,24.8
56112.0,77.1,24.9
58116.0,76.5,24.9
60120.0,77.0,25.0
62124.0,76.5,25.0
64128.0,76.7,25.1
66132.0,77.0,25.1
68136.0,77.3,25.2
70140.0,77.5,25.2
