Time,Humidity,Temperature
0.0,47.1,24.4
2004.0,47.2,24.4
4008.0,47.2,24.4
6012.0,47.1,24.4
8016.0,47.1,24.4
10020.0,47.2,24.4
12024.0,48.0,24.4
14028.0,53.7,24.5
16032.0,57.9,24.6
18036.0,63.6,24.8
20040.0,66.3,24.7
22044.0,70.3,24.9
24048.0,72.2,25.0
26052.0,75.5,25.1
28056.0,76.6,25.2
30060.0,79.5,25.3
32064.0,80.5,25.3
34068.0,82.6,25.5
36072.0,83.1,25.5
38076.0,84.9,25.6
40080.0,85.0,25.6
42084.0,86.5,25.7
44088.0,85.9,25.7
46092.0,87.1,25.9
48096.0,86.4,25.9
50100.0,87.5,26.0
52104.0,86.5,26.0
54108.0,87.4,26.1
56112.0,86.6,26.1
58116.0,87.5,26.3
60120.0,86.4,26.3
62124.0,87.4,26.4
64128.0,86.3,26.4
66132.0,87.3,26.5
68136.0,86.1,26.5
70140.0,87.1,26.6
