Time,Humidity,Temperature
0.0,49.8,24.2
2004.0,49.8,24.1
4008.0,49.8,24.1
6012.0,49.7,24.1
8016.0,49.7,24.1
10020.0,49.7,24.1
12024.0,51.8,24.1
14028.0,60.0,24.5
16032.0,66.4,24.6
18036.0,72.6,25.0
20040.0,76.8,25.0
22044.0,81.2,25.3
24048.0,84.1,25.5
26052.0,87.1,25.7
28056.0,89.0,25.7
30060.0,91.1,25.9
32064.0,92.3,25.9
34068.0,93.8,26.2
36072.0,94.6,26.1
38076.0,95.8,26.4
40080.0,96.3,26.3
42084.0,97.2,26.5
44088.0,97.5,26.5
46092.0,98.2,26.7
48096.0,98.4,26.7
50100.0,98.9,26.8
52104.0,99.0,26.8
54108.0,99.5,26.9
56112.0,99.5,26.9
58116.0,99.8,27.1
60120.0,99.9,27.0
62124.0,99.9,27.2
64128.0,99.9,27.2
66132.0,99.9,27.3
68136.0,99.9,27.3
70140.0,99.9,27.4
