Time,Humidity,Temperature
0.0,44.6,23.9
2004.0,44.6,23.8
4008.0,44.7,23.8
6012.0,44.7,23.8
8016.0,44.7,23.8
10020.0,44.8,23.8
12024.0,45.1,23.8
14028.0,51.6,23.9
16032.0,56.4,23.9
18036.0,62.4,24.1
20040.0,66.6,24.1
22044.0,71.3,24.3
24048.0,74.5,24.2
26052.0,78.0,24.4
28056.0,80.2,24.4
30060.0,82.8,24.5
32064.0,84.3,24.5
34068.0,86.2,24.6
36072.0,87.2,24.6
38076.0,88.7,24.8
40080.0,89.4,24.7
42084.0,90.3,24.8
44088.0,90.5,24.8
46092.0,91.1,24.9
48096.0,90.5,24.8
50100.0,91.1,25.0
52104.0,90.8,25.0
54108.0,91.4,25.0
56112.0,91.1,25.1
58116.0,91.7,25.2
60120.0,91.7,25.2
62124.0,92.4,25.3
64128.0,92.4,25.3
66132.0,93.0,25.4
68136.0,92.9,25.4
70140.0,93.4,25.5
