Time,Humidity,Temperature
0.0,42.7,24.5
2004.0,42.8,24.5
4008.0,42.8,24.5
6012.0,42.9,24.5
8016.0,42.9,24.5
10020.0,43.0,24.4
12024.0,46.6,24.4
14028.0,52.2,24.6
16032.0,54.3,24.5
18036.0,59.2,24.7
20040.0,61.4,24.7
22044.0,66.8,24.8
24048.0,68.2,24.8
26052.0,72.6,25.0
28056.0,74.1,25.0
30060.0,77.7,25.2
32064.0,78.9,25.2
34068.0,81.9,25.4
36072.0,82.8,25.4
38076.0,85.1,25.6
40080.0,85.6,25.5
42084.0,87.4,25.7
44088.0,87.3,25.7
46092.0,88.6,25.9
48096.0,87.5,25.9
50100.0,88.7,26.0
52104.0,88.1,26.1
54108.0,88.8,26.2
56112.0,87.0,26.2
58116.0,88.0,26.3
60120.0,86.1,26.4
62124.0,87.1,26.5
64128.0,85.6,26.5
66132.0,86.4,26.6
68136.0,84.4,26.6
70140.0,85.7,26.7
