Time,Humidity,Temperature
0.0,43.7,24.4
2004.0,43.8,24.4
4008.0,43.9,24.4
6012.0,43.9,24.3
8016.0,44.1,24.3
10020.0,47.5,24.3
12024.0,51.9,24.4
14028.0,56.9,24.5
16032.0,59.7,24.5
18036.0,63.6,24.6
20040.0,64.8,24.6
22044.0,68.0,24.7
24048.0,69.3,24.7
26052.0,72.2,24.8
28056.0,73.0,24.9
30060.0,75.1,25.0
32064.0,75.4,25.1
34068.0,76.6,25.1
36072.0,76.1,25.2
38076.0,77.3,25.2
40080.0,76.6,25.3
42084.0,78.0,25.4
44088.0,77.5,25.4
46092.0,78.6,25.5
48096.0,78.1,25.6
50100.0,79.0,25.6
52104.0,78.1,25.7
54108.0,79.1,25.8
56112.0,78.1,25.8
58116.0,78.8,25.9
60120.0,77.9,25.9
62124.0,78.5,26.0
64128.0,78.0,26.0
66132.0,78.4,26.1
68136.0,77.3,26.1
70140.0,77.9,26.2
