Time,Humidity,Temperature
0.0,43.0,23.9
2004.0,43.1,24.0
4008.0,43.1,23.9
6012.0,43.2,23.9
8016.0,43.3,23.9
10020.0,43.4,23.9
12024.0,45.3,23.9
14028.0,50.0,24.0
16032.0,52.2,23.9
18036.0,56.6,24.0
20040.0,58.9,24.0
22044.0,62.4,24.1
24048.0,64.3,24.1
26052.0,67.2,24.1
28056.0,67.6,24.1
30060.0,69.9,24.2
32064.0,70.0,24.2
34068.0,72.1,24.3
36072.0,72.3,24.3
38076.0,74.0,24.5
40080.0,73.9,24.5
42084.0,75.5,24.6
44088.0,74.6,24.6
46092.0,76.0,24.7
48096.0,75.5,24.7
50100.0,76.8,24.8
52104.0,76.0,24.8
54108.0,77.3,24.9
56112.0,76.0,24.9
58116.0,77.2,25.0
60120.0,76.1,25.0
62124.0,77.3,25.1
64128.0,76.3,25.1
66132.0,77.5,25.2
68136.0,76.6,25.2
70140.0,77.5,25.3
