Time,Humidity,Temperature
0.0,50.4,22.8
2004.0,50.5,22.8
4008.0,50.5,22.8
6012.0,50.5,22.8
8016.0,50.5,22.8
10020.0,52.3,22.8
12024.0,56.7,22.9
14028.0,63.1,23.2
16032.0,68.3,23.3
18036.0,73.5,23.6
20040.0,77.2,23.6
22044.0,80.8,23.9
24048.0,83.3,24.0
26052.0,85.7,24.1
28056.0,87.5,24.1
30060.0,89.2,24.4
32064.0,90.4,24.4
34068.0,91.7,24.6
36072.0,92.5,24.7
38076.0,93.5,24.8
40080.0,94.0,24.8
42084.0,94.8,25.0
44088.0,95.2,25.1
46092.0,95.9,25.3
48096.0,96.2,25.3
50100.0,96.8,25.5
52104.0,97.0,25.5
54108.0,97.3,25.7
56112.0,97.5,25.7
58116.0,97.8,25.8
60120.0,98.0,25.9
62124.0,98.3,26.1
64128.0,98.3,26.0
66132.0,98.5,26.2
68136.0,98.5,26.2
70140.0,98.7,26.3
