Time,Humidity,Temperature
0.0,43.4,23.8
2004.0,43.4,23.8
4008.0,43.5,23.8
6012.0,43.6,23.8
8016.0,43.7,23.8
10020.0,44.0,23.8
12024.0,48.3,23.8
14028.0,54.8,23.9
16032.0,60.0,24.0
18036.0,62.8,23.9
20040.0,66.7,24.1
22044.0,69.3,24.1
24048.0,72.3,24.2
26052.0,74.3,24.2
28056.0,76.9,24.3
30060.0,78.7,24.4
32064.0,80.9,24.5
34068.0,81.9,24.5
36072.0,83.6,24.6
38076.0,84.3,24.6
40080.0,85.4,24.8
42084.0,85.8,24.8
44088.0,86.6,24.9
46092.0,86.4,24.9
48096.0,87.1,25.0
50100.0,86.9,25.0
52104.0,87.3,25.1
54108.0,87.0,25.1
56112.0,87.6,25.3
58116.0,87.1,25.3
60120.0,87.7,25.4
62124.0,86.4,25.4
64128.0,87.3,25.5
66132.0,86.2,25.4
68136.0,86.9,25.5
70140.0,85.6,25.5
