Time,Humidity,Temperature
0.0,46.5,25.0
2004.0,46.4,25.0
4008.0,46.4,25.0
6012.0,46.4,25.0
8016.0,46.4,24.9
10020.0,46.5,24.9
12024.0,47.4,24.9
14028.0,53.5,25.1
16032.0,56.9,25.1
18036.0,62.9,25.3
20040.0,65.7,25.3
22044.0,70.4,25.4
24048.0,71.9,25.4
26052.0,75.4,25.6
28056.0,76.7,25.6
30060.0,79.4,25.8
32064.0,79.4,25.8
34068.0,81.8,25.9
36072.0,81.8,25.9
38076.0,84.1,26.1
40080.0,84.0,26.1
42084.0,85.6,26.2
44088.0,85.2,26.2
46092.0,86.8,26.4
48096.0,85.8,26.3
50100.0,87.5,26.5
52104.0,86.6,26.5
54108.0,88.0,26.7
56112.0,87.0,26.7
58116.0,88.2,26.8
60120.0,87.8,26.8
62124.0,89.2,26.9
64128.0,88.6,26.9
66132.0,89.6,27.0
68136.0,88.5,27.0
70140.0,89.5,27.1
