Time,Humidity,Temperature
0.0,49.0,22.7
2004.0,49.0,22.7
4008.0,49.1,22.7
6012.0,49.1,22.7
8016.0,49.2,22.7
10020.0,49.2,22.7
12024.0,52.4,22.8
14028.0,56.4,22.8
16032.0,59.4,22.9
18036.0,63.2,23.0
20040.0,66.2,23.1
22044.0,68.8,23.2
24048.0,71.0,23.3
26052.0,73.2,23.4
28056.0,75.1,23.5
30060.0,76.9,23.6
32064.0,78.4,23.7
34068.0,79.7,23.8
36072.0,81.0,24.0
38076.0,82.0,24.0
40080.0,83.3,24.2
42084.0,83.5,24.2
44088.0,84.4,24.4
46092.0,84.7,24.4
48096.0,85.5,24.6
50100.0,85.5,24.6
52104.0,86.1,24.8
54108.0,85.8,24.8
56112.0,86.4,24.9
58116.0,86.2,25.0
60120.0,86.8,25.1
62124.0,86.6,25.2
64128.0,87.1,25.3
66132.0,86.3,25.2
68136.0,86.7,25.4
70140.0,86.1,25.4
