Time,Humidity,Temperature
0.0,52.7,24.9
2004.0,52.8,24.9
4008.0,52.8,24.9
6012.0,52.9,24.9
8016.0,53.0,24.9
10020.0,53.0,24.9
12024.0,56.3,25.1
14028.0,62.6,25.2
16032.0,69.0,25.6
18036.0,74.1,25.7
20040.0,78.8,26.0
22044.0,82.8,26.2
24048.0,86.2,26.4
26052.0,88.6,26.5
28056.0,90.9,26.7
30060.0,92.7,26.7
32064.0,94.1,26.8
34068.0,95.2,26.8
36072.0,96.0,26.8
38076.0,96.6,26.7
40080.0,97.1,26.7
42084.0,97.6,26.8
44088.0,98.2,27.0
46092.0,98.9,27.2
48096.0,99.4,27.3
50100.0,99.8,27.4
52104.0,99.9,27.4
54108.0,99.9,27.5
56112.0,99.9,27.5
58116.0,99.9,27.5
60120.0,99.9,27.6
62124.0,99.9,27.6
64128.0,99.9,27.6
66132.0,99.9,27.5
68136.0,99.9,27.5
