Time,Humidity,Temperature
0.0,53.0,25.2
2004.0,53.0,25.2
4008.0,53.0,25.2
6012.0,53.0,25.2
8016.0,53.0,25.2
10020.0,53.0,25.2
12024.0,55.2,25.3
14028.0,63.1,25.7
16032.0,69.6,25.9
18036.0,75.1,26.0
20040.0,79.4,26.2
22044.0,82.6,26.2
24048.0,85.3,26.2
26052.0,87.4,26.2
28056.0,89.4,26.4
30060.0,91.1,26.5
32064.0,92.5,26.6
34068.0,93.5,26.6
36072.0,94.5,26.7
38076.0,95.4,26.8
40080.0,96.2,26.9
42084.0,96.9,27.0
44088.0,97.5,27.1
46092.0,97.9,27.1
48096.0,98.2,27.2
50100.0,98.2,27.2
52104.0,98.2,27.2
54108.0,98.1,27.2
56112.0,98.1,27.3
58116.0,97.8,27.3
60120.0,97.3,27.3
62124.0,97.2,27.4
64128.0,97.0,27.4
66132.0,97.0,27.4
68136.0,96.7,27.4
