Time,Humidity,Temperature
0.0,52.5,25.1
2004.0,52.6,25.1
4008.0,52.7,25.1
6012.0,52.8,25.1
8016.0,52.8,25.1
10020.0,52.8,25.1
12024.0,52.8,25.1
14028.0,56.6,25.3
16032.0,63.6,25.5
18036.0,70.1,25.8
20040.0,74.9,25.9
22044.0,78.6,25.9
24048.0,81.5,25.9
26052.0,84.0,26.0
28056.0,86.1,26.0
30060.0,88.4,26.4
32064.0,90.5,26.5
34068.0,92.4,26.7
36072.0,93.7,26.7
38076.0,94.8,26.8
40080.0,95.7,26.8
42084.0,96.4,26.8
44088.0,97.0,26.8
46092.0,97.4,26.8
48096.0,97.6,26.8
50100.0,97.1,26.7
52104.0,95.6,26.7
54108.0,93.4,26.6
56112.0,90.5,26.6
58116.0,91.2,26.7
60120.0,92.4,26.8
62124.0,93.9,27.0
64128.0,94.7,27.0
66132.0,96.0,27.3
68136.0,96.9,27.4
70140.0,98.3,27.9
