Time,Humidity,Temperature
0.0,53.3,25.1
2004.0,53.3,25.1
4008.0,53.3,25.1
6012.0,53.2,25.1
8016.0,53.1,25.1
10020.0,53.1,25.1
12024.0,56.3,25.3
14028.0,61.0,25.3
16032.0,66.6,25.5
18036.0,69.9,25.6
20040.0,74.0,25.8
22044.0,78.6,26.0
24048.0,82.3,26.1
26052.0,85.1,26.2
28056.0,87.4,26.3
30060.0,89.3,26.4
32064.0,91.1,26.5
34068.0,92.7,26.7
36072.0,94.1,26.9
38076.0,95.4,27.1
40080.0,96.4,27.3
42084.0,97.3,27.4
44088.0,98.0,27.6
46092.0,98.6,27.6
48096.0,99.2,27.8
50100.0,99.7,27.9
52104.0,99.9,28.0
54108.0,99.9,28.0
56112.0,99.9,28.1
58116.0,99.9,28.2
60120.0,99.9,28.2
62124.0,99.9,28.3
64128.0,99.9,28.3
66132.0,99.9,28.3
68136.0,99.9,28.3
