Time,Humidity,Temperature
0.0,53.2,25.3
2004.0,53.2,25.3
4008.0,53.2,25.3
6012.0,53.1,25.3
8016.0,53.1,25.3
10020.0,53.1,25.3
12024.0,54.7,25.4
14028.0,61.4,25.6
16032.0,68.0,25.9
18036.0,74.4,26.3
20040.0,79.4,26.5
22044.0,83.5,26.7
24048.0,86.6,26.7
26052.0,88.9,26.7
28056.0,90.7,26.6
30060.0,92.4,26.7
32064.0,93.6,26.7
34068.0,94.8,26.9
36072.0,95.6,26.9
38076.0,96.7,27.2
40080.0,97.7,27.4
42084.0,98.7,27.7
44088.0,99.4,27.8
46092.0,99.9,28.0
48096.0,99.9,28.1
50100.0,99.9,28.2
52104.0,99.9,28.2
54108.0,99.9,28.2
56112.0,99.9,28.2
58116.0,99.9,28.3
60120.0,99.9,28.3
62124.0,99.9,28.4
64128.0,99.9,28.4
66132.0,99.9,28.4
68136.0,99.9,28.3
