Time,Humidity,Temperature
0.0,53.4,25.1
2004.0,53.5,25.2
4008.0,53.6,25.1
6012.0,53.7,25.1
8016.0,53.9,25.1
10020.0,53.9,25.1
12024.0,54.4,25.1
14028.0,60.7,25.5
16032.0,66.6,25.6
18036.0,71.1,25.7
20040.0,74.8,25.7
22044.0,78.5,25.8
24048.0,82.3,26.0
26052.0,85.3,26.1
28056.0,87.3,26.1
30060.0,88.0,26.0
32064.0,86.4,26.0
34068.0,85.7,26.0
36072.0,83.7,26.0
38076.0,86.0,26.2
40080.0,88.4,26.4
42084.0,90.5,26.6
44088.0,92.1,26.8
46092.0,94.3,27.3
48096.0,95.9,27.5
50100.0,97.1,27.6
52104.0,97.9,27.6
54108.0,98.6,27.6
56112.0,99.1,27.5
58116.0,99.7,27.6
60120.0,99.9,27.6
62124.0,99.9,27.6
64128.0,99.9,27.6
66132.0,99.9,27.6
68136.0,99.9,27.6
70140.0,99.9,27.7
