Time,Humidity,Temperature
0.0,54.3,24.9
2004.0,54.2,24.9
4008.0,54.3,24.9
6012.0,54.3,24.9
8016.0,54.2,24.9
10020.0,54.2,24.9
12024.0,55.9,25.0
14028.0,62.6,25.3
16032.0,68.6,25.4
18036.0,74.7,25.9
20040.0,79.3,26.1
22044.0,83.4,26.3
24048.0,86.5,26.4
26052.0,89.1,26.5
28056.0,91.0,26.4
30060.0,92.7,26.5
32064.0,93.9,26.4
34068.0,95.1,26.5
36072.0,96.0,26.6
38076.0,96.8,26.6
40080.0,97.3,26.6
42084.0,97.9,26.6
44088.0,98.3,26.6
46092.0,98.7,26.7
48096.0,99.1,26.8
50100.0,99.4,26.8
52104.0,99.7,26.9
54108.0,99.8,26.8
56112.0,99.9,26.9
58116.0,99.9,27.2
60120.0,99.9,27.3
62124.0,99.9,27.3
64128.0,99.9,27.3
66132.0,99.9,27.3
68136.0,99.9,27.3
