Time,Humidity,Temperature
0.0,66.2,21.3
2004.0,66.2,21.3
4008.0,66.1,21.3
6013.0,65.9,21.3
8019.0,65.8,21.3
10023.0,65.7,21.3
12027.0,66.0,21.4
14031.0,71.0,22.0
16035.0,76.6,22.5
18040.0,82.1,23.3
20045.0,85.9,23.7
22049.0,89.6,24.2
24053.0,92.3,24.4
26057.0,95.0,24.8
28063.0,96.8,25.0
30067.0,98.6,25.3
32072.0,99.8,25.4
34076.0,99.9,25.7
36080.0,99.9,25.9
38084.0,99.9,26.1
40090.0,99.9,26.2
42094.0,99.9,26.4
44098.0,99.9,26.5
46104.0,99.9,26.6
48108.0,99.9,26.6
50112.0,99.9,26.7
52118.0,99.9,26.8
54122.0,99.9,27.0
56126.0,99.9,27.0
58132.0,99.9,27.2
60136.0,99.9,27.3
62140.0,99.9,27.4
64144.0,99.9,27.4
66148.0,99.9,27.5
68153.0,99.9,27.6
70158.0,99.9,27.7
