Time,Humidity,Temperature
0.0,53.3,25.0
2004.0,53.4,25.0
4008.0,53.6,25.0
6012.0,53.7,25.0
8016.0,53.6,25.0
10020.0,53.6,25.0
12024.0,55.8,25.1
14028.0,62.7,25.3
16032.0,69.3,25.5
18036.0,75.0,25.8
20040.0,79.7,26.1
22044.0,83.6,26.2
24048.0,86.8,26.4
26052.0,89.4,26.5
28056.0,91.6,26.6
30060.0,93.4,26.7
32064.0,94.8,26.7
34068.0,95.9,26.7
36072.0,96.8,26.8
38076.0,97.6,26.8
40080.0,98.2,26.9
42084.0,98.8,26.9
44088.0,99.3,27.0
46092.0,99.7,27.1
48096.0,99.9,27.1
50100.0,99.9,27.1
52104.0,99.9,27.2
54108.0,99.9,27.2
56112.0,99.9,27.3
58116.0,99.9,27.3
60120.0,99.9,27.5
62124.0,99.9,27.5
64128.0,99.9,27.5
66132.0,99.9,27.5
68136.0,99.9,27.7
