Time,Humidity,Temperature
0.0,51.8,25.8
2004.0,52.0,25.8
4008.0,52.1,25.8
6012.0,52.1,25.7
8016.0,52.1,25.7
10020.0,52.1,25.7
12024.0,54.3,25.8
14028.0,62.1,26.2
16032.0,68.7,26.3
18036.0,74.1,26.5
20040.0,78.5,26.5
22044.0,82.4,26.7
24048.0,85.4,26.8
26052.0,87.8,26.8
28056.0,89.7,26.8
30060.0,91.4,26.9
32064.0,92.9,27.1
34068.0,94.4,27.2
36072.0,95.6,27.3
38076.0,96.4,27.4
40080.0,97.0,27.3
42084.0,97.3,27.2
44088.0,97.8,27.3
46092.0,98.1,27.4
48096.0,98.3,27.4
50100.0,98.3,27.3
52104.0,98.1,27.3
54108.0,97.3,27.3
56112.0,95.9,27.3
58116.0,95.1,27.3
60120.0,94.4,27.3
62124.0,94.3,27.3
64128.0,93.4,27.3
66132.0,91.1,27.2
68136.0,89.5,27.2
