Time,Humidity,Temperature
0.0,57.1,21.4
2004.0,57.0,21.4
4008.0,57.0,21.4
6013.0,56.7,21.4
8018.0,56.7,21.3
10021.0,56.7,21.4
12025.0,57.5,21.4
14031.0,62.2,21.8
16035.0,68.1,22.4
18039.0,74.8,23.1
20043.0,79.8,23.7
22049.0,84.4,24.3
24053.0,87.9,24.7
26057.0,91.5,25.2
28062.0,94.0,25.6
30068.0,96.7,26.0
32072.0,98.2,26.2
34076.0,99.9,26.5
36082.0,99.9,26.8
38086.0,99.9,27.1
40090.0,99.9,27.2
42095.0,99.9,27.5
44099.0,99.9,27.6
46105.0,99.9,27.8
48109.0,99.9,27.8
50113.0,99.9,27.9
52117.0,99.9,27.9
54122.0,99.9,28.1
56128.0,99.9,28.1
58132.0,99.9,28.1
60136.0,99.9,28.2
62140.0,99.9,28.3
64146.0,99.9,28.2
66150.0,99.9,28.3
68154.0,99.9,28.3
70159.0,99.9,28.3
