Time,Humidity,Temperature
0.0,52.7,25.4
2004.0,52.7,25.4
4008.0,52.8,25.3
6012.0,52.7,25.3
8016.0,52.7,25.3
10020.0,52.7,25.3
12024.0,52.8,25.3
14028.0,56.9,25.4
16032.0,62.3,25.5
18036.0,68.8,25.8
20040.0,74.1,26.0
22044.0,78.6,26.1
24048.0,82.1,26.1
26052.0,85.2,26.3
28056.0,87.6,26.3
30060.0,89.7,26.5
32064.0,91.4,26.5
34068.0,92.8,26.6
36072.0,93.7,26.5
38076.0,94.9,26.7
40080.0,95.8,26.8
42084.0,96.6,26.9
44088.0,97.2,27.0
46092.0,98.1,27.2
48096.0,98.7,27.3
50100.0,99.4,27.5
52104.0,99.8,27.5
54108.0,99.9,27.6
56112.0,99.9,27.6
58116.0,99.9,27.7
60120.0,99.9,27.7
62124.0,99.9,27.8
64128.0,99.9,27.8
66132.0,99.9,27.8
68136.0,99.9,27.8
