Time,Humidity,Temperature
0.0,52.3,26.4
2004.0,52.4,26.4
4008.0,52.4,26.4
6012.0,52.5,26.3
8016.0,52.5,26.3
10020.0,52.6,26.4
12024.0,54.3,26.4
14028.0,60.2,26.5
16032.0,66.5,26.8
18036.0,73.9,27.2
20040.0,79.5,27.4
22044.0,84.1,27.6
24048.0,87.7,27.7
26052.0,90.4,27.8
28056.0,92.5,27.8
30060.0,94.1,27.8
32064.0,95.4,27.8
34068.0,96.7,27.9
36072.0,97.7,28.0
38076.0,98.6,28.1
40080.0,99.3,28.1
42084.0,99.9,28.2
44088.0,100.0,28.3
46092.0,100.0,28.4
48096.0,100.0,28.4
50100.0,100.0,28.5
52104.0,100.0,28.5
54108.0,100.0,28.6
56112.0,100.0,28.6
58116.0,100.0,28.7
60120.0,100.0,28.7
62124.0,100.0,28.8
64128.0,100.0,28.8
66132.0,100.0,28.7
68136.0,100.0,28.8
