Time,Humidity,Temperature
0.0,66.2,21.2
2004.0,66.0,21.2
4009.0,65.9,21.2
6015.0,65.7,21.2
8019.0,65.5,21.2
10023.0,65.4,21.2
12027.0,65.3,21.2
14032.0,67.9,21.4
16036.0,71.5,21.5
18039.0,75.7,21.8
20045.0,79.4,21.9
22049.0,82.7,22.1
24053.0,85.2,22.1
26058.0,87.7,22.4
28064.0,89.8,22.5
30068.0,92.0,22.8
32072.0,93.7,22.9
34076.0,95.5,23.2
36081.0,96.7,23.3
38085.0,98.0,23.5
40090.0,99.0,23.6
42094.0,99.9,23.8
44098.0,99.9,23.9
46103.0,99.9,24.0
48107.0,99.9,24.1
50112.0,99.9,24.3
52116.0,99.9,24.4
54122.0,99.9,24.4
56126.0,99.9,24.5
58131.0,99.9,24.5
60135.0,99.9,24.5
62141.0,99.9,24.6
64145.0,99.9,24.6
66149.0,99.9,24.7
68154.0,99.9,24.7
70158.0,99.9,24.9
