Time,Humidity,Temperature
0.0,52.2,25.5
2004.0,52.3,25.5
4008.0,52.2,25.5
6012.0,52.3,25.4
8016.0,52.3,25.4
10020.0,52.4,25.4
12024.0,52.4,25.4
14028.0,56.1,25.6
16032.0,61.5,25.6
18036.0,67.6,25.8
20040.0,72.4,25.9
22044.0,76.7,26.0
24048.0,80.2,26.0
26052.0,83.0,26.1
28056.0,85.0,26.1
30060.0,86.4,26.1
32064.0,87.2,26.1
34068.0,88.3,26.1
36072.0,89.0,26.2
38076.0,90.1,26.2
40080.0,90.6,26.3
42084.0,91.1,26.3
44088.0,89.8,26.3
46092.0,89.8,26.3
48096.0,89.1,26.3
50100.0,89.9,26.4
52104.0,90.6,26.5
54108.0,91.4,26.6
56112.0,92.0,26.6
58116.0,93.6,26.9
60120.0,94.8,27.1
62124.0,96.3,27.5
64128.0,97.2,27.6
66132.0,98.2,27.8
68136.0,98.9,27.9
70140.0,99.6,28.1
