Time,Humidity,Temperature
0.0,53.4,25.7
2004.0,53.4,25.7
4008.0,53.4,25.7
6012.0,53.4,25.7
8016.0,53.3,25.7
10020.0,53.3,25.7
12024.0,53.4,25.7
14028.0,57.4,25.9
16032.0,63.2,25.9
18036.0,70.0,26.5
20040.0,76.3,26.8
22044.0,81.4,27.1
24048.0,85.2,27.2
26052.0,88.7,27.6
28056.0,91.3,27.6
30060.0,93.6,27.8
32064.0,95.2,27.8
34068.0,96.8,27.9
36072.0,97.9,27.9
38076.0,99.0,28.0
40080.0,99.9,28.1
42084.0,100.0,28.3
44088.0,100.0,28.4
46092.0,100.0,28.5
48096.0,100.0,28.5
50100.0,100.0,28.6
52104.0,100.0,28.5
54108.0,100.0,28.7
56112.0,100.0,28.7
58116.0,100.0,28.8
60120.0,100.0,28.7
62124.0,100.0,28.7
64128.0,100.0,28.7
66132.0,100.0,28.7
68136.0,100.0,28.7
70140.0,100.0,28.8
