Time,Humidity,Temperature
0.0,56.1,24.8
2004.0,56.1,24.7
4008.0,56.2,24.8
6012.0,56.2,24.8
8016.0,56.4,24.8
10020.0,56.3,24.8
12024.0,56.3,24.8
14028.0,61.4,25.0
16032.0,67.4,25.2
18036.0,72.7,25.3
20040.0,77.3,25.4
22044.0,81.4,25.6
24048.0,84.7,25.6
26052.0,87.4,25.8
28056.0,89.6,25.8
30060.0,91.5,26.0
32064.0,93.1,26.0
34068.0,94.2,26.1
36072.0,94.8,26.0
38076.0,95.3,26.1
40080.0,95.8,26.2
42084.0,96.2,26.3
44088.0,96.6,26.3
46092.0,97.1,26.4
48096.0,97.0,26.4
50100.0,97.8,26.8
52104.0,98.6,26.9
54108.0,99.6,27.2
56112.0,100.0,27.2
58116.0,100.0,27.3
60120.0,100.0,27.3
62124.0,100.0,27.3
64128.0,100.0,27.3
66132.0,100.0,27.3
68136.0,100.0,27.2
70140.0,100.0,27.4
