Time,Humidity,Temperature
0.0,54.4,24.6
2004.0,54.3,24.6
4008.0,54.3,24.6
6012.0,54.3,24.6
8016.0,54.3,24.6
10020.0,54.3,24.6
12024.0,55.4,24.7
14028.0,60.8,24.9
16032.0,66.1,25.0
18036.0,71.4,25.2
20040.0,76.0,25.4
22044.0,79.7,25.6
24048.0,83.0,25.8
26052.0,85.9,25.9
28056.0,88.0,26.0
30060.0,89.8,26.0
32064.0,91.2,26.0
34068.0,92.1,26.0
36072.0,92.8,26.0
38076.0,93.5,26.1
40080.0,93.3,26.0
42084.0,93.5,26.1
44088.0,93.9,26.3
46092.0,94.5,26.4
48096.0,95.0,26.5
50100.0,95.3,26.4
52104.0,95.3,26.5
54108.0,94.8,26.4
56112.0,93.8,26.4
58116.0,92.9,26.5
60120.0,91.7,26.5
62124.0,92.3,26.5
64128.0,92.6,26.6
66132.0,93.4,26.8
68136.0,94.0,26.8
