Time,Humidity,Temperature
0.0,53.4,24.8
2004.0,53.4,24.9
4008.0,53.3,24.8
6012.0,53.2,24.8
8016.0,53.2,24.8
10020.0,53.2,24.9
12024.0,53.2,24.9
14028.0,58.4,25.1
16032.0,64.1,25.2
18036.0,71.0,25.7
20040.0,76.1,25.9
22044.0,80.5,26.1
24048.0,84.0,26.3
26052.0,86.8,26.4
28056.0,88.9,26.4
30060.0,90.6,26.4
32064.0,91.9,26.3
34068.0,93.2,26.5
36072.0,94.3,26.5
38076.0,95.1,26.6
40080.0,95.7,26.6
42084.0,96.2,26.6
44088.0,96.4,26.5
46092.0,96.5,26.6
48096.0,96.4,26.6
50100.0,96.6,26.7
52104.0,96.5,26.7
54108.0,96.4,26.8
56112.0,95.7,26.8
58116.0,95.4,26.9
60120.0,94.8,26.9
62124.0,95.2,27.1
64128.0,95.9,27.2
66132.0,96.8,27.6
68136.0,97.4,27.7
70140.0,98.2,27.8
