Time,Humidity,Temperature
0.0,52.5,26.1
2004.0,52.4,26.1
4008.0,52.3,26.1
6012.0,52.4,26.1
8016.0,52.5,26.1
10020.0,52.7,26.1
12024.0,54.3,26.1
14028.0,59.5,26.2
16032.0,64.9,26.6
18036.0,71.8,26.9
20040.0,77.8,27.2
22044.0,82.4,27.4
24048.0,86.1,27.6
26052.0,89.3,27.7
28056.0,91.7,27.8
30060.0,93.7,27.9
32064.0,95.2,28.0
34068.0,96.4,28.0
36072.0,97.1,27.9
38076.0,97.5,27.8
40080.0,98.1,27.9
42084.0,98.9,28.0
44088.0,99.4,28.1
46092.0,99.6,28.1
48096.0,100.0,28.2
50100.0,100.0,28.4
52104.0,100.0,28.4
54108.0,100.0,28.4
56112.0,100.0,28.3
58116.0,100.0,28.2
60120.0,100.0,28.3
62124.0,100.0,28.5
64128.0,100.0,28.8
66132.0,100.0,28.9
68136.0,100.0,28.9
