Time,Humidity,Temperature
0.0,54.3,24.9
2004.0,54.5,24.9
4008.0,54.5,24.9
6012.0,54.5,24.9
8016.0,54.4,24.9
10020.0,54.4,24.9
12024.0,55.8,24.9
14028.0,61.0,25.0
16032.0,67.7,25.5
18036.0,73.9,25.8
20040.0,78.7,26.1
22044.0,83.1,26.4
24048.0,86.5,26.6
26052.0,89.3,26.8
28056.0,91.5,26.8
30060.0,93.3,26.9
32064.0,94.8,26.9
34068.0,95.9,27.0
36072.0,96.9,27.1
38076.0,97.8,27.1
40080.0,98.4,27.2
42084.0,99.0,27.3
44088.0,99.5,27.3
46092.0,99.9,27.4
48096.0,99.9,27.5
50100.0,99.9,27.6
52104.0,99.9,27.7
54108.0,99.9,27.8
56112.0,99.9,27.9
58116.0,99.9,28.0
60120.0,99.9,28.0
62124.0,99.9,28.0
64128.0,99.9,28.0
66132.0,99.9,27.9
68136.0,99.9,27.9
