Time,Humidity,Temperature
0.0,55.3,24.4
2004.0,55.3,24.4
4008.0,55.2,24.4
6012.0,55.2,24.4
8016.0,55.2,24.4
10020.0,55.1,24.4
12024.0,59.5,24.9
14028.0,66.6,25.2
16032.0,72.2,25.3
18036.0,76.4,25.4
20040.0,79.7,25.4
22044.0,82.3,25.4
24048.0,83.8,25.4
26052.0,83.4,25.3
28056.0,83.6,25.4
30060.0,83.5,25.3
32064.0,84.4,25.4
34068.0,85.3,25.5
36072.0,88.0,25.8
38076.0,89.9,25.9
40080.0,91.8,26.1
42084.0,93.3,26.2
44088.0,94.7,26.4
46092.0,95.9,26.5
48096.0,97.1,26.8
50100.0,98.1,26.9
52104.0,99.1,27.2
54108.0,99.9,27.4
56112.0,100.0,27.6
58116.0,100.0,27.7
60120.0,100.0,27.8
62124.0,100.0,27.9
64128.0,100.0,28.0
66132.0,100.0,28.0
68136.0,100.0,28.1
