Time,Humidity,Temperature
0.0,57.0,20.5
2004.0,57.0,20.5
4008.0,56.9,20.5
6012.0,56.8,20.5
8017.0,56.7,20.5
10023.0,56.7,20.5
12028.0,56.7,20.6
14032.0,61.4,21.1
16036.0,66.4,21.4
18040.0,72.1,22.2
20044.0,76.7,22.5
22050.0,81.0,23.1
24054.0,84.2,23.4
26058.0,87.5,24.0
28062.0,89.8,24.2
30066.0,92.2,24.6
32072.0,93.7,24.8
34076.0,95.5,25.2
36080.0,96.6,25.3
38084.0,98.2,25.7
40090.0,99.1,25.8
42094.0,99.9,26.0
44098.0,99.9,26.2
46102.0,99.9,26.4
48108.0,99.9,26.4
50112.0,99.9,26.6
52116.0,99.9,26.7
54122.0,99.9,26.9
56126.0,99.9,26.9
58130.0,99.9,27.1
60135.0,99.9,27.1
62139.0,99.9,27.2
64143.0,99.9,27.3
66149.0,99.9,27.4
68152.0,99.9,27.5
70156.0,99.9,27.6
