Time,Humidity,Temperature
0.0,46.8,24.7
2004.0,46.8,24.7
4008.0,46.8,24.7
6012.0,46.7,24.7
8016.0,46.8,24.7
10020.0,47.5,24.7
12024.0,55.7,25.1
14028.0,62.7,25.2
16032.0,69.2,25.5
18036.0,73.9,25.6
20040.0,78.4,25.9
22044.0,81.7,25.9
24048.0,84.8,26.2
26052.0,87.0,26.2
28056.0,89.2,26.5
30060.0,90.6,26.4
32064.0,92.2,26.7
34068.0,93.1,26.6
36072.0,94.2,26.9
38076.0,94.7,26.8
40080.0,95.6,27.1
42084.0,95.7,26.9
44088.0,96.5,27.2
46092.0,96.6,27.1
48096.0,97.1,27.4
50100.0,97.0,27.3
52104.0,97.5,27.5
54108.0,97.3,27.4
56112.0,97.7,27.7
58116.0,97.4,27.5
60120.0,97.8,27.8
62124.0,97.3,27.6
64128.0,97.6,27.9
66132.0,96.6,27.7
68136.0,96.9,27.9
70140.0,95.7,27.8
