Time,Humidity,Temperature
0.0,47.6,24.3
2004.0,47.6,24.3
4008.0,47.7,24.3
6012.0,47.7,24.3
8016.0,47.6,24.3
10020.0,47.6,24.3
12024.0,49.0,24.4
14028.0,56.1,24.5
16032.0,61.6,24.7
18036.0,67.5,24.9
20040.0,72.2,25.1
22044.0,76.8,25.3
24048.0,80.2,25.4
26052.0,83.4,25.6
28056.0,85.7,25.7
30060.0,87.9,25.8
32064.0,89.3,25.7
34068.0,91.0,25.9
36072.0,91.9,25.9
38076.0,93.1,26.0
40080.0,93.7,26.0
42084.0,94.7,26.2
44088.0,95.1,26.2
46092.0,95.8,26.4
48096.0,96.0,26.3
50100.0,96.6,26.5
52104.0,96.7,26.5
54108.0,97.1,26.6
56112.0,97.2,26.5
58116.0,97.5,26.7
60120.0,97.6,26.7
62124.0,97.9,26.8
64128.0,97.9,26.8
66132.0,98.2,26.9
68136.0,98.1,26.9
70140.0,98.4,27.0
