Time,Humidity,Temperature
0.0,47.2,24.4
2004.0,47.2,24.3
4008.0,47.2,24.3
6012.0,47.2,24.3
8016.0,47.2,24.3
10020.0,47.1,24.3
12024.0,50.3,24.3
14028.0,56.8,24.5
16032.0,60.8,24.5
18036.0,66.0,24.6
20040.0,68.8,24.6
22044.0,72.7,24.7
24048.0,75.1,24.7
26052.0,78.1,24.9
28056.0,79.7,24.8
30060.0,81.9,25.0
32064.0,83.0,25.0
34068.0,84.8,25.1
36072.0,85.3,25.1
38076.0,86.7,25.2
40080.0,87.0,25.2
42084.0,88.1,25.3
44088.0,88.2,25.3
46092.0,89.1,25.4
48096.0,89.2,25.4
50100.0,90.0,25.5
52104.0,89.7,25.5
54108.0,90.4,25.6
56112.0,89.8,25.6
58116.0,90.4,25.7
60120.0,89.5,25.7
62124.0,90.1,25.8
64128.0,89.5,25.8
66132.0,90.1,25.9
68136.0,89.4,25.9
70140.0,90.1,26.0
