Time,Humidity,Temperature
0.0,46.7,24.5
2004.0,46.6,24.5
4008.0,46.6,24.4
6012.0,46.6,24.4
8016.0,46.7,24.5
10020.0,47.5,24.4
12024.0,53.0,24.5
14028.0,58.5,24.6
16032.0,62.0,24.7
18036.0,66.2,24.7
20040.0,69.5,24.8
22044.0,73.0,24.9
24048.0,74.9,25.0
26052.0,77.6,25.0
28056.0,78.3,25.1
30060.0,80.3,25.2
32064.0,81.3,25.3
34068.0,83.2,25.4
36072.0,83.4,25.4
38076.0,84.4,25.5
40080.0,84.5,25.6
42084.0,85.5,25.6
44088.0,85.2,25.7
46092.0,86.2,25.8
48096.0,86.5,25.8
50100.0,87.1,25.9
52104.0,87.0,26.0
54108.0,87.4,26.0
56112.0,86.9,26.1
58116.0,87.2,26.2
60120.0,86.7,26.2
62124.0,86.8,26.2
64128.0,86.5,26.3
66132.0,86.4,26.4
68136.0,85.7,26.4
70140.0,86.1,26.5
