Time,Humidity,Temperature
0.0,47.1,24.2
2004.0,47.1,24.2
4008.0,47.0,24.2
6012.0,47.1,24.1
8016.0,47.1,24.2
10020.0,47.3,24.2
12024.0,49.2,24.2
14028.0,54.5,24.3
16032.0,57.2,24.3
18036.0,62.0,24.4
20040.0,64.3,24.5
22044.0,68.2,24.6
24048.0,69.8,24.6
26052.0,72.9,24.7
28056.0,73.8,24.7
30060.0,76.0,24.9
32064.0,76.1,24.9
34068.0,78.0,25.0
36072.0,78.4,25.0
38076.0,79.9,25.2
40080.0,79.6,25.2
42084.0,81.0,25.3
44088.0,80.7,25.3
46092.0,82.1,25.4
48096.0,81.1,25.4
50100.0,82.2,25.5
52104.0,81.8,25.6
54108.0,82.6,25.6
56112.0,81.3,25.7
58116.0,82.4,25.8
60120.0,81.4,25.8
62124.0,82.5,25.9
64128.0,81.7,25.9
66132.0,82.6,26.0
68136.0,81.8,26.0
70140.0,82.5,26.0
