Time,Humidity,Temperature
0.0,47.9,24.6
2004.0,47.9,24.6
4008.0,47.9,24.6
6012.0,47.9,24.5
8016.0,47.9,24.5
10020.0,47.9,24.6
12024.0,51.9,24.7
14028.0,59.8,24.8
16032.0,67.3,25.4
18036.0,72.8,25.5
20040.0,77.7,25.8
22044.0,81.4,25.9
24048.0,84.7,26.1
26052.0,87.1,26.1
28056.0,89.3,26.4
30060.0,90.8,26.4
32064.0,92.4,26.5
34068.0,93.4,26.5
36072.0,94.5,26.7
38076.0,95.1,26.7
40080.0,95.9,26.9
42084.0,96.3,26.8
44088.0,96.8,27.0
46092.0,97.0,26.9
48096.0,97.5,27.1
50100.0,97.5,27.0
52104.0,97.9,27.2
54108.0,97.9,27.1
56112.0,98.2,27.3
58116.0,98.0,27.2
60120.0,98.3,27.4
62124.0,98.1,27.3
64128.0,98.4,27.5
66132.0,97.9,27.3
68136.0,98.1,27.5
70140.0,97.7,27.4
