Time,Humidity,Temperature
0.0,47.4,24.1
2004.0,47.4,24.1
4008.0,47.4,24.1
6012.0,47.4,24.1
8016.0,47.4,24.1
10020.0,47.4,24.0
12024.0,47.7,24.1
14028.0,53.0,24.1
16032.0,55.4,24.1
18036.0,60.0,24.2
20040.0,61.9,24.2
22044.0,65.9,24.3
24048.0,67.1,24.3
26052.0,70.4,24.4
28056.0,70.9,24.4
30060.0,73.6,24.5
32064.0,73.9,24.5
34068.0,76.1,24.6
36072.0,75.6,24.6
38076.0,77.5,24.7
40080.0,77.7,24.7
42084.0,79.3,24.8
44088.0,79.3,24.8
46092.0,80.9,24.9
48096.0,80.8,24.9
50100.0,82.2,25.0
52104.0,81.2,25.0
54108.0,82.4,25.1
56112.0,82.0,25.1
58116.0,83.3,25.2
60120.0,82.8,25.2
62124.0,84.1,25.3
64128.0,83.6,25.3
66132.0,84.7,25.4
68136.0,84.6,25.4
70140.0,85.6,25.5
