Time,Humidity,Temperature
0.0,47.5,24.7
2004.0,47.5,24.7
4008.0,47.5,24.7
6012.0,47.4,24.6
8016.0,47.4,24.6
10020.0,47.9,24.6
12024.0,55.1,24.9
14028.0,61.9,25.0
16032.0,68.6,25.3
18036.0,73.2,25.3
20040.0,77.8,25.6
22044.0,81.0,25.6
24048.0,84.2,25.8
26052.0,86.1,25.7
28056.0,88.5,26.0
30060.0,89.7,25.9
32064.0,91.4,26.1
34068.0,92.3,26.1
36072.0,93.5,26.3
38076.0,94.0,26.3
40080.0,95.0,26.5
42084.0,95.2,26.5
44088.0,96.0,26.6
46092.0,96.1,26.6
48096.0,96.7,26.8
50100.0,96.6,26.7
52104.0,97.1,27.0
54108.0,96.9,26.9
56112.0,97.3,27.1
58116.0,97.0,27.0
60120.0,97.3,27.2
62124.0,96.7,27.1
64128.0,97.0,27.4
66132.0,96.2,27.3
68136.0,96.5,27.5
70140.0,95.3,27.3
