Time,Humidity,Temperature
0.0,47.2,24.5
2004.0,47.2,24.4
4008.0,47.2,24.4
6012.0,47.2,24.4
8016.0,47.1,24.4
10020.0,48.6,24.5
12024.0,53.8,24.5
14028.0,58.9,24.6
16032.0,62.6,24.7
18036.0,67.0,24.8
20040.0,70.2,24.8
22044.0,72.8,24.8
24048.0,75.0,24.9
26052.0,77.6,25.0
28056.0,78.7,25.1
30060.0,80.5,25.2
32064.0,81.0,25.2
34068.0,82.7,25.3
36072.0,82.9,25.3
38076.0,83.9,25.4
40080.0,84.1,25.5
42084.0,84.1,25.5
44088.0,84.0,25.6
46092.0,84.2,25.6
48096.0,84.1,25.7
50100.0,84.0,25.7
52104.0,83.8,25.8
54108.0,84.2,25.8
56112.0,84.1,25.9
58116.0,84.2,25.9
60120.0,83.9,26.0
62124.0,83.9,26.0
64128.0,83.4,26.0
66132.0,83.3,26.0
68136.0,83.0,26.2
70140.0,83.5,26.2
