Time,Humidity,Temperature
0.0,47.5,24.3
2004.0,47.5,24.3
4008.0,47.5,24.3
6012.0,47.5,24.3
8016.0,47.6,24.3
10020.0,47.6,24.2
12024.0,49.3,24.3
14028.0,56.0,24.4
16032.0,60.5,24.5
18036.0,65.7,24.6
20040.0,69.1,24.6
22044.0,72.9,24.7
24048.0,75.4,24.7
26052.0,78.0,24.8
28056.0,79.9,24.9
30060.0,82.1,24.9
32064.0,83.5,25.0
34068.0,85.1,25.1
36072.0,85.6,25.1
38076.0,86.9,25.2
40080.0,87.4,25.3
42084.0,88.5,25.3
44088.0,88.9,25.4
46092.0,89.7,25.4
48096.0,89.8,25.5
50100.0,90.5,25.6
52104.0,90.3,25.6
54108.0,90.8,25.7
56112.0,90.5,25.6
58116.0,90.8,25.7
60120.0,90.4,25.7
62124.0,90.8,25.8
64128.0,90.3,25.8
66132.0,90.7,25.9
68136.0,90.4,25.9
70140.0,90.8,26.0
