Time,Humidity,Temperature
0.0,47.1,24.5
2004.0,47.1,24.5
4008.0,47.0,24.5
6012.0,47.0,24.5
8016.0,47.1,24.5
10020.0,47.9,24.5
12024.0,52.8,24.6
14028.0,57.5,24.6
16032.0,62.5,24.8
18036.0,65.6,24.8
20040.0,69.5,25.0
22044.0,71.4,25.0
24048.0,74.3,25.2
26052.0,75.9,25.2
28056.0,77.9,25.3
30060.0,78.2,25.2
32064.0,79.9,25.4
34068.0,80.0,25.4
36072.0,81.6,25.5
38076.0,81.5,25.5
40080.0,82.5,25.7
42084.0,81.9,25.6
44088.0,82.9,25.8
46092.0,82.0,25.7
48096.0,83.1,25.9
50100.0,82.1,25.9
52104.0,83.1,25.9
54108.0,82.6,26.0
56112.0,83.6,26.1
58116.0,82.8,26.0
60120.0,83.9,26.2
62124.0,82.5,26.1
64128.0,83.6,26.2
66132.0,82.0,26.2
68136.0,82.9,26.3
70140.0,81.4,26.2
