Time,Humidity,Temperature
0.0,47.6,24.4
2004.0,47.5,24.3
4008.0,47.6,24.4
6012.0,47.6,24.3
8016.0,47.6,24.3
10020.0,50.4,24.3
12024.0,57.0,24.5
14028.0,62.8,24.6
16032.0,68.1,24.7
18036.0,72.1,24.7
20040.0,76.0,24.9
22044.0,78.7,24.9
24048.0,81.5,25.0
26052.0,83.4,25.0
28056.0,85.2,25.2
30060.0,86.9,25.2
32064.0,88.4,25.3
34068.0,89.4,25.3
36072.0,90.5,25.4
38076.0,91.2,25.5
40080.0,92.1,25.6
42084.0,92.6,25.6
44088.0,93.3,25.8
46092.0,93.5,25.7
48096.0,94.1,25.8
50100.0,94.2,25.9
52104.0,94.5,26.0
54108.0,94.6,26.0
56112.0,94.9,26.1
58116.0,94.8,26.1
60120.0,94.9,26.2
62124.0,94.6,26.2
64128.0,94.6,26.3
66132.0,93.9,26.3
68136.0,94.2,26.4
70140.0,93.5,26.4
