Time,Humidity,Temperature
0.0,48.0,24.4
2004.0,48.0,24.4
4008.0,47.9,24.4
6012.0,48.0,24.4
8016.0,48.0,24.4
10020.0,51.6,24.4
12024.0,59.0,24.7
14028.0,65.7,24.9
16032.0,71.8,25.1
18036.0,76.0,25.2
20040.0,80.2,25.5
22044.0,83.1,25.5
24048.0,86.1,25.7
26052.0,87.9,25.7
28056.0,90.0,25.9
30060.0,91.3,25.9
32064.0,92.8,26.1
34068.0,93.5,26.1
36072.0,94.6,26.3
38076.0,95.2,26.3
40080.0,96.0,26.5
42084.0,96.2,26.4
44088.0,97.0,26.7
46092.0,97.1,26.6
48096.0,97.7,26.8
50100.0,97.7,26.8
52104.0,98.2,27.0
54108.0,98.1,26.9
56112.0,98.6,27.1
58116.0,98.4,27.0
60120.0,98.8,27.2
62124.0,98.5,27.1
64128.0,98.9,27.3
66132.0,98.7,27.2
68136.0,99.0,27.4
70140.0,98.7,27.3
