Time,Humidity,Temperature
0.0,46.7,24.7
2004.0,46.6,24.7
4008.0,46.6,24.7
6012.0,46.6,24.7
8016.0,46.6,24.7
10020.0,48.7,24.7
12024.0,54.1,24.8
14028.0,58.2,24.8
16032.0,62.6,24.9
18036.0,65.8,25.0
20040.0,69.5,25.1
22044.0,72.1,25.1
24048.0,74.9,25.3
26052.0,76.4,25.3
28056.0,78.6,25.5
30060.0,79.4,25.5
32064.0,81.0,25.6
34068.0,81.3,25.6
36072.0,82.5,25.7
38076.0,82.7,25.8
40080.0,83.8,25.9
42084.0,84.0,25.9
44088.0,84.7,26.0
46092.0,84.5,26.0
48096.0,85.4,26.1
50100.0,85.1,26.1
52104.0,86.1,26.2
54108.0,85.3,26.2
56112.0,85.9,26.3
58116.0,85.6,26.3
60120.0,86.5,26.4
62124.0,85.8,26.4
64128.0,86.2,26.5
66132.0,85.5,26.5
68136.0,86.1,26.6
70140.0,85.7,26.5
