Time,Humidity,Temperature
0.0,47.0,24.6
2004.0,47.0,24.6
4008.0,47.0,24.6
6012.0,47.0,24.6
8016.0,46.9,24.6
10020.0,47.0,24.6
12024.0,48.9,24.7
14028.0,57.8,25.1
16032.0,64.3,25.2
18036.0,70.8,25.6
20040.0,75.5,25.7
22044.0,80.1,26.1
24048.0,83.1,26.1
26052.0,86.1,26.4
28056.0,88.2,26.4
30060.0,90.4,26.7
32064.0,91.8,26.7
34068.0,93.3,27.0
36072.0,94.2,26.9
38076.0,95.2,27.1
40080.0,95.8,27.1
42084.0,96.6,27.3
44088.0,96.9,27.3
46092.0,97.5,27.5
48096.0,97.7,27.4
50100.0,98.2,27.7
52104.0,98.2,27.6
54108.0,98.6,27.8
56112.0,98.6,27.7
58116.0,99.0,27.9
60120.0,98.8,27.8
62124.0,99.2,28.0
64128.0,99.0,27.9
66132.0,99.2,28.1
68136.0,99.0,28.0
70140.0,99.2,28.2
