Time,Humidity,Temperature
0.0,47.1,24.2
2004.0,47.1,24.2
4008.0,47.1,24.2
6012.0,47.1,24.2
8016.0,47.2,24.2
10020.0,47.1,24.2
12024.0,47.5,24.2
14028.0,52.7,24.4
16032.0,55.7,24.4
18036.0,60.4,24.5
20040.0,63.0,24.5
22044.0,66.9,24.7
24048.0,68.0,24.6
26052.0,71.0,24.8
28056.0,71.8,24.8
30060.0,74.2,25.0
32064.0,74.5,24.9
34068.0,76.5,25.1
36072.0,76.8,25.1
38076.0,78.6,25.3
40080.0,78.7,25.2
42084.0,80.3,25.4
44088.0,79.9,25.4
46092.0,80.9,25.5
48096.0,79.8,25.5
50100.0,81.3,25.7
52104.0,80.9,25.6
54108.0,82.1,25.8
56112.0,81.5,25.8
58116.0,82.7,25.9
60120.0,81.8,25.9
62124.0,82.9,26.0
64128.0,82.0,26.0
66132.0,83.0,26.1
68136.0,82.2,26.1
70140.0,83.2,26.2
