Time,Humidity,Temperature
0.0,46.2,24.5
2004.0,46.2,24.5
4008.0,46.2,24.5
6012.0,46.2,24.5
8016.0,46.2,24.5
10020.0,46.3,24.5
12024.0,48.9,24.5
14028.0,54.7,24.6
16032.0,57.5,24.6
18036.0,62.5,24.8
20040.0,65.3,24.8
22044.0,69.5,24.9
24048.0,71.4,24.9
26052.0,75.0,25.1
28056.0,76.2,25.1
30060.0,78.8,25.3
32064.0,79.4,25.2
34068.0,81.5,25.4
36072.0,81.4,25.4
38076.0,83.0,25.6
40080.0,82.5,25.6
42084.0,84.1,25.7
44088.0,83.7,25.7
46092.0,84.9,25.8
48096.0,84.1,25.9
50100.0,85.2,26.0
52104.0,84.5,26.0
54108.0,85.6,26.2
56112.0,84.8,26.2
58116.0,86.0,26.3
60120.0,84.9,26.3
62124.0,85.7,26.5
64128.0,84.4,26.4
66132.0,85.3,26.5
68136.0,84.1,26.6
70140.0,85.1,26.7
