Time,Humidity,Temperature
0.0,47.3,24.2
2004.0,47.3,24.1
4008.0,47.2,24.1
6012.0,47.2,24.1
8016.0,47.2,24.1
10020.0,48.6,24.1
12024.0,51.3,24.2
14028.0,56.3,24.3
16032.0,59.0,24.3
18036.0,63.1,24.3
20040.0,64.9,24.4
22044.0,68.3,24.5
24048.0,69.9,24.5
26052.0,72.2,24.5
28056.0,73.0,24.6
30060.0,75.0,24.7
32064.0,75.1,24.7
34068.0,76.8,24.8
36072.0,77.3,24.8
38076.0,78.4,24.9
40080.0,78.3,24.9
42084.0,78.9,25.0
44088.0,78.5,25.0
46092.0,79.6,25.1
48096.0,79.5,25.2
50100.0,80.4,25.2
52104.0,80.2,25.3
54108.0,81.1,25.3
56112.0,80.6,25.3
58116.0,81.4,25.4
60120.0,80.5,25.4
62124.0,81.1,25.5
64128.0,80.3,25.5
66132.0,80.6,25.6
68136.0,79.8,25.6
70140.0,80.5,25.6
