Time,Humidity,Temperature
0.0,47.9,24.2
2004.0,47.9,24.2
4008.0,47.9,24.2
6012.0,47.9,24.2
8016.0,47.9,24.1
10020.0,48.0,24.1
12024.0,50.2,24.2
14028.0,57.6,24.5
16032.0,62.9,24.6
18036.0,68.6,24.8
20040.0,72.4,24.8
22044.0,76.5,25.1
24048.0,79.3,25.1
26052.0,82.3,25.3
28056.0,84.4,25.3
30060.0,86.5,25.5
32064.0,87.8,25.5
34068.0,89.4,25.6
36072.0,90.4,25.6
38076.0,91.6,25.8
40080.0,92.1,25.8
42084.0,93.0,25.9
44088.0,93.5,25.9
46092.0,94.1,26.1
48096.0,94.3,26.0
50100.0,94.9,26.1
52104.0,95.0,26.1
54108.0,95.4,26.2
56112.0,95.4,26.3
58116.0,95.8,26.4
60120.0,95.8,26.4
62124.0,96.1,26.5
64128.0,95.9,26.4
66132.0,96.1,26.6
68136.0,95.8,26.5
70140.0,95.9,26.6
