Time,Humidity,Temperature
0.0,47.2,24.5
2004.0,47.2,24.5
4008.0,47.2,24.5
6012.0,47.1,24.5
8016.0,47.1,24.5
10020.0,47.1,24.5
12024.0,48.5,24.5
14028.0,55.2,24.6
16032.0,59.8,24.7
18036.0,65.8,24.8
20040.0,70.0,24.9
22044.0,74.1,25.0
24048.0,77.0,25.0
26052.0,79.9,25.1
28056.0,81.7,25.1
30060.0,83.8,25.2
32064.0,85.3,25.3
34068.0,86.8,25.3
36072.0,87.4,25.4
38076.0,88.7,25.5
40080.0,89.3,25.5
42084.0,90.3,25.6
44088.0,90.7,25.7
46092.0,91.5,25.8
48096.0,91.6,25.8
50100.0,92.2,25.9
52104.0,92.1,25.9
54108.0,92.6,26.0
56112.0,92.4,26.0
58116.0,92.8,26.1
60120.0,92.4,26.1
62124.0,92.9,26.2
64128.0,92.4,26.2
66132.0,92.8,26.3
68136.0,92.6,26.3
70140.0,92.9,26.4
