Time,Humidity,Temperature
0.0,46.3,24.5
2004.0,46.3,24.5
4008.0,46.3,24.5
6012.0,46.3,24.5
8016.0,46.3,24.5
10020.0,46.4,24.5
12024.0,47.1,24.5
14028.0,53.0,24.7
16032.0,56.1,24.6
18036.0,60.4,24.8
20040.0,62.7,24.7
22044.0,66.6,24.9
24048.0,68.6,24.9
26052.0,71.5,25.0
28056.0,72.6,25.0
30060.0,75.2,25.2
32064.0,75.3,25.1
34068.0,77.4,25.3
36072.0,77.4,25.3
38076.0,79.1,25.5
40080.0,79.5,25.4
42084.0,81.2,25.6
44088.0,80.4,25.6
46092.0,81.8,25.7
48096.0,80.1,25.6
50100.0,81.3,25.8
52104.0,80.1,25.8
54108.0,81.7,26.0
56112.0,80.9,25.9
58116.0,82.2,26.1
60120.0,81.1,26.0
62124.0,82.2,26.1
64128.0,81.9,26.1
66132.0,83.1,26.3
68136.0,82.1,26.2
70140.0,83.3,26.4
