Time,Humidity,Temperature
0.0,46.8,24.4
2004.0,46.8,24.4
4008.0,46.8,24.4
6012.0,46.8,24.4
8016.0,46.8,24.4
10020.0,47.6,24.4
12024.0,52.0,24.4
14028.0,59.1,24.6
16032.0,64.0,24.7
18036.0,69.3,24.8
20040.0,72.6,24.8
22044.0,76.5,25.0
24048.0,79.3,25.0
26052.0,82.2,25.2
28056.0,84.2,25.1
30060.0,86.3,25.3
32064.0,87.6,25.3
34068.0,89.3,25.4
36072.0,90.2,25.4
38076.0,91.4,25.6
40080.0,92.1,25.5
42084.0,92.9,25.7
44088.0,93.3,25.7
46092.0,94.1,25.8
48096.0,94.4,25.8
50100.0,94.9,25.9
52104.0,95.1,25.9
54108.0,95.5,26.0
56112.0,95.5,26.0
58116.0,95.9,26.1
60120.0,95.8,26.1
62124.0,96.1,26.1
64128.0,95.9,26.1
66132.0,96.1,26.2
68136.0,95.9,26.2
70140.0,96.0,26.3
