Time,Humidity,Temperature
0.0,46.8,24.7
2004.0,46.8,24.7
4008.0,46.8,24.7
6012.0,46.8,24.7
8016.0,47.9,24.7
10020.0,51.8,24.7
12024.0,57.2,24.8
14028.0,60.6,24.8
16032.0,65.4,24.9
18036.0,68.7,24.9
20040.0,72.4,25.1
22044.0,74.8,25.1
24048.0,77.5,25.2
26052.0,78.8,25.2
28056.0,80.9,25.3
30060.0,81.7,25.3
32064.0,83.5,25.5
34068.0,84.3,25.5
36072.0,85.8,25.7
38076.0,86.6,25.7
40080.0,87.6,25.8
42084.0,87.9,25.8
44088.0,88.8,26.0
46092.0,88.4,25.9
48096.0,89.2,26.1
50100.0,88.5,26.1
52104.0,89.2,26.2
54108.0,88.6,26.2
56112.0,89.2,26.4
58116.0,88.5,26.3
60120.0,89.0,26.5
62124.0,88.4,26.5
64128.0,89.1,26.6
66132.0,88.2,26.6
68136.0,88.9,26.7
70140.0,88.0,26.7
