Time,Humidity,Temperature
0.0,46.3,24.6
2004.0,46.3,24.6
4008.0,46.3,24.6
6012.0,46.3,24.6
8016.0,46.4,24.6
10020.0,49.1,24.6
12024.0,54.7,24.8
14028.0,58.5,24.8
16032.0,63.3,25.0
18036.0,65.4,25.0
20040.0,69.3,25.1
22044.0,70.5,25.1
24048.0,73.4,25.3
26052.0,74.0,25.2
28056.0,76.5,25.4
30060.0,76.9,25.4
32064.0,78.9,25.6
34068.0,78.7,25.5
36072.0,80.4,25.7
38076.0,79.8,25.7
40080.0,81.1,25.9
42084.0,80.0,25.8
44088.0,81.3,26.0
46092.0,80.4,26.0
48096.0,81.6,26.1
50100.0,80.5,26.1
52104.0,81.9,26.2
54108.0,80.9,26.2
56112.0,82.2,26.4
58116.0,80.7,26.3
60120.0,82.0,26.5
62124.0,80.3,26.4
64128.0,81.5,26.6
66132.0,79.9,26.5
68136.0,81.2,26.7
70140.0,80.0,26.6
