Time,Humidity,Temperature
0.0,54.0,25.3
2004.0,54.0,25.4
4008.0,53.9,25.3
6012.0,53.9,25.3
8016.0,53.8,25.3
10020.0,53.8,25.3
12024.0,53.8,25.3
14028.0,58.6,25.5
16032.0,64.7,25.6
18036.0,71.3,25.9
20040.0,76.6,26.1
22044.0,81.1,26.3
24048.0,84.6,26.3
26052.0,88.2,26.8
28056.0,90.7,26.8
30060.0,92.6,26.8
32064.0,93.9,26.7
34068.0,95.2,26.8
36072.0,96.0,26.7
38076.0,96.6,26.7
40080.0,97.0,26.7
42084.0,97.3,26.7
44088.0,97.3,26.8
46092.0,97.7,26.9
48096.0,98.0,26.9
50100.0,98.0,26.9
52104.0,97.6,26.9
54108.0,97.2,26.9
56112.0,96.9,26.9
58116.0,97.5,27.1
60120.0,97.8,27.2
62124.0,97.8,27.1
64128.0,97.1,27.1
66132.0,96.8,27.1
68136.0,95.6,27.1
70140.0,94.4,27.0
