Time,Humidity,Temperature
0.0,56.4,21.9
2006.0,56.5,21.9
4010.0,56.5,21.9
6014.0,56.6,21.9
8019.0,56.7,21.9
10025.0,56.8,21.9
12029.0,56.8,21.9
14033.0,62.8,22.7
16039.0,70.9,23.1
18043.0,77.8,23.9
20047.0,82.5,24.1
22053.0,87.2,24.7
24057.0,90.4,24.8
26061.0,93.6,25.4
28066.0,95.9,25.5
30070.0,98.0,25.9
32075.0,99.5,26.0
34080.0,99.9,26.4
36084.0,99.9,26.4
38090.0,99.9,26.7
40094.0,99.9,26.7
42099.0,99.9,26.9
44103.0,99.9,26.9
46107.0,99.9,27.2
48112.0,99.9,27.2
50116.0,99.9,27.5
52121.0,99.9,27.4
54125.0,99.9,27.7
56128.0,99.9,27.7
58133.0,99.9,27.9
60140.0,99.9,27.9
62143.0,99.9,28.0
64147.0,99.9,28.0
66152.0,99.9,28.2
68158.0,99.9,28.1
70162.0,99.9,28.3
