Time,Humidity,Temperature
0.0,56.8,22.4
2004.0,56.7,22.4
4008.0,56.8,22.4
6012.0,56.7,22.4
8017.0,56.6,22.4
10023.0,56.6,22.3
12027.0,56.5,22.4
14031.0,60.7,22.7
16035.0,66.6,23.0
18041.0,73.4,23.6
20045.0,78.2,23.8
22050.0,82.8,24.2
24055.0,86.2,24.4
26059.0,89.5,24.7
28065.0,91.7,24.8
30069.0,94.1,25.1
32075.0,95.7,25.2
34079.0,97.5,25.5
36084.0,98.6,25.6
38089.0,99.9,25.8
40093.0,99.9,25.8
42099.0,99.9,26.0
44103.0,99.9,26.0
46107.0,99.9,26.3
48112.0,99.9,26.3
50116.0,99.9,26.6
52122.0,99.9,26.6
54126.0,99.9,26.8
56132.0,99.9,26.8
58136.0,99.9,27.0
60140.0,99.9,27.0
62145.0,99.9,27.1
64149.0,99.9,27.1
66154.0,99.9,27.3
68158.0,99.9,27.2
70163.0,99.9,27.3
