Time,Humidity,Temperature
0.0,59.1,21.8
2004.0,59.0,21.8
4009.0,58.8,21.8
6015.0,58.7,21.8
8019.0,58.7,21.8
10023.0,58.6,21.8
12027.0,60.2,21.8
14033.0,65.7,22.1
16037.0,71.7,22.3
18041.0,77.0,22.6
20047.0,81.3,22.9
22051.0,85.0,23.2
24055.0,87.9,23.4
26061.0,90.4,23.5
28065.0,92.6,23.8
30068.0,94.4,23.9
32075.0,96.0,24.1
34078.0,97.4,24.3
36082.0,98.5,24.6
38087.0,99.6,24.7
40091.0,99.9,25.0
42096.0,99.9,25.2
44100.0,99.9,25.4
46105.0,99.9,25.6
48109.0,99.9,25.8
50115.0,99.9,26.0
52119.0,99.9,26.1
54123.0,99.9,26.2
56129.0,99.9,26.4
58133.0,99.9,26.5
60137.0,99.9,26.7
62142.0,99.9,26.8
64146.0,99.9,26.9
66151.0,99.9,27.0
68155.0,99.9,27.1
70161.0,99.9,27.2
