Time,Humidity,Temperature
0.0,56.3,22.3
2005.0,56.4,22.3
4010.0,56.4,22.3
6014.0,56.5,22.3
8018.0,56.5,22.3
10024.0,56.5,22.2
12028.0,57.5,22.3
14032.0,64.4,23.0
16038.0,71.4,23.4
18042.0,77.1,23.8
20045.0,81.7,24.2
22050.0,85.7,24.4
24055.0,89.1,24.8
26059.0,92.1,25.1
28065.0,94.4,25.4
30069.0,96.6,25.7
32073.0,98.1,25.9
34079.0,99.5,26.0
36083.0,99.9,26.2
38087.0,99.9,26.3
40092.0,99.9,26.4
42096.0,99.9,26.5
44102.0,99.9,26.6
46106.0,99.9,26.7
48110.0,99.9,26.8
50115.0,99.9,26.9
52119.0,99.9,27.0
54124.0,99.9,27.0
56128.0,99.9,27.1
58133.0,99.9,27.1
60137.0,99.9,27.1
62143.0,99.9,27.2
64147.0,99.9,27.2
66153.0,99.9,27.2
68157.0,99.9,27.3
70161.0,99.9,27.4
