Time,Humidity,Temperature
0.0,54.5,24.9
2004.0,54.5,24.9
4008.0,54.6,24.9
6012.0,54.6,24.9
8016.0,54.6,24.9
10020.0,54.6,24.9
12024.0,54.8,24.9
14028.0,60.6,25.2
16032.0,66.5,25.2
18036.0,72.2,25.5
20040.0,76.8,25.5
22044.0,81.2,25.8
24048.0,84.5,25.9
26052.0,87.3,26.0
28056.0,89.6,26.0
30060.0,92.2,26.6
32064.0,94.1,26.7
34068.0,95.8,26.9
36072.0,96.9,27.0
38076.0,98.1,27.1
40080.0,98.8,27.1
42084.0,99.6,27.1
44088.0,100.0,27.1
46092.0,100.0,27.3
48096.0,100.0,27.4
50100.0,100.0,27.6
52104.0,100.0,27.6
54108.0,100.0,27.8
56112.0,100.0,27.8
58116.0,100.0,27.8
60120.0,100.0,27.7
62124.0,100.0,27.7
64128.0,100.0,27.7
66132.0,100.0,27.7
68136.0,100.0,27.7
