Time,Humidity,Temperature
0.0,54.2,25.6
2004.0,54.3,25.6
4008.0,54.2,25.6
6012.0,54.3,25.5
8016.0,54.3,25.5
10020.0,54.4,25.5
12024.0,54.4,25.5
14028.0,58.1,25.7
16032.0,63.5,25.7
18036.0,69.6,25.9
20040.0,74.4,26.0
22044.0,78.7,26.1
24048.0,82.2,26.1
26052.0,85.0,26.2
28056.0,87.0,26.2
30060.0,88.4,26.2
32064.0,89.2,26.2
34068.0,90.3,26.2
36072.0,91.0,26.3
38076.0,92.1,26.3
40080.0,92.6,26.4
42084.0,93.1,26.4
44088.0,91.8,26.4
46092.0,91.8,26.4
48096.0,91.1,26.4
50100.0,91.9,26.5
52104.0,92.6,26.6
54108.0,93.4,26.7
56112.0,94.0,26.7
58116.0,95.6,27.0
60120.0,96.8,27.2
62124.0,98.3,27.6
64128.0,99.2,27.7
66132.0,100.0,27.9
68136.0,100.0,28.0
70140.0,100.0,28.2
