Time,Humidity,Temperature
0.0,71.2,21.3
2006.0,71.1,21.3
4010.0,71.2,21.3
6014.0,71.2,21.3
8020.0,71.2,21.3
10024.0,71.1,21.3
12028.0,74.4,22.1
14033.0,81.2,22.9
16038.0,86.7,24.3
18042.0,90.8,24.8
20047.0,94.5,25.7
22053.0,97.2,25.9
24057.0,99.6,26.5
26061.0,99.9,26.6
28066.0,99.9,26.9
30070.0,99.9,26.9
32076.0,99.9,27.2
34080.0,99.9,27.2
36084.0,99.9,27.5
38089.0,99.9,27.5
40093.0,99.9,27.8
42098.0,99.9,27.7
44104.0,99.9,28.0
46108.0,99.9,27.9
48112.0,99.9,28.2
50118.0,99.9,28.1
52122.0,99.9,28.3
54126.0,99.9,28.2
56131.0,99.9,28.3
58136.0,99.9,28.2
60140.0,99.9,28.3
62144.0,99.9,28.2
64150.0,99.9,28.3
66154.0,99.9,28.3
68158.0,99.9,28.3
70164.0,99.9,28.3
