Time,Humidity,Temperature
0.0,54.8,24.9
2004.0,54.9,24.9
4008.0,54.8,24.9
6012.0,54.8,24.9
8016.0,54.8,24.9
10020.0,54.8,25.0
12024.0,59.9,25.3
14028.0,66.0,25.4
16032.0,71.7,25.5
18036.0,76.0,25.5
20040.0,80.1,25.7
22044.0,83.8,25.8
24048.0,87.0,26.0
26052.0,89.4,26.1
28056.0,91.6,26.2
30060.0,93.3,26.2
32064.0,94.9,26.4
34068.0,96.3,26.6
36072.0,97.6,26.8
38076.0,98.7,27.0
40080.0,99.7,27.2
42084.0,100.0,27.4
44088.0,100.0,27.5
46092.0,100.0,27.5
48096.0,100.0,27.6
50100.0,100.0,27.5
52104.0,100.0,27.6
54108.0,100.0,27.6
56112.0,100.0,27.9
58116.0,100.0,27.9
60120.0,100.0,28.3
62124.0,100.0,28.4
64128.0,100.0,28.5
66132.0,100.0,28.4
68136.0,100.0,28.4
