Time,Humidity,Temperature
0.0,53.8,25.9
2004.0,54.0,25.9
4008.0,54.1,25.9
6012.0,54.1,25.8
8016.0,54.1,25.8
10020.0,54.1,25.8
12024.0,56.3,25.9
14028.0,64.1,26.3
16032.0,70.7,26.4
18036.0,76.1,26.6
20040.0,80.5,26.6
22044.0,84.4,26.8
24048.0,87.4,26.9
26052.0,89.8,26.9
28056.0,91.7,26.9
30060.0,93.4,27.0
32064.0,94.9,27.2
34068.0,96.4,27.3
36072.0,97.6,27.4
38076.0,98.4,27.5
40080.0,99.0,27.4
42084.0,99.3,27.3
44088.0,99.8,27.4
46092.0,100.0,27.5
48096.0,100.0,27.5
50100.0,100.0,27.4
52104.0,100.0,27.4
54108.0,99.3,27.4
56112.0,97.9,27.4
58116.0,97.1,27.4
60120.0,96.4,27.4
62124.0,96.3,27.4
64128.0,95.4,27.4
66132.0,93.1,27.3
68136.0,91.5,27.3
