Time,Humidity,Temperature
0.0,54.8,22.2
2004.0,54.7,22.2
4008.0,54.7,22.2
6013.0,54.7,22.2
8019.0,54.8,22.2
10023.0,55.1,22.2
12027.0,55.5,22.2
14032.0,59.2,22.4
16038.0,64.7,22.5
18043.0,72.6,23.2
20047.0,78.3,23.6
22052.0,83.9,24.6
24057.0,87.7,24.9
26061.0,91.7,25.7
28065.0,94.4,25.9
30071.0,97.2,26.5
32075.0,99.0,26.6
34079.0,99.9,27.1
36084.0,99.9,27.1
38088.0,99.9,27.5
40093.0,99.9,27.5
42097.0,99.9,27.9
44103.0,99.9,27.9
46107.0,99.9,28.3
48111.0,99.9,28.3
50116.0,99.9,28.5
52121.0,99.9,28.5
54124.0,99.9,28.6
56129.0,99.9,28.6
58135.0,99.9,28.9
60139.0,99.9,28.8
62143.0,99.9,29.1
64149.0,99.9,29.0
66153.0,99.9,29.2
68157.0,99.9,29.2
70162.0,99.9,29.3
