Time,Humidity,Temperature
0.0,54.7,25.5
2004.0,54.7,25.5
4008.0,54.8,25.4
6012.0,54.7,25.4
8016.0,54.7,25.4
10020.0,54.7,25.4
12024.0,54.8,25.4
14028.0,58.9,25.5
16032.0,64.3,25.6
18036.0,70.8,25.9
20040.0,76.1,26.1
22044.0,80.6,26.2
24048.0,84.1,26.2
26052.0,87.2,26.4
28056.0,89.6,26.4
30060.0,91.7,26.6
32064.0,93.4,26.6
34068.0,94.8,26.7
36072.0,95.7,26.6
38076.0,96.9,26.8
40080.0,97.8,26.9
42084.0,98.6,27.0
44088.0,99.2,27.1
46092.0,100.0,27.3
48096.0,100.0,27.4
50100.0,100.0,27.6
52104.0,100.0,27.6
54108.0,100.0,27.7
56112.0,100.0,27.7
58116.0,100.0,27.8
60120.0,100.0,27.8
62124.0,100.0,27.9
64128.0,100.0,27.9
66132.0,100.0,27.9
68136.0,100.0,27.9
