Time,Humidity,Temperature
0.0,56.5,22.6
2004.0,56.6,22.6
4008.0,56.6,22.6
6012.0,56.6,22.6
8017.0,56.6,22.6
10023.0,56.6,22.6
12027.0,58.7,22.7
14031.0,61.8,22.7
16035.0,67.2,23.0
18041.0,72.4,23.2
20045.0,76.9,23.4
22048.0,80.5,23.5
24052.0,83.3,23.5
26057.0,85.3,23.5
28061.0,85.9,23.4
30065.0,84.2,23.3
32071.0,81.9,23.4
34075.0,83.1,23.4
36079.0,85.8,23.9
38085.0,88.2,24.1
40089.0,91.0,24.7
42093.0,92.7,24.8
44098.0,94.9,25.4
46102.0,96.1,25.4
48107.0,97.6,25.9
50113.0,98.5,25.9
52117.0,99.6,26.2
54121.0,99.9,26.2
56126.0,99.9,26.5
58130.0,99.9,26.5
60136.0,99.9,26.8
62140.0,99.9,26.9
64144.0,99.9,27.1
66149.0,99.9,27.1
68153.0,99.9,27.4
70158.0,99.9,27.3
