Time,Humidity,Temperature
0.0,54.5,25.2
2004.0,54.6,25.2
4008.0,54.7,25.2
6012.0,54.8,25.2
8016.0,54.8,25.2
10020.0,54.8,25.2
12024.0,54.8,25.2
14028.0,58.6,25.4
16032.0,65.6,25.6
18036.0,72.1,25.9
20040.0,76.9,26.0
22044.0,80.6,26.0
24048.0,83.5,26.0
26052.0,86.0,26.1
28056.0,88.1,26.1
30060.0,90.4,26.5
32064.0,92.5,26.6
34068.0,94.4,26.8
36072.0,95.7,26.8
38076.0,96.8,26.9
40080.0,97.7,26.9
42084.0,98.4,26.9
44088.0,99.0,26.9
46092.0,99.4,26.9
48096.0,99.6,26.9
50100.0,99.1,26.8
52104.0,97.6,26.8
54108.0,95.4,26.7
56112.0,92.5,26.7
58116.0,93.2,26.8
60120.0,94.4,26.9
62124.0,95.9,27.1
64128.0,96.7,27.1
66132.0,98.0,27.4
68136.0,98.9,27.5
70140.0,100.0,28.0
