Time,Humidity,Temperature
0.0,56.9,21.2
2006.0,56.8,21.2
4010.0,56.9,21.2
6014.0,57.1,21.2
8018.0,57.4,21.2
10023.0,57.8,21.3
12029.0,59.4,21.3
14033.0,66.7,22.4
16036.0,73.6,22.9
18043.0,79.9,23.8
20046.0,84.0,24.1
22050.0,88.6,24.9
24056.0,91.6,25.1
26060.0,94.8,25.7
28064.0,96.6,25.8
30068.0,99.1,26.3
32073.0,99.9,26.4
34077.0,99.9,26.9
36083.0,99.9,26.8
38087.0,99.9,27.1
40093.0,99.9,27.1
42097.0,99.9,27.3
44103.0,99.9,27.2
46107.0,99.9,27.4
48111.0,99.9,27.3
50116.0,99.9,27.6
52120.0,99.9,27.5
54126.0,99.9,27.8
56130.0,99.9,27.8
58134.0,99.9,28.0
60139.0,99.9,27.9
62145.0,99.9,28.1
64149.0,99.9,28.0
66153.0,99.9,28.2
68158.0,99.9,28.0
70163.0,99.9,28.2
