Time,Humidity,Temperature
0.0,56.0,21.6
2004.0,56.0,21.6
4009.0,56.0,21.6
6014.0,56.0,21.6
8019.0,56.3,21.6
10025.0,57.7,21.6
12029.0,62.5,22.1
14033.0,68.5,22.4
16038.0,74.1,22.8
18043.0,78.6,23.0
20047.0,83.4,23.7
22051.0,87.1,24.0
24057.0,90.6,24.7
26061.0,93.3,24.9
28066.0,95.7,25.5
30070.0,97.6,25.6
32074.0,99.4,26.0
34078.0,99.9,26.0
36083.0,99.9,26.4
38087.0,99.9,26.4
40093.0,99.9,26.7
42097.0,99.9,26.6
44102.0,99.9,26.9
46106.0,99.9,26.8
48109.0,99.9,27.1
50114.0,99.9,27.0
52118.0,99.9,27.2
54123.0,99.9,27.2
56127.0,99.9,27.3
58133.0,99.9,27.3
60137.0,99.9,27.3
62141.0,99.9,27.3
64146.0,99.9,27.4
66150.0,99.9,27.3
68155.0,99.9,27.4
70159.0,99.9,27.4
