Time,Humidity,Temperature
0.0,56.6,21.7
2005.0,56.6,21.7
4011.0,56.5,21.7
6015.0,56.4,21.7
8019.0,56.4,21.7
10023.0,56.4,21.7
12029.0,56.4,21.7
14033.0,62.7,22.4
16037.0,70.0,22.7
18041.0,76.5,23.4
20046.0,81.1,23.7
22050.0,85.7,24.3
24056.0,89.0,24.4
26060.0,92.2,25.0
28064.0,94.5,25.0
30069.0,96.6,25.4
32073.0,98.2,25.5
34079.0,99.8,25.8
36083.0,99.9,25.9
38088.0,99.9,26.2
40093.0,99.9,26.3
42097.0,99.9,26.6
44102.0,99.9,26.6
46106.0,99.9,26.9
48112.0,99.9,26.9
50116.0,99.9,27.1
52121.0,99.9,27.1
54125.0,99.9,27.4
56129.0,99.9,27.4
58134.0,99.9,27.5
60138.0,99.9,27.5
62144.0,99.9,27.7
64147.0,99.9,27.6
66152.0,99.9,27.8
68158.0,99.9,27.8
70162.0,99.9,27.9
