Time,Humidity,Temperature
0.0,49.7,22.6
2004.0,49.7,22.6
4009.0,49.7,22.6
6014.0,49.7,22.6
8018.0,49.7,22.6
10022.0,49.7,22.6
12028.0,51.7,22.8
14032.0,58.7,23.2
16036.0,66.6,23.7
18040.0,72.9,24.0
20046.0,78.0,24.3
22050.0,82.1,24.5
24054.0,85.8,24.7
26060.0,88.6,24.8
28064.0,91.2,25.0
30068.0,93.2,25.1
32073.0,95.0,25.3
34077.0,96.5,25.4
36082.0,97.8,25.7
38087.0,98.9,25.7
40091.0,99.9,26.0
42097.0,99.9,26.0
44101.0,99.9,26.3
46105.0,99.9,26.3
48110.0,99.9,26.6
50114.0,99.9,26.7
52119.0,99.9,26.8
54123.0,99.9,26.9
56129.0,99.9,27.0
58133.0,99.9,27.0
60138.0,99.9,27.1
62142.0,99.9,27.1
64146.0,99.9,27.2
66151.0,99.9,27.2
68155.0,99.9,27.3
70160.0,99.9,27.3
