Time,Humidity,Temperature
0.0,55.2,25.2
2004.0,55.2,25.2
4008.0,55.2,25.2
6012.0,55.2,25.2
8016.0,55.2,25.2
10020.0,55.1,25.2
12024.0,57.6,25.4
14028.0,63.7,25.5
16032.0,70.4,25.8
18036.0,75.6,25.9
20040.0,79.9,26.1
22044.0,82.9,26.1
24048.0,85.8,26.2
26052.0,88.2,26.2
28056.0,89.9,26.2
30060.0,90.7,26.2
32064.0,91.0,26.2
34068.0,90.5,26.2
36072.0,90.7,26.2
38076.0,90.3,26.2
40080.0,89.0,26.2
42084.0,88.1,26.2
44088.0,87.9,26.2
46092.0,88.5,26.2
48096.0,90.1,26.5
50100.0,92.2,26.6
52104.0,93.7,26.7
54108.0,94.6,26.7
56112.0,94.9,26.7
58116.0,95.4,26.8
60120.0,95.8,26.8
62124.0,96.1,26.9
64128.0,96.2,26.9
66132.0,95.7,26.9
68136.0,95.5,27.0
