Time,Humidity,Temperature
0.0,58.0,21.5
2004.0,57.7,21.5
4008.0,57.5,21.5
6012.0,57.4,21.5
8018.0,57.4,21.6
10022.0,57.5,21.6
12026.0,58.2,21.6
14030.0,62.8,21.9
16034.0,67.6,22.2
18040.0,72.8,22.6
20044.0,77.1,22.7
22048.0,80.8,23.0
24052.0,83.8,23.1
26056.0,86.5,23.3
28062.0,88.8,23.4
30066.0,90.9,23.5
32070.0,92.5,23.7
34075.0,94.0,23.8
36079.0,95.3,23.9
38085.0,96.5,24.1
40089.0,97.4,24.2
42093.0,98.4,24.3
44098.0,99.1,24.5
46102.0,99.9,24.7
48108.0,99.9,24.7
50112.0,99.9,24.8
52117.0,99.9,24.9
54121.0,99.9,25.0
56125.0,99.9,25.2
58130.0,99.9,25.3
60134.0,99.9,25.5
62139.0,99.9,25.6
64143.0,99.9,25.7
66147.0,99.9,25.8
68152.0,99.9,25.9
70155.0,99.9,26.0
