Time,Humidity,Temperature
0.0,59.1,21.6
2005.0,59.1,21.6
4011.0,59.1,21.6
6015.0,59.1,21.6
8019.0,59.0,21.6
10023.0,59.0,21.6
12029.0,60.1,21.8
14033.0,67.9,22.9
16037.0,74.9,23.4
18043.0,81.0,24.2
20047.0,85.5,24.5
22051.0,89.8,25.1
24055.0,92.7,25.3
26059.0,95.6,25.7
28063.0,97.5,25.9
30068.0,99.7,26.2
32072.0,99.9,26.3
34078.0,99.9,26.5
36082.0,99.9,26.6
38086.0,99.9,26.7
40091.0,99.9,26.7
42095.0,99.9,26.9
44100.0,99.9,26.9
46104.0,99.9,27.1
48109.0,99.9,27.1
50113.0,99.9,27.3
52119.0,99.9,27.4
54123.0,99.9,27.5
56129.0,99.9,27.5
58133.0,99.9,27.6
60138.0,99.9,27.7
62144.0,99.9,27.8
64148.0,99.9,27.8
66152.0,99.9,27.9
68157.0,99.9,27.9
70163.0,99.9,28.0
