Time,Humidity,Temperature
0.0,59.2,22.0
2004.0,59.2,21.9
4008.0,59.2,21.9
6012.0,59.2,21.9
8018.0,59.2,21.9
10022.0,59.2,21.9
12026.0,60.5,22.1
14031.0,65.9,22.5
16036.0,71.9,23.0
18040.0,77.9,23.5
20046.0,82.7,24.0
22050.0,87.1,24.5
24054.0,90.5,24.8
26060.0,93.7,25.2
28064.0,95.9,25.5
30069.0,98.1,25.7
32074.0,99.7,25.9
34078.0,99.9,26.0
36084.0,99.9,26.1
38088.0,99.9,26.3
40092.0,99.9,26.3
42097.0,99.9,26.4
44101.0,99.9,26.4
46107.0,99.9,26.5
48111.0,99.9,26.5
50115.0,99.9,26.6
52120.0,99.9,26.7
54124.0,99.9,26.8
56130.0,99.9,26.9
58134.0,99.9,27.0
60139.0,99.9,27.0
62143.0,99.9,27.1
64147.0,99.9,27.2
66152.0,99.9,27.3
68156.0,99.9,27.3
70161.0,99.9,27.4
