Time,Humidity,Temperature
0.0,53.9,25.5
2004.0,53.9,25.5
4008.0,53.9,25.5
6012.0,53.8,25.5
8016.0,53.7,25.5
10020.0,53.7,25.5
12024.0,53.8,25.5
14028.0,60.4,25.9
16032.0,67.3,26.0
18036.0,73.2,26.2
20040.0,77.9,26.2
22044.0,82.1,26.4
24048.0,85.2,26.4
26052.0,88.2,26.6
28056.0,90.3,26.6
30060.0,91.9,26.6
32064.0,92.6,26.6
34068.0,93.2,26.7
36072.0,90.9,26.6
38076.0,92.7,26.8
40080.0,93.9,26.9
42084.0,95.1,27.0
44088.0,95.0,27.0
46092.0,96.1,27.4
48096.0,97.7,27.7
50100.0,99.3,28.2
52104.0,100.0,28.3
54108.0,100.0,28.5
56112.0,100.0,28.5
58116.0,100.0,28.6
60120.0,100.0,28.6
62124.0,100.0,28.7
64128.0,100.0,28.7
66132.0,100.0,28.8
68136.0,100.0,28.7
70140.0,100.0,28.7
