Time,Humidity,Temperature
0.0,53.1,21.9
2004.0,53.0,21.9
4008.0,53.1,21.9
6012.0,53.2,21.9
8016.0,53.2,21.9
10020.0,53.2,21.9
12024.0,55.1,22.0
14028.0,60.2,22.3
16032.0,64.5,22.4
18036.0,69.3,22.7
20040.0,72.7,22.8
22044.0,76.3,23.1
24048.0,78.8,23.2
26052.0,81.7,23.4
28056.0,83.4,23.5
30060.0,85.6,23.7
32064.0,87.1,23.8
34068.0,88.6,24.0
36072.0,89.5,24.1
38076.0,90.6,24.1
40080.0,91.2,24.3
42084.0,91.9,24.5
44088.0,92.3,24.6
46092.0,92.8,24.7
48096.0,92.9,24.8
50100.0,93.1,25.0
52104.0,92.9,25.0
54108.0,93.0,25.2
56112.0,92.3,25.3
58116.0,92.4,25.4
60120.0,91.8,25.5
62124.0,91.7,25.6
64128.0,90.7,25.7
66132.0,90.9,25.8
68136.0,90.4,25.9
70140.0,90.4,25.9
