Time,Humidity,Temperature
0.0,48.8,24.6
2004.0,48.7,24.6
4008.0,48.8,24.6
6012.0,48.8,24.6
8016.0,48.8,24.6
10020.0,48.8,24.6
12024.0,48.9,24.6
14028.0,55.1,24.9
16032.0,60.0,25.0
18036.0,66.0,25.3
20040.0,69.5,25.4
22044.0,73.4,25.6
24048.0,77.1,25.8
26052.0,80.4,26.0
28056.0,81.5,26.1
30060.0,83.8,26.3
32064.0,84.0,26.3
34068.0,86.1,26.6
36072.0,86.0,26.6
38076.0,87.5,26.8
40080.0,86.6,26.8
42084.0,87.8,27.0
44088.0,86.2,27.0
46092.0,87.6,27.1
48096.0,86.1,27.1
50100.0,87.5,27.4
52104.0,86.1,27.3
54108.0,87.5,27.5
56112.0,85.7,27.5
58116.0,87.1,27.7
60120.0,85.6,27.6
62124.0,87.0,27.8
64128.0,85.3,27.8
66132.0,86.7,27.9
68136.0,84.8,27.9
70140.0,86.3,28.0
