Time,Humidity,Temperature
0.0,47.5,24.6
2004.0,47.5,24.6
4008.0,47.4,24.6
6012.0,47.4,24.6
8016.0,47.4,24.6
10020.0,48.1,24.6
12024.0,52.3,24.7
14028.0,60.6,25.1
16032.0,66.7,25.2
18036.0,72.6,25.5
20040.0,76.7,25.5
22044.0,80.8,25.8
24048.0,83.5,25.7
26052.0,86.4,26.0
28056.0,88.4,26.1
30060.0,90.4,26.3
32064.0,91.7,26.3
34068.0,93.2,26.6
36072.0,94.1,26.6
38076.0,95.2,26.8
40080.0,95.7,26.8
42084.0,96.5,27.0
44088.0,96.8,27.0
46092.0,97.5,27.2
48096.0,97.6,27.2
50100.0,98.2,27.4
52104.0,98.2,27.4
54108.0,98.6,27.6
56112.0,98.6,27.5
58116.0,99.0,27.7
60120.0,98.9,27.7
62124.0,99.3,27.9
64128.0,99.2,27.8
66132.0,99.4,28.0
68136.0,99.2,27.9
70140.0,99.4,28.1
