Time,Humidity,Temperature
0.0,49.2,24.6
2004.0,49.2,24.6
4008.0,49.3,24.6
6012.0,49.2,24.6
8016.0,49.2,24.6
10020.0,49.2,24.6
12024.0,53.0,24.7
14028.0,61.4,25.1
16032.0,67.6,25.2
18036.0,73.4,25.5
20040.0,77.6,25.6
22044.0,81.5,25.7
24048.0,84.4,25.8
26052.0,87.2,26.0
28056.0,89.1,26.1
30060.0,91.0,26.2
32064.0,92.3,26.2
34068.0,93.6,26.3
36072.0,94.4,26.4
38076.0,95.3,26.5
40080.0,95.9,26.5
42084.0,96.5,26.6
44088.0,97.0,26.7
46092.0,97.4,26.7
48096.0,97.8,26.8
50100.0,98.1,26.9
52104.0,98.2,26.8
54108.0,98.6,27.0
56112.0,98.6,27.0
58116.0,98.9,27.1
60120.0,98.9,27.1
62124.0,99.1,27.2
64128.0,99.2,27.1
66132.0,99.4,27.2
68136.0,99.4,27.3
70140.0,99.5,27.3
