Time,Humidity,Temperature
0.0,48.3,24.8
2004.0,48.3,24.8
4008.0,48.4,24.8
6012.0,48.4,24.8
8016.0,48.4,24.8
10020.0,48.4,24.8
12024.0,48.5,24.8
14028.0,54.6,24.9
16032.0,60.7,25.0
18036.0,67.2,25.2
20040.0,71.3,25.2
22044.0,75.9,25.4
24048.0,79.0,25.3
26052.0,82.5,25.6
28056.0,84.8,25.6
30060.0,87.2,25.8
32064.0,88.7,25.8
34068.0,90.5,26.0
36072.0,91.4,25.9
38076.0,92.8,26.1
40080.0,93.5,26.1
42084.0,94.4,26.3
44088.0,94.6,26.2
46092.0,95.4,26.4
48096.0,95.6,26.4
50100.0,96.1,26.5
52104.0,95.9,26.4
54108.0,96.2,26.7
56112.0,95.6,26.6
58116.0,95.8,26.8
60120.0,93.9,26.8
62124.0,94.0,27.0
64128.0,91.4,26.9
66132.0,91.7,27.1
68136.0,88.9,27.0
70140.0,89.6,27.2
