Time,Humidity,Temperature
0.0,48.3,24.2
2004.0,48.2,24.2
4008.0,48.3,24.2
6012.0,48.3,24.2
8016.0,48.2,24.2
10020.0,49.8,24.2
12024.0,53.0,24.2
14028.0,59.1,24.3
16032.0,62.5,24.4
18036.0,68.5,24.6
20040.0,72.4,24.7
22044.0,76.3,24.8
24048.0,78.8,24.9
26052.0,81.6,25.0
28056.0,83.1,25.1
30060.0,85.3,25.2
32064.0,86.3,25.3
34068.0,87.8,25.4
36072.0,88.1,25.4
38076.0,89.4,25.6
40080.0,89.4,25.7
42084.0,90.0,25.8
44088.0,89.3,25.8
46092.0,90.1,25.9
48096.0,89.3,26.0
50100.0,89.8,26.1
52104.0,88.9,26.1
54108.0,89.5,26.3
56112.0,88.3,26.3
58116.0,89.1,26.4
60120.0,88.3,26.5
62124.0,88.4,26.5
64128.0,87.0,26.6
66132.0,87.8,26.6
68136.0,86.9,26.7
70140.0,87.7,26.8
