Time,Humidity,Temperature
0.0,48.6,24.4
2004.0,48.7,24.4
4008.0,48.7,24.4
6012.0,48.6,24.4
8016.0,48.6,24.4
10020.0,48.7,24.4
12024.0,49.2,24.3
14028.0,57.6,24.7
16032.0,64.8,24.9
18036.0,71.2,25.3
20040.0,75.9,25.2
22044.0,80.2,25.6
24048.0,83.4,25.7
26052.0,86.4,25.8
28056.0,88.4,25.9
30060.0,90.6,26.1
32064.0,91.9,26.1
34068.0,93.4,26.3
36072.0,94.2,26.3
38076.0,95.3,26.4
40080.0,95.9,26.4
42084.0,96.8,26.6
44088.0,97.2,26.6
46092.0,97.9,26.8
48096.0,98.1,26.8
50100.0,98.6,26.9
52104.0,98.7,26.9
54108.0,99.2,27.1
56112.0,99.2,27.1
58116.0,99.6,27.2
60120.0,99.6,27.2
62124.0,99.9,27.4
64128.0,99.9,27.3
66132.0,99.9,27.5
68136.0,99.9,27.4
70140.0,99.9,27.6
