Time,Humidity,Temperature
0.0,49.2,24.6
2004.0,49.1,24.5
4008.0,49.1,24.5
6012.0,49.2,24.6
8016.0,49.4,24.5
10020.0,49.5,24.5
12024.0,49.6,24.5
14028.0,56.2,24.7
16032.0,61.8,24.7
18036.0,67.9,24.9
20040.0,71.5,24.9
22044.0,76.1,25.1
24048.0,78.8,25.1
26052.0,82.1,25.3
28056.0,84.1,25.3
30060.0,86.5,25.5
32064.0,88.0,25.5
34068.0,89.8,25.7
36072.0,90.7,25.6
38076.0,92.1,25.8
40080.0,92.6,25.8
42084.0,93.7,26.0
44088.0,94.0,26.0
46092.0,94.8,26.2
48096.0,95.0,26.2
50100.0,95.6,26.4
52104.0,95.6,26.4
54108.0,96.2,26.5
56112.0,96.2,26.6
58116.0,96.6,26.7
60120.0,96.5,26.7
62124.0,96.8,26.9
64128.0,96.5,26.8
66132.0,96.8,27.0
68136.0,96.4,27.0
70140.0,96.6,27.1
