Time,Humidity,Temperature
0.0,47.7,24.9
2004.0,47.7,24.9
4008.0,47.8,24.9
6012.0,47.8,24.9
8016.0,47.7,24.8
10020.0,48.6,24.8
12024.0,54.0,25.0
14028.0,57.4,25.0
16032.0,63.1,25.1
18036.0,67.4,25.2
20040.0,71.9,25.4
22044.0,74.9,25.4
24048.0,78.6,25.6
26052.0,81.0,25.6
28056.0,83.8,25.8
30060.0,85.1,25.8
32064.0,87.2,26.0
34068.0,88.4,26.0
36072.0,90.1,26.2
38076.0,90.7,26.2
40080.0,91.9,26.4
42084.0,92.2,26.4
44088.0,93.1,26.5
46092.0,93.3,26.6
48096.0,94.1,26.8
50100.0,94.0,26.7
52104.0,94.6,26.9
54108.0,94.3,26.9
56112.0,94.6,27.1
58116.0,94.0,27.1
60120.0,94.5,27.2
62124.0,93.7,27.2
64128.0,94.1,27.4
66132.0,92.8,27.3
68136.0,93.3,27.5
70140.0,91.9,27.4
