Time,Humidity,Temperature
0.0,47.9,24.6
2004.0,47.9,24.6
4008.0,47.9,24.6
6012.0,47.9,24.6
8016.0,48.0,24.6
10020.0,48.2,24.6
12024.0,49.4,24.6
14028.0,55.5,24.7
16032.0,59.0,24.8
18036.0,64.9,24.9
20040.0,68.4,25.0
22044.0,72.7,25.1
24048.0,75.0,25.1
26052.0,78.4,25.3
28056.0,80.0,25.3
30060.0,82.6,25.4
32064.0,83.1,25.4
34068.0,85.0,25.6
36072.0,85.0,25.6
38076.0,86.5,25.7
40080.0,86.3,25.8
42084.0,87.5,25.9
44088.0,87.7,25.9
46092.0,88.9,26.1
48096.0,88.9,26.1
50100.0,90.0,26.2
52104.0,89.5,26.2
54108.0,90.4,26.4
56112.0,90.0,26.4
58116.0,90.7,26.5
60120.0,89.5,26.4
62124.0,90.3,26.6
64128.0,89.0,26.6
66132.0,89.8,26.7
68136.0,88.2,26.7
70140.0,88.8,26.8
