Time,Humidity,Temperature
0.0,48.1,24.7
2004.0,48.0,24.7
4008.0,48.1,24.7
6012.0,48.0,24.7
8016.0,48.0,24.7
10020.0,48.1,24.7
12024.0,49.1,24.7
14028.0,57.1,25.0
16032.0,63.4,25.1
18036.0,69.8,25.5
20040.0,73.9,25.5
22044.0,78.3,25.7
24048.0,81.1,25.6
26052.0,84.2,25.9
28056.0,86.1,25.8
30060.0,88.4,26.1
32064.0,89.6,26.0
34068.0,91.2,26.2
36072.0,92.0,26.2
38076.0,93.2,26.4
40080.0,93.7,26.3
42084.0,94.6,26.5
44088.0,94.9,26.5
46092.0,95.7,26.7
48096.0,95.9,26.7
50100.0,96.4,26.8
52104.0,96.3,26.8
54108.0,96.8,26.9
56112.0,96.6,26.9
58116.0,97.0,27.0
60120.0,96.6,26.9
62124.0,96.9,27.1
64128.0,96.5,27.1
66132.0,96.8,27.2
68136.0,96.2,27.1
70140.0,96.5,27.3
