Time,Humidity,Temperature
0.0,48.6,24.3
2004.0,48.7,24.3
4008.0,48.8,24.3
6012.0,48.8,24.3
8016.0,49.0,24.3
10020.0,52.3,24.3
12024.0,57.6,24.4
14028.0,61.3,24.5
16032.0,65.8,24.7
18036.0,68.6,24.8
20040.0,71.6,24.9
22044.0,73.2,25.0
24048.0,75.1,25.2
26052.0,75.9,25.2
28056.0,77.5,25.4
30060.0,77.7,25.4
32064.0,79.4,25.6
34068.0,79.4,25.6
36072.0,80.9,25.8
38076.0,81.2,25.8
40080.0,82.6,26.0
42084.0,81.8,26.0
44088.0,82.3,26.2
46092.0,82.0,26.2
48096.0,83.0,26.4
50100.0,82.1,26.4
52104.0,83.3,26.6
54108.0,82.6,26.6
56112.0,83.2,26.8
58116.0,82.5,26.8
60120.0,83.3,27.0
62124.0,82.3,26.9
64128.0,83.0,27.1
66132.0,81.6,27.1
68136.0,82.6,27.2
70140.0,81.4,27.2
