Time,Humidity,Temperature
0.0,47.8,25.0
2004.0,48.0,25.0
4008.0,48.1,25.0
6012.0,48.1,25.0
8016.0,51.7,25.0
10020.0,56.6,25.0
12024.0,63.3,25.3
14028.0,69.2,25.4
16032.0,74.3,25.6
18036.0,78.3,25.7
20040.0,81.8,25.8
22044.0,84.5,25.9
24048.0,87.0,26.0
26052.0,88.8,26.0
28056.0,90.6,26.2
30060.0,91.8,26.2
32064.0,93.0,26.3
34068.0,93.8,26.3
36072.0,94.7,26.5
38076.0,95.3,26.5
40080.0,96.1,26.7
42084.0,96.4,26.6
44088.0,97.0,26.8
46092.0,97.1,26.8
48096.0,97.6,26.9
50100.0,97.7,26.9
52104.0,98.1,27.1
54108.0,98.2,27.0
56112.0,98.5,27.2
58116.0,98.5,27.2
60120.0,98.8,27.3
62124.0,98.7,27.3
64128.0,98.9,27.4
66132.0,98.9,27.4
68136.0,99.0,27.5
70140.0,98.9,27.5
