Time,Humidity,Temperature
0.0,48.2,25.0
2004.0,48.2,25.0
4008.0,48.1,24.9
6012.0,48.2,24.9
8016.0,48.3,24.9
10020.0,48.8,24.9
12024.0,54.1,25.0
14028.0,58.3,25.1
16032.0,63.1,25.2
18036.0,67.1,25.3
20040.0,71.9,25.5
22044.0,75.5,25.6
24048.0,78.9,25.7
26052.0,81.6,25.8
28056.0,84.2,26.0
30060.0,86.1,26.0
32064.0,88.0,26.2
34068.0,89.3,26.2
36072.0,90.8,26.3
38076.0,91.6,26.4
40080.0,92.6,26.5
42084.0,93.1,26.5
44088.0,93.9,26.7
46092.0,94.0,26.7
48096.0,94.7,26.9
50100.0,94.3,26.8
52104.0,94.4,27.0
54108.0,93.5,27.0
56112.0,93.5,27.1
58116.0,92.2,27.1
60120.0,92.4,27.3
62124.0,90.7,27.2
64128.0,91.6,27.4
66132.0,91.0,27.4
68136.0,92.0,27.6
70140.0,91.1,27.5
