Time,Humidity,Temperature
0.0,48.0,25.0
2004.0,48.0,24.9
4008.0,48.1,24.9
6012.0,48.1,24.9
8016.0,48.1,24.9
10020.0,49.9,24.9
12024.0,55.2,25.0
14028.0,62.4,25.2
16032.0,67.4,25.3
18036.0,72.7,25.5
20040.0,76.5,25.5
22044.0,80.3,25.6
24048.0,82.6,25.6
26052.0,85.2,25.8
28056.0,87.0,25.8
30060.0,88.8,25.9
32064.0,89.9,26.0
34068.0,91.3,26.1
36072.0,92.0,26.1
38076.0,92.9,26.2
40080.0,93.3,26.2
42084.0,94.1,26.4
44088.0,94.3,26.4
46092.0,94.8,26.5
48096.0,94.7,26.4
50100.0,95.0,26.6
52104.0,94.9,26.6
54108.0,95.1,26.7
56112.0,94.9,26.7
58116.0,95.0,26.8
60120.0,94.2,26.8
62124.0,94.5,26.9
64128.0,93.7,26.9
66132.0,93.8,26.9
68136.0,92.2,26.9
70140.0,92.8,27.1
