Time,Humidity,Temperature
0.0,50.2,23.3
2004.0,50.2,23.3
4008.0,50.3,23.3
6012.0,50.2,23.3
8016.0,50.3,23.3
10020.0,50.5,23.3
12024.0,55.3,23.5
14028.0,61.7,23.6
16032.0,67.2,23.8
18036.0,71.6,23.9
20040.0,75.7,24.1
22044.0,78.8,24.1
24048.0,81.9,24.4
26052.0,84.1,24.4
28056.0,86.3,24.6
30060.0,87.8,24.6
32064.0,89.6,24.9
34068.0,90.7,24.9
36072.0,92.1,25.2
38076.0,92.7,25.2
40080.0,93.8,25.4
42084.0,94.3,25.4
44088.0,95.1,25.6
46092.0,95.3,25.6
48096.0,96.0,25.8
50100.0,96.2,25.8
52104.0,96.7,25.9
54108.0,96.7,25.9
56112.0,97.1,26.1
58116.0,97.0,26.1
60120.0,97.4,26.3
62124.0,97.3,26.2
64128.0,97.6,26.4
66132.0,97.6,26.4
68136.0,97.8,26.5
70140.0,97.6,26.5
