Time,Humidity,Temperature
0.0,48.1,24.9
2004.0,48.2,24.9
4008.0,48.2,24.8
6012.0,48.3,24.9
8016.0,48.4,24.8
10020.0,48.5,24.8
12024.0,49.2,24.8
14028.0,54.2,25.0
16032.0,56.3,25.0
18036.0,61.9,25.1
20040.0,64.3,25.2
22044.0,67.8,25.2
24048.0,69.4,25.3
26052.0,72.4,25.4
28056.0,72.9,25.5
30060.0,75.4,25.6
32064.0,75.7,25.7
34068.0,77.9,25.8
36072.0,77.9,25.9
38076.0,79.2,26.0
40080.0,79.4,26.1
42084.0,80.1,26.1
44088.0,80.1,26.3
46092.0,80.5,26.3
48096.0,80.4,26.4
50100.0,81.5,26.5
52104.0,81.4,26.6
54108.0,82.2,26.7
56112.0,81.5,26.7
58116.0,82.3,26.8
60120.0,81.5,26.9
62124.0,82.1,27.0
64128.0,81.1,27.0
66132.0,81.4,27.1
68136.0,80.6,27.1
70140.0,81.0,27.2
