Time,Humidity,Temperature
0.0,47.7,25.1
2004.0,47.8,25.1
4008.0,47.8,25.1
6012.0,47.7,25.1
8016.0,47.7,25.1
10020.0,47.7,25.0
12024.0,47.7,25.0
14028.0,52.8,25.2
16032.0,55.4,25.2
18036.0,60.9,25.4
20040.0,63.0,25.4
22044.0,67.4,25.6
24048.0,68.9,25.6
26052.0,72.8,25.8
28056.0,73.2,25.8
30060.0,76.3,26.0
32064.0,76.3,26.0
34068.0,78.8,26.2
36072.0,78.3,26.2
38076.0,80.5,26.4
40080.0,79.4,26.4
42084.0,81.5,26.6
44088.0,80.4,26.6
46092.0,82.3,26.7
48096.0,80.8,26.7
50100.0,82.6,26.9
52104.0,81.3,26.9
54108.0,82.9,27.0
56112.0,81.3,27.0
58116.0,83.0,27.2
60120.0,81.5,27.2
62124.0,83.1,27.3
64128.0,81.4,27.3
66132.0,83.1,27.5
68136.0,81.1,27.4
70140.0,82.6,27.6
