Time,Humidity,Temperature
0.0,47.8,24.8
2004.0,47.8,24.8
4008.0,47.9,24.8
6012.0,48.0,24.8
8016.0,48.1,24.8
10020.0,48.1,24.7
12024.0,49.3,24.8
14028.0,57.3,25.0
16032.0,63.3,25.1
18036.0,69.4,25.3
20040.0,73.5,25.3
22044.0,78.0,25.5
24048.0,80.8,25.5
26052.0,83.9,25.6
28056.0,85.9,25.6
30060.0,88.1,25.8
32064.0,89.4,25.8
34068.0,91.0,26.0
36072.0,91.8,26.0
38076.0,93.1,26.1
40080.0,93.6,26.1
42084.0,94.7,26.3
44088.0,94.9,26.3
46092.0,95.8,26.5
48096.0,95.9,26.4
50100.0,96.6,26.6
52104.0,96.6,26.6
54108.0,97.3,26.8
56112.0,97.2,26.7
58116.0,97.8,27.0
60120.0,97.7,26.9
62124.0,98.2,27.1
64128.0,98.1,27.0
66132.0,98.5,27.2
68136.0,98.3,27.1
70140.0,98.6,27.2
