Time,Humidity,Temperature
0.0,48.2,24.7
2004.0,48.2,24.6
4008.0,48.2,24.6
6012.0,48.3,24.6
8016.0,48.2,24.6
10020.0,48.2,24.6
12024.0,49.5,24.6
14028.0,55.9,24.9
16032.0,60.0,24.9
18036.0,66.2,25.2
20040.0,69.2,25.3
22044.0,73.4,25.5
24048.0,75.0,25.5
26052.0,78.3,25.8
28056.0,78.9,25.8
30060.0,81.5,26.0
32064.0,80.9,26.0
34068.0,83.2,26.2
36072.0,82.5,26.2
38076.0,84.5,26.4
40080.0,83.6,26.4
42084.0,85.6,26.6
44088.0,84.9,26.7
46092.0,86.5,26.8
48096.0,85.5,26.8
50100.0,86.8,27.0
52104.0,85.9,27.0
54108.0,87.3,27.2
56112.0,86.0,27.2
58116.0,87.7,27.4
60120.0,87.2,27.4
62124.0,87.9,27.5
64128.0,86.3,27.5
66132.0,86.8,27.6
68136.0,85.2,27.6
70140.0,85.0,27.6
