Time,Humidity,Temperature
0.0,49.0,24.6
2004.0,48.9,24.6
4008.0,48.9,24.6
6012.0,48.9,24.6
8016.0,48.8,24.5
10020.0,48.9,24.5
12024.0,53.9,24.7
14028.0,60.3,24.8
16032.0,66.4,25.2
18036.0,71.2,25.2
20040.0,76.0,25.6
22044.0,79.3,25.5
24048.0,82.7,25.8
26052.0,85.0,25.8
28056.0,87.3,26.0
30060.0,88.8,26.0
32064.0,90.6,26.2
34068.0,91.6,26.1
36072.0,92.9,26.3
38076.0,93.6,26.3
40080.0,94.5,26.5
42084.0,94.9,26.5
44088.0,95.7,26.7
46092.0,95.9,26.6
48096.0,96.4,26.8
50100.0,96.6,26.7
52104.0,97.0,26.9
54108.0,96.9,26.8
56112.0,97.3,27.0
58116.0,97.2,27.0
60120.0,97.5,27.1
62124.0,97.3,27.0
64128.0,97.6,27.1
66132.0,97.1,27.0
68136.0,97.1,27.1
70140.0,96.5,27.0
