Time,Humidity,Temperature
0,48.7,29.9
2000,48.7,30.1
4000,49.0,30.0
6000,48.8,29.9
8000,49.3,30.1
10000,49.0,29.9
12000,49.7,30.1
14000,53.7,30.1
16000,61.7,30.6
18000,67.6,30.8
20000,73.7,31.1
22000,76.8,31.1
24000,80.9,31.3
26000,84.4,31.6
28000,86.0,31.7
30000,88.4,32.0
32000,89.9,32.1
34000,92.0,32.5
36000,92.6,32.5
38000,93.9,32.7
40000,95.0,32.8
42000,95.8,33.0
44000,96.1,33.1
46000,96.7,33.0
48000,97.7,33.5
50000,97.5,33.4
52000,97.8,33.5
54000,98.1,33.4
56000,98.0,33.7
58000,98.3,33.8
60000,98.3,33.8
62000,98.8,34.0
64000,99.1,34.1
66000,99.3,34.3
68000,99.7,34.1
70000,99.3,34.3
