Time,Humidity,Temperature
0,52.8,26.7
2000,52.7,26.6
4000,53.0,26.7
6000,52.0,26.6
8000,52.2,26.6
10000,52.3,26.7
12000,52.9,26.7
14000,57.1,26.8
16000,66.4,27.2
18000,73.9,27.5
20000,79.6,27.7
22000,83.4,28.0
24000,87.2,28.1
26000,90.5,28.4
28000,92.0,28.6
30000,94.8,28.7
32000,95.1,28.8
34000,97.2,28.9
36000,99.3,29.3
38000,99.9,29.3
40000,99.9,29.6
42000,99.9,29.5
44000,99.9,29.7
46000,99.9,29.9
48000,99.9,30.0
50000,99.9,30.1
52000,99.9,30.2
54000,99.9,30.3
56000,99.9,30.4
58000,99.9,30.4
60000,99.9,30.5
62000,99.9,30.5
64000,99.9,30.7
66000,99.9,30.7
68000,99.9,30.8
70000,99.9,30.9
