Time,Humidity,Temperature
0,50.2,25.8
2000,50.1,25.8
4000,50.3,25.9
6000,50.4,25.8
8000,50.2,25.8
10000,50.4,25.8
12000,49.9,25.8
14000,54.8,26.0
16000,61.6,26.2
18000,68.1,26.5
20000,73.0,26.7
22000,77.4,26.9
24000,80.1,27.1
26000,83.0,27.2
28000,84.6,27.3
30000,86.5,27.5
32000,88.0,27.7
34000,89.0,27.8
36000,90.1,27.9
38000,90.8,27.9
40000,92.1,28.1
42000,92.0,28.2
44000,92.9,28.3
46000,92.8,28.4
48000,93.1,28.6
50000,93.7,28.7
52000,94.0,28.8
54000,94.1,28.8
56000,94.0,28.7
58000,94.5,28.9
60000,94.3,29.1
62000,94.6,29.0
64000,94.7,29.0
66000,94.6,29.1
68000,94.8,29.2
70000,95.1,29.1
