Time,Humidity,Temperature
0,46.5,28.0
2000,46.6,28.0
4000,46.8,28.0
6000,46.5,27.9
8000,46.6,28.0
10000,46.9,28.0
12000,46.9,28.1
14000,51.7,28.0
16000,58.7,28.5
18000,66.7,28.7
20000,71.4,28.9
22000,75.7,28.9
24000,79.5,29.2
26000,82.1,29.3
28000,84.8,29.6
30000,86.7,29.6
32000,89.3,29.8
34000,90.9,29.9
36000,92.2,30.0
38000,92.8,30.3
40000,94.5,30.3
42000,94.6,30.5
44000,95.2,30.6
46000,96.1,30.7
48000,96.3,30.9
50000,96.3,30.8
52000,96.7,31.0
54000,96.8,31.1
56000,97.9,31.2
58000,98.0,31.3
60000,97.7,31.3
62000,98.0,31.3
64000,98.1,31.4
66000,98.3,31.5
68000,98.7,31.5
70000,99.2,31.7
