Time,Humidity,Temperature
0,52.0,27.6
2000,52.3,27.5
4000,52.1,27.6
6000,52.1,27.6
8000,51.9,27.6
10000,51.7,27.5
12000,52.7,27.5
14000,58.8,27.7
16000,64.1,28.0
18000,72.1,28.3
20000,76.3,28.5
22000,80.9,28.6
24000,84.4,28.7
26000,87.3,28.9
28000,89.4,29.2
30000,91.3,29.3
32000,93.8,29.4
34000,95.1,29.5
36000,97.2,29.7
38000,97.9,29.7
40000,99.1,30.0
42000,99.9,30.0
44000,99.9,30.1
46000,99.9,30.2
48000,99.9,30.2
50000,99.9,30.4
52000,99.9,30.5
54000,99.9,30.6
56000,99.9,30.6
58000,99.9,30.7
60000,99.9,30.7
62000,99.9,30.8
64000,99.9,30.8
66000,99.9,31.0
68000,99.9,31.1
70000,99.9,31.1
