Time,Humidity,Temperature
0,56.6,23.8
2000,57.4,23.8
4000,57.8,23.8
6000,57.3,23.7
8000,57.3,23.8
10000,57.5,23.7
12000,57.1,23.6
14000,60.5,23.8
16000,66.6,24.2
18000,73.0,24.5
20000,77.4,24.8
22000,80.8,25.0
24000,84.1,25.2
26000,86.1,25.4
28000,88.9,25.5
30000,90.7,25.9
32000,93.3,26.1
34000,93.5,26.1
36000,95.6,26.4
38000,96.8,26.5
40000,97.9,26.6
42000,97.3,26.6
44000,98.2,26.7
46000,98.4,26.9
48000,99.1,26.9
50000,99.7,27.2
52000,99.7,27.2
54000,99.8,27.4
56000,99.9,27.3
58000,99.6,27.5
60000,99.9,27.5
62000,99.9,27.6
64000,99.9,27.7
66000,99.9,27.9
68000,99.9,27.8
70000,99.9,28.0
