Time,Humidity,Temperature
0,47.2,28.2
2000,47.5,28.2
4000,48.0,28.3
6000,47.8,28.3
8000,47.8,28.2
10000,46.8,28.2
12000,48.2,28.2
14000,52.6,28.5
16000,59.5,28.8
18000,65.5,29.0
20000,71.2,29.3
22000,74.3,29.4
24000,79.0,29.7
26000,80.9,29.8
28000,84.7,30.1
30000,86.1,30.2
32000,88.4,30.4
34000,90.0,30.5
36000,91.5,30.7
38000,92.8,30.9
40000,94.0,30.9
42000,95.4,31.1
44000,95.3,31.1
46000,96.1,31.1
48000,96.7,31.3
50000,97.6,31.4
52000,97.4,31.6
54000,97.1,31.5
56000,98.2,31.8
58000,98.7,31.8
60000,99.1,31.9
62000,99.5,31.9
64000,99.3,32.0
66000,99.6,32.0
68000,99.9,32.1
70000,99.9,32.4
