Time,Humidity,Temperature
0,54.6,26.6
2000,54.6,26.6
4000,55.1,26.6
6000,55.1,26.7
8000,54.7,26.6
10000,54.5,26.6
12000,54.9,26.6
14000,59.3,26.8
16000,65.3,27.0
18000,71.8,27.3
20000,74.8,27.4
22000,79.4,27.8
24000,81.8,28.0
26000,84.6,28.1
28000,86.3,28.1
30000,88.7,28.5
32000,89.3,28.5
34000,91.4,28.7
36000,92.1,28.7
38000,93.2,29.1
40000,94.1,29.1
42000,94.6,29.3
44000,95.2,29.3
46000,95.8,29.5
48000,96.4,29.6
50000,96.3,29.6
52000,97.0,29.8
54000,96.9,29.8
56000,97.0,29.9
58000,97.6,29.9
60000,97.7,30.1
62000,97.3,30.2
64000,97.5,30.2
66000,97.6,30.3
68000,98.2,30.4
70000,98.4,30.5
