Time,Humidity,Temperature
0,48.9,28.0
2000,49.5,28.0
4000,49.8,28.0
6000,48.8,28.0
8000,48.9,28.0
10000,49.5,28.1
12000,49.5,28.2
14000,53.2,28.2
16000,59.9,28.4
18000,66.5,28.8
20000,71.9,29.0
22000,76.6,29.3
24000,79.5,29.4
26000,81.9,29.6
28000,85.0,29.5
30000,86.4,29.8
32000,88.2,30.1
34000,88.8,30.2
36000,90.9,30.2
38000,92.5,30.3
40000,93.1,30.7
42000,93.3,30.7
44000,94.4,30.9
46000,95.3,31.0
48000,95.5,31.2
50000,96.1,31.3
52000,96.3,31.2
54000,96.0,31.3
56000,96.1,31.5
58000,96.9,31.6
60000,97.0,31.6
62000,97.0,31.6
64000,97.2,31.7
66000,97.2,31.9
68000,97.7,31.9
70000,98.2,32.0
