Time,Humidity,Temperature
0,58.9,28.0
2000,58.6,28.0
4000,58.8,28.0
6000,58.9,28.1
8000,58.5,28.1
10000,58.7,28.0
12000,58.5,28.0
14000,64.2,28.1
16000,71.6,28.5
18000,80.0,28.6
20000,84.6,28.8
22000,88.5,29.1
24000,93.3,29.3
26000,95.0,29.2
28000,98.0,29.6
30000,99.9,29.7
32000,99.9,29.7
34000,99.9,29.9
36000,99.9,30.1
38000,99.9,30.3
40000,99.9,30.4
42000,99.9,30.6
44000,99.9,30.6
46000,99.9,30.6
48000,99.9,30.8
50000,99.9,30.8
52000,99.9,30.9
54000,99.9,31.0
56000,99.9,31.0
58000,99.9,31.3
60000,99.9,31.1
62000,99.9,31.3
64000,99.9,31.2
66000,99.9,31.3
68000,99.9,31.5
70000,99.9,31.6
