Time,Humidity,Temperature
0,51.9,27.8
2000,52.3,27.8
4000,51.9,27.6
6000,52.1,27.7
8000,52.0,27.7
10000,52.0,27.7
12000,52.0,27.6
14000,56.3,27.9
16000,62.8,28.2
18000,68.2,28.4
20000,73.8,28.7
22000,76.7,28.8
24000,81.5,29.2
26000,83.6,29.2
28000,86.4,29.4
30000,88.0,29.6
32000,90.3,29.9
34000,91.7,30.1
36000,92.7,30.0
38000,94.2,30.2
40000,94.7,30.2
42000,96.2,30.5
44000,97.0,30.5
46000,97.5,30.6
48000,97.5,30.7
50000,98.1,30.8
52000,98.7,31.1
54000,98.8,31.0
56000,99.3,31.2
58000,99.4,31.3
60000,99.9,31.2
62000,99.9,31.4
64000,99.5,31.4
66000,99.9,31.6
68000,99.9,31.6
70000,99.9,31.8
