Time,Humidity,Temperature
0,47.8,24.6
2000,47.3,24.6
4000,47.6,24.5
6000,47.5,24.6
8000,47.5,24.5
10000,47.5,24.6
12000,47.7,24.6
14000,53.1,24.7
16000,59.8,25.0
18000,69.2,25.5
20000,73.8,25.6
22000,78.1,26.0
24000,81.1,26.1
26000,83.9,26.3
28000,86.1,26.5
30000,87.8,26.8
32000,89.4,26.9
34000,90.5,27.1
36000,91.4,27.3
38000,91.5,27.3
40000,93.0,27.6
42000,93.2,27.6
44000,93.4,27.8
46000,93.4,27.8
48000,94.3,28.0
50000,94.3,28.1
52000,94.4,28.2
54000,95.0,28.3
56000,95.0,28.4
58000,94.3,28.4
60000,94.8,28.6
62000,94.8,28.5
64000,95.1,28.7
66000,94.8,28.7
68000,95.5,29.0
70000,95.6,28.8
