Time,Humidity,Temperature
0,53.8,25.3
2000,53.5,25.2
4000,54.4,25.2
6000,53.8,25.2
8000,53.7,25.2
10000,54.3,25.2
12000,53.7,25.2
14000,57.2,25.4
16000,64.9,25.5
18000,73.3,25.9
20000,77.8,26.1
22000,82.6,26.3
24000,86.4,26.4
26000,88.8,26.7
28000,91.1,26.9
30000,92.2,27.1
32000,94.1,27.1
34000,95.6,27.3
36000,95.9,27.5
38000,96.6,27.5
40000,96.1,27.5
42000,97.0,27.9
44000,97.5,27.8
46000,98.1,28.1
48000,98.4,28.0
50000,99.1,28.2
52000,97.7,28.3
54000,99.0,28.4
56000,98.6,28.4
58000,99.1,28.4
60000,99.2,28.6
62000,98.8,28.7
64000,99.0,28.7
66000,99.1,28.9
68000,99.5,28.8
70000,99.3,28.9
