Time,Humidity,Temperature
0,49.9,26.6
2000,49.6,26.7
4000,49.7,26.7
6000,49.1,26.7
8000,49.3,26.7
10000,49.8,26.7
12000,50.1,26.7
14000,52.8,26.7
16000,60.6,27.0
18000,67.0,27.3
20000,73.4,27.5
22000,78.3,27.7
24000,83.2,28.0
26000,86.6,28.0
28000,88.9,28.4
30000,91.2,28.4
32000,92.8,28.5
34000,95.0,28.9
36000,96.2,29.0
38000,96.4,29.1
40000,97.9,29.3
42000,98.5,29.4
44000,98.4,29.5
46000,99.1,29.7
48000,99.8,29.8
50000,99.9,29.8
52000,99.9,29.8
54000,99.9,29.9
56000,99.9,30.1
58000,99.9,30.1
60000,99.9,30.2
62000,99.9,30.3
64000,99.9,30.4
66000,99.9,30.3
68000,99.9,30.5
70000,99.9,30.7
