Time,Humidity,Temperature
0,49.2,28.8
2000,49.0,28.8
4000,49.2,28.8
6000,48.9,28.8
8000,49.5,28.8
10000,49.1,28.8
12000,49.8,28.8
14000,55.1,28.9
16000,62.7,29.3
18000,69.1,29.7
20000,73.7,29.8
22000,78.0,30.0
24000,81.1,30.1
26000,84.4,30.4
28000,85.8,30.5
30000,89.0,30.7
32000,90.6,30.9
34000,92.4,31.1
36000,93.9,31.3
38000,95.1,31.3
40000,95.9,31.4
42000,96.5,31.6
44000,97.5,31.8
46000,98.1,31.8
48000,98.7,31.9
50000,98.7,32.0
52000,99.2,32.2
54000,99.4,32.2
56000,99.8,32.4
58000,99.9,32.4
60000,99.9,32.6
62000,99.9,32.6
64000,99.9,32.7
66000,99.9,32.7
68000,99.9,32.9
70000,99.9,32.9
