Time,Humidity,Temperature
0,51.8,25.2
2000,51.7,25.3
4000,52.2,25.1
6000,52.2,25.2
8000,52.5,25.2
10000,52.1,25.3
12000,52.6,25.2
14000,57.6,25.3
16000,63.0,25.5
18000,71.5,25.9
20000,77.0,26.1
22000,81.2,26.3
24000,84.7,26.4
26000,87.0,26.6
28000,90.3,26.8
30000,92.8,26.9
32000,95.2,27.2
34000,96.2,27.1
36000,97.2,27.3
38000,98.2,27.4
40000,99.9,27.6
42000,99.9,27.7
44000,99.9,27.8
46000,99.9,27.8
48000,99.9,28.0
50000,99.9,27.9
52000,99.9,28.1
54000,99.9,28.2
56000,99.9,28.2
58000,99.9,28.3
60000,99.9,28.5
62000,99.9,28.4
64000,99.9,28.6
66000,99.9,28.7
68000,99.9,28.9
70000,99.9,28.9
