Time,Humidity,Temperature
0,50.0,22.2
2000,50.1,22.1
4000,49.2,22.3
6000,50.4,22.2
8000,50.5,22.2
10000,50.2,22.1
12000,50.6,22.3
14000,55.8,21.9
16000,62.4,22.0
18000,69.1,22.0
20000,73.3,22.3
22000,77.7,22.4
24000,80.1,22.5
26000,83.2,22.8
28000,84.4,22.5
30000,86.3,22.8
32000,89.0,22.7
34000,89.5,22.9
36000,90.5,22.9
38000,90.8,22.9
40000,92.3,22.9
42000,92.3,22.8
44000,93.2,22.8
46000,93.2,23.1
48000,93.6,23.3
50000,94.1,23.0
52000,94.7,23.1
54000,93.9,23.0
56000,95.0,23.2
58000,95.2,23.1
60000,95.0,23.2
62000,94.6,23.1
64000,94.9,23.4
66000,94.3,23.4
68000,95.6,23.5
70000,94.6,23.5
