Time,Humidity,Temperature
0,42.9,18.3
2000,43.5,18.2
4000,43.1,18.0
6000,43.1,18.4
8000,43.5,18.4
10000,43.0,18.6
12000,42.5,18.4
14000,44.4,18.2
16000,49.7,18.4
18000,55.8,18.3
20000,61.5,18.6
22000,67.3,18.7
24000,70.4,18.9
26000,72.8,18.6
28000,75.4,18.8
30000,77.5,18.9
32000,79.9,18.9
34000,80.3,18.7
36000,82.4,18.7
38000,82.9,18.9
40000,83.8,18.9
42000,84.5,18.7
44000,84.8,18.8
46000,84.9,19.0
48000,85.2,18.6
50000,86.8,19.0
52000,86.5,19.0
54000,87.0,18.9
56000,87.9,19.0
58000,87.3,19.2
60000,88.2,19.2
62000,87.4,19.0
64000,88.1,18.9
66000,88.0,19.3
68000,87.9,19.3
70000,88.8,19.4
