Time,Humidity,Temperature
0,38.4,27.1
2000,38.1,27.2
4000,37.8,27.2
6000,38.0,26.9
8000,39.2,27.0
10000,38.4,27.0
12000,37.8,27.1
14000,41.5,26.9
16000,47.2,27.1
18000,51.8,27.1
20000,55.5,27.3
22000,58.2,27.3
24000,62.3,27.5
26000,64.1,27.5
28000,67.3,27.5
30000,67.6,27.7
32000,70.6,27.5
34000,70.9,27.7
36000,73.5,27.8
38000,75.3,27.9
40000,75.0,28.1
42000,76.0,27.8
44000,77.2,27.9
46000,77.5,28.0
48000,78.8,27.9
50000,78.6,28.1
52000,79.6,28.1
54000,79.8,28.0
56000,79.7,28.0
58000,80.0,28.0
60000,80.0,28.2
62000,80.2,28.2
64000,80.9,28.4
66000,80.1,28.4
68000,82.1,28.3
70000,81.3,28.4
