Time,Humidity,Temperature
0,38.2,24.9
2000,38.2,25.2
4000,37.9,24.7
6000,38.4,25.1
8000,37.5,25.0
10000,37.8,25.0
12000,37.8,24.6
14000,40.1,24.9
16000,45.0,24.9
18000,53.9,25.3
20000,59.2,25.2
22000,64.7,25.1
24000,67.6,25.4
26000,71.3,25.6
28000,74.4,25.6
30000,77.4,25.6
32000,79.1,25.8
34000,80.5,25.6
36000,82.7,25.8
38000,84.0,25.9
40000,85.5,25.9
42000,86.3,25.9
44000,87.1,25.8
46000,88.1,25.9
48000,88.6,26.2
50000,89.1,26.0
52000,89.6,26.1
54000,89.6,26.2
56000,91.3,26.0
58000,90.9,26.1
60000,91.5,26.0
62000,91.3,26.6
64000,91.7,26.2
66000,91.8,26.4
68000,92.6,26.7
70000,92.7,26.2
