Time,Humidity,Temperature
0,44.9,25.9
2000,44.9,25.6
4000,45.0,25.8
6000,44.3,25.7
8000,44.3,26.0
10000,45.2,25.6
12000,47.9,25.9
14000,54.5,25.9
16000,62.3,26.0
18000,68.7,26.0
20000,74.8,26.2
22000,79.9,26.2
24000,83.2,26.1
26000,85.8,26.2
28000,90.4,26.4
30000,91.8,26.4
32000,94.6,26.1
34000,94.7,26.2
36000,96.3,26.6
38000,97.2,26.4
40000,97.9,26.2
42000,99.7,26.5
44000,98.4,26.7
46000,99.9,26.6
48000,99.9,26.8
50000,99.9,26.6
52000,99.9,26.8
54000,99.9,26.8
56000,99.9,26.8
58000,99.9,26.9
60000,99.9,27.1
62000,99.9,26.9
64000,99.9,26.6
66000,99.9,26.9
68000,99.9,27.0
70000,99.9,27.1
