Time,Humidity,Temperature
0,39.7,23.8
2000,39.8,23.7
4000,39.9,23.7
6000,38.9,23.6
8000,39.3,23.7
10000,39.8,23.7
12000,38.3,23.8
14000,41.7,23.5
16000,48.4,23.8
18000,54.2,23.9
20000,57.6,24.0
22000,61.9,24.1
24000,65.9,24.1
26000,68.9,24.1
28000,71.5,24.1
30000,73.5,24.4
32000,75.1,24.3
34000,75.5,24.4
36000,77.6,24.4
38000,78.9,24.6
40000,79.0,24.3
42000,80.3,24.7
44000,80.9,24.5
46000,81.5,24.9
48000,82.1,24.8
50000,83.0,24.6
52000,82.4,24.9
54000,82.6,24.7
56000,83.4,24.9
58000,83.7,24.9
60000,84.6,25.1
62000,84.0,24.8
64000,83.7,24.6
66000,84.0,24.8
68000,84.7,25.0
70000,85.0,24.9
