Time,Humidity,Temperature
0,41.3,21.7
2000,41.5,21.8
4000,42.0,21.7
6000,42.1,21.9
8000,42.1,21.8
10000,40.4,21.8
12000,41.5,21.8
14000,42.9,21.6
16000,47.7,21.9
18000,51.3,21.9
20000,59.7,22.2
22000,63.3,21.7
24000,68.0,22.1
26000,71.5,22.3
28000,73.3,22.4
30000,75.7,22.3
32000,78.4,22.3
34000,80.6,22.4
36000,81.8,22.7
38000,82.8,22.5
40000,84.3,22.5
42000,85.6,22.5
44000,85.5,22.5
46000,86.7,22.8
48000,86.7,22.9
50000,88.4,22.6
52000,87.9,22.7
54000,88.4,22.9
56000,89.8,22.9
58000,89.6,22.9
60000,89.5,23.1
62000,89.1,23.2
64000,90.4,22.9
66000,90.1,22.8
68000,91.2,23.1
70000,90.0,22.9
