Time,Humidity,Temperature
0,50.1,23.4
2000,49.2,23.1
4000,49.7,23.3
6000,49.4,22.9
8000,49.6,23.1
10000,49.3,23.1
12000,50.5,23.5
14000,52.4,23.2
16000,57.0,23.3
18000,64.2,23.5
20000,69.5,23.5
22000,73.9,23.4
24000,77.8,23.5
26000,80.6,23.6
28000,83.9,23.6
30000,86.0,23.9
32000,88.1,23.4
34000,89.5,23.9
36000,91.7,23.8
38000,93.4,24.1
40000,93.7,24.1
42000,96.0,23.9
44000,95.4,24.0
46000,96.6,23.9
48000,98.0,24.1
50000,97.7,24.2
52000,98.4,24.0
54000,99.3,24.2
56000,99.9,24.1
58000,99.3,24.0
60000,99.9,24.2
62000,99.9,24.2
64000,99.9,24.2
66000,99.9,24.1
68000,99.9,24.2
70000,99.9,24.1
