Time,Humidity,Temperature
0,44.2,25.8
2000,44.7,25.7
4000,44.7,25.7
6000,44.6,25.7
8000,44.6,25.7
10000,44.9,25.8
12000,45.6,25.7
14000,49.4,25.9
16000,53.6,25.8
18000,60.7,26.0
20000,64.6,26.0
22000,69.5,26.1
24000,71.6,26.0
26000,75.5,26.3
28000,77.3,26.2
30000,80.0,26.3
32000,81.0,26.3
34000,82.9,26.5
36000,84.6,26.5
38000,85.5,26.5
40000,86.6,26.5
42000,87.2,26.6
44000,88.1,26.6
46000,88.9,26.7
48000,89.9,26.8
50000,89.9,26.8
52000,90.7,26.9
54000,90.9,26.9
56000,91.4,26.9
58000,91.7,27.0
60000,92.0,26.9
62000,91.9,27.0
64000,92.6,26.9
66000,92.3,27.0
68000,92.7,27.1
70000,93.5,27.1
