Time,Humidity,Temperature
0,48.0,22.2
2000,48.4,22.5
4000,48.8,22.3
6000,49.4,22.2
8000,48.9,22.4
10000,48.4,22.1
12000,48.9,22.2
14000,53.1,22.4
16000,59.2,22.3
18000,64.6,22.7
20000,68.6,22.6
22000,72.2,22.6
24000,77.1,22.7
26000,80.3,22.5
28000,81.9,22.8
30000,84.5,22.7
32000,86.2,23.0
34000,87.7,23.2
36000,88.5,22.8
38000,90.5,23.0
40000,90.6,23.1
42000,91.0,23.2
44000,92.1,23.4
46000,92.3,23.2
48000,93.4,23.4
50000,94.1,23.3
52000,94.4,23.3
54000,93.7,23.2
56000,95.3,23.3
58000,95.3,23.4
60000,96.2,23.4
62000,96.4,23.8
64000,96.3,23.5
66000,95.3,23.5
68000,96.5,23.4
70000,97.3,23.6
