Time,Humidity,Temperature
0,34.4,24.4
2000,34.9,24.4
4000,34.5,24.3
6000,33.7,24.3
8000,33.8,24.3
10000,34.7,24.3
12000,35.0,24.4
14000,40.3,24.4
16000,48.0,24.5
18000,54.4,24.5
20000,59.4,24.5
22000,63.9,24.8
24000,68.0,24.8
26000,71.1,24.8
28000,73.7,24.9
30000,75.3,25.0
32000,77.2,25.0
34000,78.0,25.0
36000,79.6,25.1
38000,79.2,25.0
40000,81.8,25.1
42000,82.3,25.1
44000,81.8,25.2
46000,82.3,25.2
48000,83.1,25.3
50000,82.0,25.4
52000,84.5,25.3
54000,83.6,25.2
56000,84.8,25.2
58000,84.3,25.5
60000,84.3,25.3
62000,84.4,25.4
64000,84.1,25.5
66000,84.3,25.5
68000,85.9,25.7
70000,85.2,25.6
