Time,Humidity,Temperature
0,35.2,21.0
2000,35.9,20.9
4000,35.2,20.9
6000,35.5,20.9
8000,35.2,21.0
10000,35.3,20.9
12000,35.4,20.8
14000,43.5,21.0
16000,53.5,21.4
18000,64.1,21.6
20000,70.5,21.9
22000,76.1,22.3
24000,80.5,22.4
26000,83.7,22.4
28000,86.5,22.8
30000,87.6,22.8
32000,89.5,23.0
34000,90.4,23.1
36000,92.0,23.4
38000,92.3,23.4
40000,93.1,23.4
42000,93.4,23.6
44000,94.2,23.6
46000,94.1,24.0
48000,94.4,23.9
50000,93.8,24.0
52000,94.3,24.0
54000,94.6,24.2
56000,94.0,24.2
58000,94.4,24.3
60000,94.6,24.4
62000,94.8,24.5
64000,94.5,24.5
66000,95.0,24.6
68000,94.8,24.8
70000,95.3,24.9
