Time,Humidity,Temperature
0,40.8,25.7
2000,40.8,25.6
4000,41.3,25.7
6000,41.0,25.6
8000,41.2,25.6
10000,41.0,25.7
12000,41.6,25.6
14000,50.3,25.8
16000,60.9,26.1
18000,72.7,26.4
20000,78.3,26.8
22000,83.9,27.0
24000,88.0,27.1
26000,90.2,27.3
28000,93.9,27.6
30000,94.1,27.5
32000,97.4,27.8
34000,98.2,28.0
36000,99.9,28.1
38000,99.9,28.2
40000,99.9,28.3
42000,99.9,28.4
44000,99.9,28.5
46000,99.9,28.7
48000,99.9,28.7
50000,99.9,28.9
52000,99.9,28.9
54000,99.9,29.1
56000,99.9,29.1
58000,99.9,29.2
60000,99.9,29.4
62000,99.9,29.4
64000,99.9,29.5
66000,99.9,29.6
68000,99.9,29.5
70000,99.9,29.6
