Time,Humidity,Temperature
0,45.8,24.7
2000,45.3,24.4
4000,46.0,24.4
6000,45.3,24.6
8000,45.8,24.4
10000,45.9,24.7
12000,47.8,24.8
14000,56.5,24.7
16000,68.7,25.2
18000,76.9,25.3
20000,84.1,25.8
22000,87.6,25.6
24000,91.9,26.1
26000,94.2,26.5
28000,96.2,26.7
30000,98.5,26.7
32000,98.4,26.9
34000,99.7,27.0
36000,99.9,27.2
38000,99.9,27.5
40000,99.9,27.6
42000,99.9,27.9
44000,99.9,28.0
46000,99.9,28.1
48000,99.9,28.1
50000,99.9,28.3
52000,99.9,28.4
54000,99.9,28.4
56000,99.9,28.6
58000,99.9,28.6
60000,99.9,28.7
62000,99.9,29.0
64000,99.9,29.0
66000,99.9,29.0
68000,99.9,29.1
70000,99.9,29.1
