Time,Humidity,Temperature
0,40.8,21.8
2000,40.8,22.1
4000,40.9,22.0
6000,40.9,22.0
8000,41.7,22.1
10000,41.1,22.0
12000,41.0,21.9
14000,46.0,22.2
16000,54.6,22.5
18000,64.7,23.0
20000,71.0,23.2
22000,75.6,23.4
24000,80.7,23.9
26000,82.5,24.1
28000,85.0,24.6
30000,86.6,24.5
32000,88.5,24.8
34000,89.6,25.1
36000,90.7,25.2
38000,90.8,25.6
40000,91.7,25.5
42000,91.4,25.8
44000,92.1,25.8
46000,92.0,26.0
48000,92.6,26.0
50000,92.3,26.3
52000,92.2,26.4
54000,92.7,26.5
56000,92.6,26.5
58000,91.8,26.4
60000,93.0,26.7
62000,92.7,26.7
64000,92.5,26.8
66000,92.6,26.9
68000,93.2,27.3
70000,93.2,27.1
