Time,Humidity,Temperature
0,42.9,18.8
2000,42.8,18.6
4000,42.7,18.7
6000,42.4,18.8
8000,42.6,18.8
10000,42.7,18.8
12000,42.7,18.8
14000,47.7,19.0
16000,57.6,19.0
18000,71.1,19.5
20000,77.9,19.7
22000,84.6,19.9
24000,87.7,20.0
26000,90.4,20.3
28000,92.7,20.5
30000,94.9,20.9
32000,96.3,20.8
34000,97.9,21.0
36000,97.9,21.2
38000,99.0,21.3
40000,98.6,21.4
42000,99.9,21.8
44000,99.4,21.7
46000,99.9,21.9
48000,99.9,22.0
50000,99.9,22.2
52000,99.9,22.2
54000,99.9,22.5
56000,99.9,22.3
58000,99.9,22.6
60000,99.9,22.5
62000,99.9,22.8
64000,99.9,22.8
66000,99.9,22.8
68000,99.9,23.0
70000,99.9,23.0
