Time,Humidity,Temperature
0,40.2,23.0
2000,40.3,23.1
4000,39.4,23.1
6000,39.9,23.2
8000,40.4,23.2
10000,40.2,23.1
12000,43.2,23.1
14000,53.5,23.3
16000,65.8,23.6
18000,75.0,23.9
20000,79.3,24.1
22000,82.9,24.2
24000,86.9,24.8
26000,88.6,24.8
28000,89.9,24.9
30000,91.1,25.2
32000,91.0,25.2
34000,91.7,25.4
36000,92.5,25.5
38000,92.7,25.6
40000,92.5,25.7
42000,92.6,26.0
44000,92.6,26.0
46000,92.7,26.0
48000,92.9,25.9
50000,92.8,26.3
52000,92.3,26.2
54000,92.2,26.4
56000,92.6,26.4
58000,92.8,26.5
60000,92.6,26.6
62000,92.1,26.7
64000,92.9,26.6
66000,93.0,26.8
68000,93.5,27.0
70000,93.6,26.9
