Time,Humidity,Temperature
0,39.5,21.2
2000,39.7,21.0
4000,39.5,21.0
6000,39.5,21.1
8000,39.8,21.1
10000,39.7,21.2
12000,39.9,21.2
14000,48.7,21.6
16000,59.7,21.9
18000,72.4,22.4
20000,79.6,22.5
22000,86.0,22.9
24000,88.2,22.9
26000,94.4,23.5
28000,96.7,23.6
30000,99.6,23.9
32000,99.9,23.9
34000,99.9,24.2
36000,99.9,24.0
38000,99.9,24.4
40000,99.9,24.6
42000,99.9,24.9
44000,99.9,24.7
46000,99.9,25.0
48000,99.9,25.1
50000,99.9,25.2
52000,99.9,25.3
54000,99.9,25.5
56000,99.9,25.4
58000,99.9,25.6
60000,99.9,25.5
62000,99.9,25.8
64000,99.9,25.7
66000,99.9,25.8
68000,99.9,25.8
70000,99.9,26.1
