Time,Humidity,Temperature
0,30.7,23.1
2000,30.6,23.3
4000,30.6,23.4
6000,30.6,23.1
8000,30.5,23.3
10000,30.8,23.5
12000,30.5,23.3
14000,38.1,23.7
16000,48.4,23.7
18000,59.9,24.2
20000,67.0,24.5
22000,73.0,24.7
24000,79.2,25.0
26000,82.5,25.4
28000,86.6,25.7
30000,87.8,25.7
32000,89.8,25.9
34000,92.2,26.4
36000,92.7,26.4
38000,94.3,26.6
40000,95.1,26.8
42000,95.8,26.8
44000,96.4,27.2
46000,96.0,27.1
48000,97.2,27.4
50000,96.9,27.4
52000,97.4,27.6
54000,97.6,27.6
56000,98.1,28.0
58000,98.4,28.2
60000,97.9,27.9
62000,98.2,28.0
64000,97.6,27.8
66000,99.1,28.6
68000,99.5,28.4
70000,99.9,28.7
