Time,Humidity,Temperature
0,49.1,21.4
2000,48.5,21.5
4000,48.6,21.5
6000,48.7,21.6
8000,48.6,21.5
10000,49.1,21.5
12000,50.0,21.6
14000,58.3,21.7
16000,68.5,22.2
18000,78.8,22.4
20000,83.9,22.8
22000,90.5,23.1
24000,92.1,23.2
26000,95.6,23.5
28000,95.6,23.6
30000,97.4,23.8
32000,98.5,23.9
34000,99.7,24.2
36000,98.9,24.1
38000,99.9,24.4
40000,99.9,24.6
42000,99.9,24.7
44000,99.9,24.6
46000,99.9,24.8
48000,99.9,25.0
50000,99.9,25.0
52000,99.9,25.1
54000,99.9,25.2
56000,99.9,25.3
58000,99.9,25.3
60000,99.9,25.4
62000,99.9,25.5
64000,99.9,25.6
66000,99.9,25.5
68000,99.9,25.6
70000,99.9,25.8
