Time,Humidity,Temperature
0,38.5,18.9
2000,39.2,19.0
4000,38.5,18.9
6000,38.8,19.0
8000,38.8,18.8
10000,38.3,19.0
12000,40.1,19.0
14000,45.5,19.1
16000,55.4,19.4
18000,61.5,19.6
20000,68.4,20.1
22000,72.3,20.3
24000,75.4,20.5
26000,78.9,20.6
28000,80.6,20.7
30000,82.7,21.0
32000,82.9,21.1
34000,84.8,21.3
36000,85.7,21.4
38000,86.1,21.4
40000,87.0,21.6
42000,87.6,21.7
44000,87.5,21.8
46000,88.0,21.8
48000,88.2,22.0
50000,88.1,22.0
52000,88.3,22.2
54000,88.2,22.3
56000,88.2,22.3
58000,88.2,22.4
60000,88.5,22.4
62000,88.7,22.3
64000,88.6,22.5
66000,88.9,22.7
68000,88.5,22.6
70000,89.6,22.9
