Time,Humidity,Temperature
0,37.0,20.2
2000,37.0,20.1
4000,37.0,20.0
6000,37.4,19.9
8000,36.6,20.0
10000,37.2,20.1
12000,37.2,20.0
14000,43.7,20.2
16000,58.8,20.4
18000,72.0,20.7
20000,82.2,21.0
22000,87.0,21.0
24000,92.2,21.2
26000,95.1,21.4
28000,97.4,21.7
30000,97.7,21.7
32000,99.1,21.9
34000,99.9,22.0
36000,99.9,22.2
38000,99.9,22.1
40000,99.9,22.4
42000,99.9,22.4
44000,99.9,22.4
46000,99.9,22.6
48000,99.9,22.8
50000,99.9,22.7
52000,99.9,22.7
54000,99.9,22.9
56000,99.9,22.9
58000,99.9,23.2
60000,99.9,23.1
62000,99.9,23.1
64000,99.9,23.2
66000,99.9,23.4
68000,99.9,23.3
70000,99.9,23.4
