Time,Humidity,Temperature
0,41.0,21.1
2000,41.0,21.2
4000,41.0,21.3
6000,40.7,21.3
8000,40.9,21.2
10000,40.9,21.3
12000,40.6,21.2
14000,47.3,21.2
16000,57.0,21.6
18000,68.1,22.1
20000,76.2,22.6
22000,82.0,22.7
24000,87.1,23.1
26000,89.7,23.3
28000,93.7,23.4
30000,95.5,23.8
32000,98.0,23.7
34000,98.8,24.2
36000,99.9,24.2
38000,99.9,24.4
40000,99.9,24.4
42000,99.9,24.6
44000,99.9,24.9
46000,99.9,24.9
48000,99.9,25.0
50000,99.9,24.9
52000,99.9,25.2
54000,99.9,25.2
56000,99.9,25.4
58000,99.9,25.5
60000,99.9,25.5
62000,99.9,25.7
64000,99.9,25.7
66000,99.9,25.8
68000,99.9,26.0
70000,99.9,26.2
