Time,Humidity,Temperature
0,37.7,23.1
2000,37.2,23.1
4000,37.8,23.2
6000,37.5,23.0
8000,37.2,23.2
10000,37.6,23.1
12000,37.5,23.2
14000,43.6,23.2
16000,55.5,23.6
18000,65.3,23.8
20000,74.8,24.2
22000,78.4,24.4
24000,85.5,24.5
26000,89.1,24.9
28000,91.7,25.2
30000,92.5,25.1
32000,94.3,25.3
34000,95.8,25.7
36000,96.0,25.9
38000,97.6,25.9
40000,98.0,26.1
42000,98.7,26.2
44000,98.8,26.4
46000,98.9,26.3
48000,99.1,26.5
50000,99.4,26.6
52000,99.7,26.7
54000,99.5,26.7
56000,99.7,26.9
58000,99.9,27.1
60000,99.5,26.9
62000,99.6,27.0
64000,99.9,27.2
66000,99.4,27.3
68000,99.9,27.3
70000,99.9,27.5
