Time,Humidity,Temperature
0,35.0,20.2
2000,34.8,20.2
4000,35.5,20.2
6000,35.7,20.2
8000,34.5,20.1
10000,35.5,20.2
12000,34.8,20.2
14000,41.6,20.3
16000,53.6,20.7
18000,65.0,21.2
20000,69.8,21.4
22000,75.0,21.6
24000,76.9,21.7
26000,80.7,22.1
28000,81.4,22.2
30000,83.5,22.5
32000,83.5,22.6
34000,84.4,22.9
36000,85.7,22.9
38000,85.7,23.3
40000,85.9,23.3
42000,86.5,23.6
44000,86.2,23.6
46000,86.6,23.8
48000,86.6,23.8
50000,87.2,24.0
52000,87.1,24.2
54000,87.3,24.3
56000,86.4,24.3
58000,86.9,24.4
60000,87.1,24.6
62000,86.8,24.6
64000,86.6,24.7
66000,87.3,24.8
68000,87.4,25.2
70000,87.7,25.1
