Time,Humidity,Temperature
0,35.9,24.1
2000,35.6,24.1
4000,35.6,24.1
6000,36.0,24.1
8000,35.5,24.1
10000,35.8,24.0
12000,37.6,24.2
14000,46.6,24.3
16000,57.6,24.7
18000,66.6,25.0
20000,72.4,25.3
22000,78.0,25.4
24000,81.3,25.6
26000,84.7,25.8
28000,86.5,26.0
30000,88.8,26.3
32000,90.8,26.3
34000,92.0,26.4
36000,92.9,26.4
38000,93.5,26.7
40000,93.9,26.7
42000,94.5,26.9
44000,94.9,26.9
46000,95.1,27.1
48000,95.1,27.1
50000,95.8,27.3
52000,95.1,27.3
54000,95.2,27.3
56000,95.2,27.4
58000,96.2,27.6
60000,95.9,27.5
62000,96.5,27.7
64000,95.7,27.7
66000,96.6,27.8
68000,96.2,27.9
70000,97.5,27.9
