Time,Humidity,Temperature
0,36.1,21.1
2000,35.2,21.0
4000,35.9,21.2
6000,34.9,21.2
8000,35.2,21.1
10000,35.3,21.1
12000,35.8,21.3
14000,41.5,21.2
16000,54.2,21.6
18000,64.1,22.1
20000,71.7,22.4
22000,75.6,22.7
24000,82.5,23.1
26000,83.9,23.3
28000,86.5,23.7
30000,88.1,23.6
32000,89.7,23.9
34000,90.6,24.1
36000,92.1,24.5
38000,92.3,24.5
40000,92.4,24.4
42000,92.3,24.7
44000,93.0,25.0
46000,93.1,25.1
48000,93.4,25.2
50000,93.7,25.4
52000,93.1,25.3
54000,93.2,25.4
56000,93.6,25.6
58000,93.6,25.7
60000,92.8,25.9
62000,93.3,25.9
64000,94.2,26.1
66000,93.4,25.9
68000,93.6,26.3
70000,93.6,26.1
