Time,Humidity,Temperature
0,39.9,24.9
2000,40.1,24.9
4000,39.4,24.9
6000,40.1,24.9
8000,39.9,24.9
10000,40.3,24.9
12000,43.2,24.9
14000,50.6,25.2
16000,61.0,25.8
18000,68.8,26.1
20000,75.2,26.4
22000,80.3,26.8
24000,83.7,27.0
26000,85.6,27.2
28000,89.0,27.5
30000,89.9,27.6
32000,92.0,27.9
34000,93.0,28.0
36000,93.5,28.2
38000,95.7,28.3
40000,95.6,28.5
42000,95.8,28.6
44000,95.8,28.8
46000,96.4,28.9
48000,97.2,29.1
50000,97.0,29.3
52000,97.5,29.4
54000,97.6,29.4
56000,97.4,29.4
58000,96.6,29.6
60000,96.7,29.6
62000,97.8,29.7
64000,97.3,29.8
66000,97.6,29.9
68000,97.6,30.1
70000,97.9,30.2
