Time,Humidity,Temperature
0,44.0,21.7
2000,43.7,21.9
4000,43.9,21.9
6000,43.5,21.8
8000,44.2,21.7
10000,43.3,21.7
12000,44.1,21.8
14000,54.4,21.9
16000,68.7,22.2
18000,81.9,22.6
20000,86.2,22.8
22000,94.8,23.2
24000,97.1,23.3
26000,99.9,23.5
28000,99.9,23.7
30000,99.9,23.8
32000,99.9,24.0
34000,99.9,24.0
36000,99.9,24.4
38000,99.9,24.3
40000,99.9,24.6
42000,99.9,24.7
44000,99.9,24.8
46000,99.9,24.8
48000,99.9,25.1
50000,99.9,25.1
52000,99.9,25.2
54000,99.9,25.2
56000,99.9,25.4
58000,99.9,25.4
60000,99.9,25.5
62000,99.9,25.6
64000,99.9,25.7
66000,99.9,25.7
68000,99.9,25.8
70000,99.9,25.7
