Time,Humidity,Temperature
0,34.6,19.2
2000,35.2,19.0
4000,34.7,19.1
6000,34.2,19.0
8000,34.5,19.2
10000,34.6,19.1
12000,35.0,19.2
14000,42.0,19.3
16000,53.3,19.5
18000,61.2,19.9
20000,67.3,20.3
22000,72.3,20.6
24000,75.0,20.5
26000,78.3,21.0
28000,80.4,21.2
30000,81.4,21.2
32000,82.4,21.5
34000,82.3,21.7
36000,83.0,21.7
38000,83.8,21.8
40000,83.7,22.2
42000,84.1,22.3
44000,84.3,22.3
46000,84.7,22.6
48000,85.5,22.7
50000,85.1,22.7
52000,85.6,22.9
54000,85.5,23.0
56000,85.5,23.0
58000,85.3,23.2
60000,85.6,23.4
62000,84.8,23.3
64000,85.2,23.3
66000,84.8,23.3
68000,85.9,23.6
70000,85.9,23.6
