Time,Humidity,Temperature
0,46.2,20.4
2000,45.9,20.5
4000,46.4,20.5
6000,45.9,20.6
8000,46.4,20.5
10000,46.5,20.5
12000,48.0,20.7
14000,58.8,20.8
16000,72.9,21.2
18000,86.6,21.6
20000,91.9,21.8
22000,98.6,22.0
24000,99.9,22.3
26000,99.9,22.5
28000,99.9,22.7
30000,99.9,22.8
32000,99.9,23.0
34000,99.9,23.4
36000,99.9,23.5
38000,99.9,23.6
40000,99.9,23.6
42000,99.9,23.8
44000,99.9,24.1
46000,99.9,24.1
48000,99.9,24.2
50000,99.9,24.4
52000,99.9,24.5
54000,99.9,24.5
56000,99.9,24.7
58000,99.9,24.9
60000,99.9,25.0
62000,99.9,25.0
64000,99.9,24.9
66000,99.9,25.2
68000,99.9,25.3
70000,99.9,25.5
