Time,Humidity,Temperature
0,42.9,22.5
2000,43.2,22.6
4000,43.7,22.5
6000,43.2,22.5
8000,43.1,22.6
10000,43.4,22.6
12000,42.9,22.5
14000,49.8,22.8
16000,59.7,23.1
18000,67.5,23.3
20000,76.3,24.2
22000,80.1,24.3
24000,84.3,24.7
26000,87.7,25.0
28000,88.7,25.0
30000,92.2,25.5
32000,94.3,25.6
34000,94.5,25.7
36000,96.1,26.0
38000,96.7,26.2
40000,97.0,26.3
42000,97.7,26.6
44000,98.2,26.5
46000,99.0,27.0
48000,99.3,27.0
50000,98.9,26.8
52000,99.1,27.2
54000,99.1,27.3
56000,98.7,27.3
58000,99.9,27.6
60000,99.8,27.5
62000,99.9,27.7
64000,99.9,27.7
66000,99.4,27.8
68000,99.9,27.9
70000,99.9,28.1
