Time,Humidity,Temperature
0,39.8,22.2
2000,39.3,22.3
4000,39.4,22.4
6000,39.8,22.3
8000,39.3,22.5
10000,39.0,22.4
12000,39.7,22.5
14000,50.8,22.5
16000,64.5,22.9
18000,78.4,23.1
20000,85.0,23.3
22000,91.7,23.5
24000,95.7,23.7
26000,98.8,23.9
28000,99.9,24.1
30000,99.9,24.1
32000,99.9,24.5
34000,99.9,24.5
36000,99.9,24.7
38000,99.9,24.9
40000,99.9,24.9
42000,99.9,25.0
44000,99.9,25.1
46000,99.9,25.2
48000,99.9,25.2
50000,99.9,25.4
52000,99.9,25.4
54000,99.9,25.7
56000,99.9,25.7
58000,99.9,25.8
60000,99.9,25.8
62000,99.9,26.0
64000,99.9,26.0
66000,99.9,26.0
68000,99.9,26.1
70000,99.9,26.2
