Time,Humidity,Temperature
0,42.3,21.9
2000,42.3,22.0
4000,42.8,21.9
6000,43.3,22.0
8000,42.9,21.9
10000,42.5,22.0
12000,45.6,22.0
14000,56.6,22.2
16000,69.9,22.8
18000,79.4,23.1
20000,85.9,23.4
22000,91.8,23.7
24000,93.1,23.9
26000,96.8,24.3
28000,98.0,24.4
30000,99.5,24.7
32000,99.6,24.9
34000,99.9,25.0
36000,99.9,25.3
38000,99.9,25.3
40000,99.9,25.7
42000,99.9,25.6
44000,99.9,26.0
46000,99.9,26.1
48000,99.9,26.2
50000,99.9,26.4
52000,99.9,26.4
54000,99.9,26.6
56000,99.9,26.5
58000,99.9,26.7
60000,99.9,26.8
62000,99.9,27.0
64000,99.9,27.1
66000,99.9,27.1
68000,99.9,27.3
70000,99.9,27.2
