Time,Humidity,Temperature
0,34.1,17.1
2000,34.0,17.2
4000,34.1,17.2
6000,33.9,17.3
8000,33.7,17.3
10000,33.6,17.4
12000,34.1,17.1
14000,36.7,17.3
16000,41.1,17.5
18000,46.7,17.9
20000,50.6,18.3
22000,54.2,18.2
24000,57.1,18.4
26000,59.4,18.5
28000,61.8,18.7
30000,63.2,18.8
32000,65.8,19.1
34000,67.6,19.2
36000,69.3,19.3
38000,70.5,19.3
40000,71.7,19.5
42000,71.9,19.4
44000,74.0,19.9
46000,74.5,19.9
48000,75.3,19.8
50000,75.7,20.0
52000,76.7,20.0
54000,76.6,20.1
56000,77.4,20.2
58000,77.5,20.1
60000,78.2,20.5
62000,78.6,20.3
64000,79.0,20.4
66000,79.4,20.5
68000,80.1,20.5
70000,80.5,20.7
