Time,Humidity,Temperature
0,38.0,22.6
2000,37.8,22.6
4000,37.4,22.6
6000,37.4,22.6
8000,37.8,22.5
10000,37.7,22.6
12000,37.8,22.5
14000,39.7,22.6
16000,44.9,23.0
18000,51.2,23.2
20000,54.7,23.6
22000,58.8,23.8
24000,61.2,24.2
26000,64.6,24.3
28000,66.3,24.6
30000,68.9,24.6
32000,69.3,24.7
34000,72.0,25.0
36000,72.2,25.0
38000,73.8,25.4
40000,74.5,25.4
42000,76.0,25.7
44000,75.7,25.8
46000,77.2,26.0
48000,77.7,26.0
50000,77.6,25.9
52000,78.7,26.1
54000,78.1,26.2
56000,79.2,26.3
58000,78.8,26.5
60000,80.3,26.6
62000,80.0,26.6
64000,80.0,26.9
66000,80.0,26.7
68000,80.4,26.8
70000,81.1,26.9
