Time,Humidity,Temperature
0,46.0,26.8
2000,45.7,27.1
4000,45.6,27.1
6000,44.8,26.8
8000,45.2,26.9
10000,45.3,26.9
12000,45.0,27.0
14000,48.3,27.0
16000,54.5,27.1
18000,61.1,27.4
20000,65.1,27.9
22000,70.7,28.0
24000,74.5,28.2
26000,77.4,28.4
28000,79.9,28.7
30000,81.3,28.7
32000,84.8,29.0
34000,85.4,29.0
36000,86.6,29.2
38000,87.1,29.3
40000,89.3,29.6
42000,89.6,29.8
44000,90.9,29.7
46000,91.4,30.0
48000,92.9,30.0
50000,92.2,30.1
52000,93.5,30.3
54000,93.2,30.6
56000,92.7,30.6
58000,93.2,30.7
60000,93.0,30.7
62000,94.2,30.9
64000,94.4,31.2
66000,93.6,31.0
68000,95.4,31.2
70000,96.0,31.2
