Time,Humidity,Temperature
0,44.9,25.2
2000,45.4,25.1
4000,45.5,25.2
6000,45.8,25.2
8000,44.8,24.9
10000,45.4,25.2
12000,45.8,25.1
14000,46.5,25.3
16000,50.6,25.3
18000,55.7,25.6
20000,59.9,25.8
22000,63.1,26.0
24000,66.0,26.4
26000,68.8,26.8
28000,71.1,26.7
30000,73.2,27.0
32000,73.9,26.8
34000,76.2,27.3
36000,77.5,27.3
38000,78.2,27.7
40000,79.6,27.7
42000,80.1,27.9
44000,80.9,28.1
46000,81.7,28.2
48000,81.9,28.3
50000,82.7,28.5
52000,83.6,28.3
54000,83.7,28.8
56000,85.2,28.6
58000,84.5,28.9
60000,84.2,29.0
62000,84.3,28.9
64000,85.3,28.8
66000,85.4,29.1
68000,86.2,29.5
70000,87.5,29.5
