Time,Humidity,Temperature
0,39.5,19.8
2000,39.7,19.8
4000,39.5,19.9
6000,39.5,19.9
8000,40.1,19.8
10000,39.6,19.8
12000,41.6,19.7
14000,47.3,20.1
16000,54.0,20.3
18000,60.3,20.6
20000,62.9,20.7
22000,67.2,21.0
24000,68.6,21.2
26000,71.7,21.3
28000,73.8,21.4
30000,75.6,21.7
32000,75.9,21.9
34000,76.9,21.9
36000,78.3,22.0
38000,78.7,22.2
40000,79.1,22.4
42000,79.5,22.5
44000,79.4,22.8
46000,79.5,22.7
48000,79.4,22.8
50000,79.8,22.8
52000,79.9,23.0
54000,80.4,23.0
56000,80.3,23.2
58000,80.2,23.4
60000,79.9,23.3
62000,80.8,23.3
64000,79.9,23.3
66000,80.2,23.6
68000,81.0,23.7
70000,81.1,23.8
