Time,Humidity,Temperature
0,44.7,22.4
2000,43.7,22.4
4000,45.4,22.5
6000,44.4,22.5
8000,43.6,22.4
10000,43.7,22.4
12000,43.3,22.6
14000,46.3,22.6
16000,50.0,22.7
18000,56.9,23.0
20000,61.8,23.4
22000,66.6,23.4
24000,70.9,23.7
26000,73.2,24.1
28000,76.4,23.8
30000,79.5,24.1
32000,81.6,24.3
34000,83.6,24.5
36000,85.3,24.8
38000,87.7,24.8
40000,88.7,24.9
42000,89.9,25.1
44000,90.7,25.1
46000,91.7,25.3
48000,91.9,25.5
50000,93.5,25.7
52000,93.4,25.6
54000,93.8,25.7
56000,93.5,26.0
58000,95.1,25.6
60000,95.9,25.9
62000,95.4,25.9
64000,95.3,26.0
66000,96.3,26.2
68000,97.0,26.3
70000,96.5,26.4
