Time,Humidity,Temperature
0,29.4,24.8
2000,30.8,24.6
4000,29.0,24.7
6000,29.6,24.7
8000,29.3,24.7
10000,30.4,24.7
12000,30.3,24.5
14000,32.4,25.0
16000,36.9,25.1
18000,42.2,25.2
20000,47.2,25.8
22000,50.3,26.0
24000,53.6,26.4
26000,56.1,26.6
28000,58.2,26.8
30000,59.3,26.8
32000,61.1,27.0
34000,62.7,27.1
36000,64.0,27.3
38000,65.3,27.2
40000,65.8,27.3
42000,67.4,27.6
44000,66.9,27.8
46000,68.1,27.9
48000,68.0,28.1
50000,69.3,27.9
52000,69.0,28.1
54000,69.0,28.2
56000,69.7,28.3
58000,69.9,28.5
60000,69.6,28.6
62000,70.5,28.7
64000,71.0,28.7
66000,71.0,28.7
68000,71.0,28.8
70000,72.4,29.0
