Time,Humidity,Temperature
0,36.2,22.9
2000,35.8,22.8
4000,36.7,22.8
6000,36.1,23.0
8000,36.1,23.0
10000,35.3,23.0
12000,35.7,22.7
14000,37.7,23.1
16000,41.9,23.3
18000,46.7,23.1
20000,49.9,23.8
22000,53.3,24.1
24000,56.4,24.1
26000,59.1,24.3
28000,59.6,24.7
30000,62.3,24.8
32000,63.4,25.0
34000,65.9,25.2
36000,67.3,25.2
38000,67.9,25.4
40000,68.8,25.7
42000,68.8,25.9
44000,69.9,25.9
46000,70.0,26.2
48000,70.6,26.1
50000,71.3,26.4
52000,71.0,26.3
54000,71.9,26.4
56000,71.5,26.5
58000,72.3,26.6
60000,73.0,26.6
62000,72.8,26.8
64000,72.2,26.8
66000,72.6,27.3
68000,73.5,27.3
70000,74.3,27.3
