Time,Humidity,Temperature
0,39.5,23.6
2000,39.7,23.6
4000,39.1,23.6
6000,39.4,23.6
8000,39.0,23.6
10000,38.9,23.6
12000,39.7,23.6
14000,43.7,23.6
16000,48.1,23.8
18000,54.2,23.9
20000,57.4,24.2
22000,61.4,24.4
24000,64.4,24.7
26000,65.5,25.0
28000,68.3,25.4
30000,70.1,25.6
32000,71.8,25.8
34000,73.2,25.9
36000,74.1,26.0
38000,75.9,26.2
40000,76.3,26.3
42000,76.7,26.3
44000,77.4,26.6
46000,78.2,26.7
48000,79.0,26.9
50000,78.7,26.9
52000,79.8,27.0
54000,79.7,27.1
56000,79.8,27.2
58000,80.4,27.5
60000,79.9,27.4
62000,80.2,27.2
64000,80.2,27.4
66000,80.7,27.6
68000,80.8,27.7
70000,81.6,27.8
