Time,Humidity,Temperature
0,44.6,22.5
2000,44.0,22.5
4000,44.9,22.4
6000,45.1,22.5
8000,44.7,22.5
10000,44.7,22.5
12000,43.9,22.4
14000,47.4,22.6
16000,53.5,22.8
18000,58.4,23.0
20000,63.3,23.1
22000,64.9,23.4
24000,69.6,23.6
26000,71.7,23.6
28000,74.2,23.9
30000,76.7,24.1
32000,78.1,24.3
34000,78.9,24.4
36000,81.1,24.4
38000,82.6,24.7
40000,83.4,24.7
42000,85.4,24.8
44000,85.1,24.9
46000,86.6,25.0
48000,86.8,25.2
50000,87.8,25.4
52000,87.5,25.3
54000,87.8,25.6
56000,88.7,25.6
58000,89.1,25.7
60000,89.3,25.6
62000,89.2,25.9
64000,89.7,25.8
66000,89.2,26.0
68000,90.4,26.2
70000,91.0,26.4
