Time,Humidity,Temperature
0,40.4,22.7
2000,40.1,22.6
4000,40.3,22.6
6000,40.5,22.8
8000,39.9,22.5
10000,40.7,22.6
12000,40.8,22.5
14000,44.7,22.7
16000,50.3,23.0
18000,54.6,23.4
20000,59.9,24.1
22000,63.0,24.1
24000,66.4,24.6
26000,68.3,24.7
28000,69.5,25.0
30000,71.4,25.3
32000,72.9,25.5
34000,74.3,25.8
36000,75.5,25.9
38000,76.0,26.2
40000,76.3,26.4
42000,77.2,26.5
44000,77.8,26.3
46000,77.8,26.7
48000,78.6,27.2
50000,78.2,27.1
52000,79.5,27.3
54000,78.7,27.3
56000,79.6,27.8
58000,79.1,27.5
60000,80.1,27.7
62000,79.9,28.0
64000,78.9,27.7
66000,79.5,28.0
68000,80.3,28.2
70000,80.4,28.5
