Time,Humidity,Temperature
0,37.3,26.8
2000,37.1,26.9
4000,37.3,26.7
6000,37.2,26.7
8000,37.2,26.8
10000,37.6,26.7
12000,37.9,26.8
14000,41.7,27.0
16000,46.9,27.1
18000,53.3,27.4
20000,57.9,27.7
22000,62.2,28.0
24000,64.4,28.2
26000,68.0,28.5
28000,69.6,28.6
30000,72.0,28.8
32000,73.7,28.9
34000,74.0,29.1
36000,75.7,29.2
38000,76.6,29.3
40000,77.8,29.5
42000,78.1,29.7
44000,78.3,29.8
46000,79.3,29.9
48000,80.1,30.0
50000,80.5,30.0
52000,80.5,30.1
54000,80.9,30.3
56000,80.8,30.3
58000,80.6,30.4
60000,81.4,30.6
62000,81.1,30.6
64000,82.0,30.8
66000,81.3,30.8
68000,82.8,30.9
70000,83.2,31.1
