Time,Humidity,Temperature
0,41.9,17.4
2000,42.2,17.4
4000,42.5,17.4
6000,42.5,17.4
8000,42.2,17.4
10000,42.5,17.5
12000,42.7,17.5
14000,45.1,17.5
16000,51.0,17.7
18000,60.3,18.3
20000,65.6,18.5
22000,70.7,18.8
24000,73.7,19.2
26000,77.6,19.3
28000,79.4,19.5
30000,82.7,19.9
32000,83.9,20.0
34000,84.9,20.3
36000,86.0,20.4
38000,86.1,20.5
40000,86.7,20.6
42000,88.0,20.8
44000,88.2,21.0
46000,88.3,21.2
48000,88.7,21.3
50000,88.9,21.4
52000,89.1,21.5
54000,88.7,21.5
56000,89.7,21.9
58000,88.8,21.7
60000,89.4,21.9
62000,89.4,21.9
64000,89.8,22.1
66000,89.6,22.2
68000,90.3,22.3
70000,90.4,22.3
