Time,Humidity,Temperature
0,38.5,19.1
2000,38.4,19.3
4000,37.7,19.1
6000,38.2,19.2
8000,38.4,19.3
10000,37.9,19.2
12000,39.4,19.2
14000,46.4,19.4
16000,56.0,19.9
18000,63.9,20.0
20000,70.1,20.5
22000,74.2,20.6
24000,77.8,20.8
26000,80.6,21.0
28000,82.3,21.2
30000,84.1,21.5
32000,85.6,21.7
34000,87.2,21.6
36000,88.2,21.9
38000,88.7,22.0
40000,89.7,22.3
42000,89.8,22.2
44000,90.0,22.5
46000,90.6,22.6
48000,91.3,22.6
50000,91.4,22.7
52000,91.2,22.8
54000,91.5,22.9
56000,90.6,22.9
58000,91.5,23.1
60000,91.2,23.0
62000,91.5,23.3
64000,91.3,23.1
66000,91.6,23.4
68000,92.0,23.4
70000,93.0,23.6
