Time,Humidity,Temperature
0,49.9,19.4
2000,49.5,19.4
4000,49.7,19.3
6000,49.7,19.4
8000,49.7,19.3
10000,50.0,19.3
12000,51.5,19.4
14000,57.9,19.5
16000,69.3,20.1
18000,76.4,20.3
20000,82.2,20.5
22000,86.1,20.8
24000,89.0,21.0
26000,92.0,21.3
28000,93.3,21.3
30000,96.1,21.6
32000,97.8,21.8
34000,98.3,21.9
36000,99.6,22.1
38000,99.2,22.2
40000,99.9,22.4
42000,99.9,22.6
44000,99.9,22.7
46000,99.9,22.8
48000,99.9,23.1
50000,99.9,23.1
52000,99.9,23.3
54000,99.9,23.3
56000,99.9,23.4
58000,99.9,23.6
60000,99.9,23.6
62000,99.9,23.9
64000,99.9,23.7
66000,99.9,24.0
68000,99.9,24.1
70000,99.9,24.2
