Time,Humidity,Temperature
0,46.8,20.0
2000,46.6,19.9
4000,46.1,19.7
6000,47.0,20.0
8000,46.8,20.0
10000,46.4,19.9
12000,47.8,20.0
14000,53.4,20.1
16000,62.9,20.5
18000,69.8,20.8
20000,78.1,21.0
22000,80.8,21.3
24000,85.8,21.4
26000,88.5,21.6
28000,90.7,22.0
30000,93.5,22.2
32000,95.6,22.3
34000,96.5,22.3
36000,97.3,22.5
38000,98.1,22.7
40000,99.3,22.9
42000,99.2,22.9
44000,99.9,23.2
46000,99.9,23.2
48000,99.9,23.2
50000,99.9,23.4
52000,99.9,23.7
54000,99.9,23.5
56000,99.9,23.7
58000,99.9,23.8
60000,99.9,23.9
62000,99.9,23.9
64000,99.9,24.2
66000,99.9,24.2
68000,99.9,24.2
70000,99.9,24.4
