Time,Humidity,Temperature
0,33.5,18.8
2000,33.0,18.9
4000,33.4,18.7
6000,32.8,18.7
8000,33.2,18.8
10000,33.1,18.8
12000,35.2,19.0
14000,42.2,18.9
16000,52.9,19.6
18000,57.7,19.8
20000,63.9,20.0
22000,69.0,20.5
24000,72.7,20.8
26000,76.1,21.2
28000,77.9,21.4
30000,79.5,21.6
32000,80.3,21.6
34000,82.6,22.0
36000,83.2,22.3
38000,83.9,22.3
40000,85.4,22.5
42000,85.5,22.7
44000,85.6,22.8
46000,85.7,23.0
48000,87.0,23.2
50000,86.6,23.2
52000,87.4,23.2
54000,87.2,23.5
56000,87.1,23.4
58000,87.2,23.5
60000,87.5,23.6
62000,87.7,23.9
64000,87.9,23.8
66000,87.4,23.8
68000,87.9,24.0
70000,88.4,24.2
