Time,Humidity,Temperature
0,43.1,22.2
2000,42.9,22.4
4000,43.4,22.2
6000,43.2,22.3
8000,43.4,22.2
10000,43.2,22.2
12000,43.2,22.1
14000,48.1,22.4
16000,55.8,22.5
18000,64.6,23.1
20000,69.3,23.3
22000,74.4,23.5
24000,79.3,23.7
26000,81.8,24.0
28000,84.7,24.1
30000,86.3,24.4
32000,88.5,24.4
34000,89.8,24.7
36000,90.9,24.7
38000,91.7,24.8
40000,92.4,25.2
42000,93.3,25.3
44000,93.9,25.3
46000,94.5,25.3
48000,95.0,25.4
50000,94.5,25.7
52000,95.6,26.2
54000,95.4,26.0
56000,95.7,26.0
58000,95.6,26.2
60000,96.0,26.1
62000,95.5,26.2
64000,96.0,26.4
66000,95.5,26.4
68000,96.8,26.8
70000,97.9,26.9
