Time,Humidity,Temperature
0,42.6,19.2
2000,42.7,19.2
4000,42.6,19.2
6000,42.7,19.2
8000,42.7,19.2
10000,42.1,19.2
12000,42.8,19.3
14000,49.2,19.4
16000,58.2,19.7
18000,69.9,20.2
20000,75.9,20.4
22000,82.3,20.8
24000,86.8,21.1
26000,89.2,21.2
28000,92.9,21.6
30000,94.5,21.7
32000,97.0,22.1
34000,98.2,22.1
36000,98.9,22.2
38000,99.6,22.4
40000,99.9,22.5
42000,99.9,22.7
44000,99.9,23.0
46000,99.9,23.1
48000,99.9,23.2
50000,99.9,23.3
52000,99.9,23.6
54000,99.9,23.7
56000,99.9,23.7
58000,99.9,23.9
60000,99.9,23.8
62000,99.9,24.0
64000,99.9,24.0
66000,99.9,24.2
68000,99.9,24.3
70000,99.9,24.5
