Time,Humidity,Temperature
0,38.0,19.8
2000,37.7,20.0
4000,37.7,19.9
6000,38.5,19.9
8000,37.7,19.8
10000,37.8,20.0
12000,39.6,20.0
14000,45.6,20.0
16000,51.9,20.4
18000,59.5,20.8
20000,64.5,21.0
22000,69.4,21.2
24000,71.3,21.4
26000,74.6,21.7
28000,76.1,21.8
30000,78.1,22.1
32000,79.2,22.0
34000,80.0,22.3
36000,80.8,22.5
38000,81.6,22.6
40000,82.5,22.8
42000,82.4,22.7
44000,83.0,23.0
46000,83.2,23.2
48000,84.0,23.2
50000,83.7,23.3
52000,84.2,23.5
54000,84.3,23.6
56000,84.1,23.5
58000,84.2,23.7
60000,84.2,23.8
62000,84.5,23.9
64000,84.6,24.0
66000,85.0,24.1
68000,84.9,24.1
70000,84.8,24.3
