Time,Humidity,Temperature
0,39.2,18.9
2000,40.0,18.8
4000,40.1,18.9
6000,39.9,18.8
8000,39.9,19.0
10000,38.9,18.7
12000,41.0,18.7
14000,45.1,18.8
16000,53.1,18.8
18000,59.5,19.0
20000,62.7,19.3
22000,68.4,19.4
24000,72.1,19.5
26000,75.8,19.6
28000,79.0,19.7
30000,80.6,19.9
32000,83.6,19.8
34000,84.7,19.8
36000,86.3,20.1
38000,87.8,20.1
40000,89.0,20.4
42000,89.2,20.2
44000,90.9,20.4
46000,91.4,20.5
48000,91.9,20.4
50000,93.4,20.4
52000,93.4,20.6
54000,94.7,20.7
56000,94.5,20.5
58000,94.8,20.6
60000,94.8,20.5
62000,94.9,20.8
64000,95.8,20.8
66000,95.4,20.9
68000,96.5,20.8
70000,96.2,20.9
