Time,Humidity,Temperature
0,46.3,20.8
2000,46.8,21.1
4000,46.2,20.8
6000,46.7,20.8
8000,47.2,20.9
10000,47.0,20.5
12000,47.9,20.9
14000,53.8,20.9
16000,64.0,21.2
18000,70.1,21.4
20000,74.9,21.2
22000,80.7,21.7
24000,83.4,21.6
26000,87.8,21.7
28000,89.3,21.9
30000,91.7,21.9
32000,92.9,22.3
34000,93.8,22.2
36000,95.6,22.2
38000,95.9,22.4
40000,96.4,22.5
42000,96.9,22.5
44000,97.1,22.7
46000,97.8,22.6
48000,98.0,22.6
50000,98.0,22.8
52000,98.1,22.7
54000,98.3,22.8
56000,98.7,23.1
58000,99.3,23.1
60000,98.9,22.9
62000,98.5,22.9
64000,98.8,23.2
66000,98.7,23.2
68000,99.3,23.2
70000,99.9,23.2
