Time,Humidity,Temperature
0,42.3,19.8
2000,41.2,19.8
4000,42.1,19.9
6000,42.3,20.1
8000,42.0,19.9
10000,42.2,19.9
12000,42.6,19.9
14000,46.0,20.1
16000,52.7,20.0
18000,58.2,20.2
20000,64.0,20.3
22000,67.4,20.4
24000,71.2,20.7
26000,74.3,20.7
28000,77.4,20.7
30000,80.0,21.0
32000,82.2,20.9
34000,84.2,21.2
36000,85.9,21.2
38000,86.9,21.2
40000,88.4,21.0
42000,89.6,21.6
44000,89.6,21.4
46000,90.6,21.4
48000,91.6,21.6
50000,92.3,21.6
52000,92.8,21.8
54000,93.3,21.6
56000,93.8,21.8
58000,94.2,21.7
60000,94.7,21.9
62000,95.1,21.9
64000,95.4,22.0
66000,95.3,22.0
68000,96.2,22.0
70000,95.8,22.0
