Time,Humidity,Temperature
0,41.3,20.1
2000,40.2,20.3
4000,40.8,20.1
6000,41.6,20.2
8000,41.5,20.2
10000,41.3,20.3
12000,42.3,20.2
14000,47.6,20.3
16000,55.7,20.3
18000,62.5,20.5
20000,68.1,20.9
22000,72.3,20.8
24000,77.6,20.9
26000,81.0,20.9
28000,84.4,21.1
30000,86.2,21.2
32000,88.2,21.2
34000,90.7,21.3
36000,91.7,21.5
38000,92.9,21.6
40000,93.3,21.5
42000,94.6,21.5
44000,95.1,21.8
46000,96.4,21.7
48000,97.2,21.7
50000,97.8,21.9
52000,98.0,22.0
54000,97.6,21.8
56000,98.4,22.0
58000,99.3,22.1
60000,98.6,22.2
62000,99.1,22.1
64000,99.7,22.1
66000,99.6,22.3
68000,99.9,22.3
70000,99.9,22.4
