Time,Humidity,Temperature
0,51.7,20.7
2000,52.1,20.5
4000,52.1,20.7
6000,51.5,20.5
8000,52.3,20.6
10000,51.4,20.5
12000,52.1,20.5
14000,53.5,20.6
16000,59.1,20.6
18000,65.2,20.4
20000,70.3,20.5
22000,73.2,21.0
24000,78.3,21.2
26000,81.5,21.3
28000,83.8,21.2
30000,87.2,21.1
32000,89.0,21.3
34000,90.5,21.4
36000,92.4,21.3
38000,92.9,21.7
40000,96.0,21.8
42000,96.3,21.7
44000,96.5,21.6
46000,97.8,21.6
48000,96.6,21.9
50000,97.2,21.9
52000,98.5,21.8
54000,98.4,22.0
56000,99.5,21.9
58000,99.9,22.0
60000,99.9,21.9
62000,99.9,22.2
64000,99.9,22.1
66000,99.9,22.3
68000,99.9,22.2
70000,99.9,22.2
