Time,Humidity,Temperature
0,42.7,18.2
2000,42.9,18.3
4000,42.8,18.2
6000,43.3,18.3
8000,42.9,18.2
10000,43.0,18.3
12000,43.0,18.2
14000,47.1,18.3
16000,54.7,18.4
18000,61.5,18.5
20000,65.9,18.8
22000,70.5,18.9
24000,74.9,19.0
26000,77.9,19.1
28000,80.8,19.3
30000,82.7,19.3
32000,85.4,19.5
34000,85.9,19.5
36000,87.6,19.5
38000,88.7,19.7
40000,90.1,19.7
42000,90.7,19.9
44000,92.3,19.9
46000,92.2,20.0
48000,93.0,20.0
50000,93.0,20.1
52000,93.3,20.2
54000,93.7,20.2
56000,94.2,20.2
58000,94.4,20.4
60000,94.6,20.4
62000,94.7,20.3
64000,94.6,20.6
66000,94.9,20.6
68000,95.1,20.6
70000,96.1,20.7
