Time,Humidity,Temperature
0,50.8,18.8
2000,51.6,19.0
4000,51.2,18.9
6000,52.6,18.9
8000,51.8,19.0
10000,51.4,19.0
12000,52.0,18.9
14000,54.5,19.0
16000,60.0,19.0
18000,69.1,19.1
20000,73.7,19.2
22000,77.1,19.4
24000,81.5,19.4
26000,84.7,19.6
28000,86.9,19.6
30000,89.4,19.6
32000,91.7,19.7
34000,93.8,19.7
36000,94.7,19.7
38000,95.5,19.8
40000,98.1,20.0
42000,97.7,19.9
44000,99.5,20.0
46000,99.8,20.0
48000,99.9,20.2
50000,99.9,20.1
52000,99.9,20.3
54000,99.9,20.2
56000,99.9,20.2
58000,99.9,20.3
60000,99.9,20.2
62000,99.9,20.3
64000,99.9,20.3
66000,99.9,20.5
68000,99.9,20.4
70000,99.9,20.5
