Time,Humidity,Temperature
0,41.5,18.4
2000,41.0,18.3
4000,41.3,18.0
6000,41.3,18.4
8000,41.7,18.1
10000,41.0,18.3
12000,42.9,18.2
14000,46.4,18.3
16000,54.7,18.3
18000,61.1,18.6
20000,65.0,18.6
22000,68.8,18.9
24000,72.6,18.9
26000,74.7,19.1
28000,78.1,18.8
30000,79.2,19.1
32000,80.4,19.2
34000,82.0,19.3
36000,83.0,19.4
38000,84.8,19.4
40000,85.2,19.5
42000,86.8,19.7
44000,86.6,19.4
46000,87.7,19.8
48000,88.6,19.7
50000,87.8,19.7
52000,89.7,19.9
54000,89.0,20.0
56000,89.4,20.1
58000,89.8,20.0
60000,90.0,20.2
62000,89.9,20.2
64000,90.5,20.2
66000,90.6,20.1
68000,91.2,20.2
70000,91.5,20.4
