Time,Humidity,Temperature
3,43.00,19.40
2008,43.00,19.30
4012,42.90,19.30
6016,43.40,19.40
8019,43.90,19.30
10023,43.80,19.40
12027,44.90,19.40
14031,54.20,20.10
16037,61.40,20.30
18041,67.70,20.60
20045,72.80,20.90
22049,77.00,21.20
24053,80.30,21.40
26058,83.30,21.60
28064,86.20,21.80
30068,88.20,22.00
32072,90.80,22.20
34076,92.10,22.30
36082,94.30,22.40
38086,95.80,22.60
40090,96.10,22.60
42094,99.30,23.00
44099,99.70,23.00
46103,99.90,23.20
48107,99.90,23.30
50111,99.90,23.60
52116,99.90,23.70
54120,99.90,24.00
56125,99.90,24.10
58129,99.90,24.50
60133,99.90,24.40
62138,99.90,24.70
64142,99.90,24.60
66147,99.90,24.90
68151,99.90,24.90
70155,99.90,24.80