Time,Humidity,Temperature
3,44.20,19.30
2007,44.20,19.30
4011,44.20,19.40
6014,44.30,19.30
8018,44.50,19.30
10024,44.70,19.30
12029,44.70,19.40
14033,52.40,19.70
16037,59.40,20.00
18041,66.60,20.60
20045,71.70,20.80
22049,77.50,21.50
24054,81.20,21.70
26059,89.30,22.30
28063,93.10,22.50
30067,99.20,23.00
32073,99.60,23.10
34077,99.90,23.60
36081,99.90,23.70
38086,99.90,24.10
40090,99.90,24.10
42095,99.90,24.50
44099,99.90,24.50
46103,99.90,24.90
48108,99.90,24.90
50112,99.90,25.20
52117,99.90,25.30
54121,99.90,25.50
56125,99.90,25.70
58131,99.90,25.60
60135,99.90,25.70
62139,99.90,25.70
64143,99.90,25.80
66149,99.90,25.80
68153,99.90,25.90
70157,99.90,25.80