Time,Humidity,Temperature
4,45.30,18.80
2009,45.40,18.80
4013,45.50,18.80
6017,45.50,18.80
8020,45.40,18.80
10024,46.10,18.80
12028,48.80,19.10
14033,58.00,19.90
16038,64.90,20.20
18044,71.30,20.90
20048,75.90,21.10
22052,82.30,21.70
24056,86.10,21.90
26062,92.00,22.20
28066,95.20,22.30
30070,99.10,22.70
32076,99.90,22.80
34080,99.90,23.20
36084,99.90,23.30
38089,99.90,23.70
40093,99.90,23.80
42097,99.90,23.90
44102,99.90,24.00
46106,99.90,24.20
48110,99.90,24.40
50115,99.90,24.50
52119,99.90,24.70
54124,99.90,24.90
56128,99.90,25.00
58132,99.90,25.20
60137,99.90,25.50
62141,99.90,25.60
64145,99.90,25.70
66151,99.90,25.80
68155,99.90,26.00
70159,99.90,26.00