Time,Humidity,Temperature
3,45.80,19.10
2007,45.90,19.10
4011,46.00,19.10
6014,45.80,19.10
8019,46.00,19.10
10024,45.90,19.10
12028,54.20,19.90
14032,62.70,20.60
16036,69.50,21.10
18042,74.80,21.30
20046,79.70,21.60
22050,84.10,21.90
24054,88.00,22.10
26058,94.00,22.50
28064,97.70,22.70
30068,99.90,23.00
32072,99.90,23.00
34076,99.90,23.30
36081,99.90,23.30
38085,99.90,23.60
40089,99.90,23.60
42094,99.90,24.00
44098,99.90,24.10
46103,99.90,24.30
48107,99.90,24.50
50111,99.90,24.60
52116,99.90,24.70
54120,99.90,24.80
56124,99.90,25.00
58129,99.90,25.10
60133,99.90,25.20
62138,99.90,25.30
64142,99.90,25.50
66146,99.90,25.60
68152,99.90,25.80
70156,99.90,25.80