Time,Humidity,Temperature
3,45.50,19.50
2008,45.40,19.50
4012,45.50,19.50
6016,45.50,19.50
8019,45.50,19.50
10023,45.50,19.50
12027,48.30,19.60
14032,57.50,20.20
16038,64.50,20.50
18042,71.10,21.10
20046,76.50,21.40
22050,81.80,21.90
24054,90.00,22.20
26059,93.00,22.50
28065,99.30,22.90
30069,99.90,23.10
32073,99.90,23.40
34079,99.90,23.60
36083,99.90,23.60
38087,99.90,23.70
40092,99.90,24.00
42096,99.90,24.20
44101,99.90,24.50
46105,99.90,24.50
48109,99.90,24.80
50114,99.90,25.00
52118,99.90,25.20
54123,99.90,25.30
56127,99.90,25.50
58132,99.90,25.50
60136,99.90,25.50
62140,99.90,25.60
64144,99.90,25.70
66150,99.90,25.80
68154,99.90,26.00
70158,99.90,26.20