Time,Humidity,Temperature
3,44.00,19.30
2007,44.10,19.30
4011,44.10,19.30
6014,44.10,19.30
8018,44.40,19.30
10023,45.90,19.30
12029,47.00,19.40
14033,49.10,19.40
16037,57.70,20.00
18041,63.90,20.20
20045,70.00,20.80
22049,74.50,21.10
24054,78.90,21.50
26058,82.50,21.80
28062,85.30,22.00
30066,90.20,22.40
32070,92.50,22.60
34076,96.80,22.80
36080,97.90,23.00
38084,99.90,23.30
40089,99.90,23.50
42093,99.90,23.70
44097,99.90,23.90
46102,99.90,24.00
48106,99.90,24.10
50110,99.90,24.20
52115,99.90,24.30
54119,99.90,24.50
56124,99.90,24.50
58128,99.90,24.80
60132,99.90,24.80
62137,99.90,25.10
64141,99.90,25.00
66146,99.90,25.20
68150,99.90,25.20
70154,99.90,25.50