Time,Humidity,Temperature
4,46.40,19.60
2009,46.50,19.60
4014,46.50,19.70
6018,46.50,19.60
8022,46.50,19.60
10025,46.50,19.70
12029,51.50,20.00
14033,59.50,20.40
16037,66.60,21.00
18041,72.00,21.30
20046,76.80,21.80
22051,80.20,21.90
24057,84.60,22.30
26061,86.60,22.50
28065,90.30,22.80
30069,91.50,22.90
32075,96.30,23.20
34079,96.50,23.30
36083,99.90,23.60
38088,99.90,23.70
40092,99.90,24.00
42096,99.90,24.00
44101,99.90,24.30
46105,99.90,24.40
48109,99.90,24.60
50114,99.90,24.60
52118,99.90,25.00
54122,99.90,25.00
56127,99.90,25.40
58131,99.90,25.40
60135,99.90,25.70
62139,99.90,25.70
64145,99.90,25.90
66149,99.90,25.90
68153,99.90,26.20
70158,99.90,26.10