Time,Humidity,Temperature
3,42.30,19.40
2008,42.30,19.40
4012,42.20,19.40
6016,42.30,19.40
8019,42.30,19.40
10023,43.10,19.40
12027,43.80,19.40
14031,53.20,20.00
16037,60.60,20.30
18042,67.60,20.80
20046,72.80,21.20
22050,77.50,21.50
24054,81.30,21.80
26058,85.10,22.00
28063,88.80,22.40
30069,93.20,22.60
32073,97.10,22.90
34077,99.10,23.00
36081,99.90,23.40
38086,99.90,23.40
40090,99.90,23.70
42095,99.90,23.80
44099,99.90,24.10
46103,99.90,24.10
48108,99.90,24.30
50112,99.90,24.50
52117,99.90,24.70
54121,99.90,24.90
56125,99.90,25.10
58130,99.90,25.20
60134,99.90,25.40
62139,99.90,25.50
64143,99.90,25.70
66147,99.90,25.80
68151,99.90,26.00
70156,99.90,26.00