Time,Humidity,Temperature
3,45.50,20.10
2008,45.60,20.10
4013,45.60,20.10
6017,45.50,20.10
8020,45.60,20.10
10024,45.50,20.10
12028,49.00,20.20
14032,58.30,20.80
16036,65.30,21.20
18040,71.70,21.60
20045,76.40,21.90
22049,81.20,22.20
24053,84.20,22.30
26057,88.20,22.60
28063,90.80,22.70
30067,95.20,23.00
32071,97.10,23.10
34075,99.80,23.30
36081,99.90,23.30
38085,99.90,23.60
40089,99.90,23.60
42094,99.90,23.90
44098,99.90,23.90
46103,99.90,24.20
48107,99.90,24.20
50111,99.90,24.40
52116,99.90,24.50
54120,99.90,24.70
56124,99.90,24.60
58129,99.90,24.90
60133,99.90,24.90
62139,99.90,25.20
64143,99.90,25.10
66147,99.90,25.40
68152,99.90,25.30
70156,99.90,25.60