Time,Humidity,Temperature
4,39.20,18.50
2008,39.20,18.50
4013,39.20,18.50
6018,39.10,18.50
8024,39.30,18.50
10029,39.60,18.50
12033,40.70,18.50
14036,50.50,19.30
16040,58.20,19.60
18044,64.90,20.00
20048,70.70,20.40
22053,75.00,20.70
24057,79.60,21.10
26061,82.00,21.10
28065,86.50,21.70
30069,91.90,22.00
32075,93.10,22.10
34079,98.10,22.40
36083,98.10,22.40
38087,99.90,22.80
40091,99.90,23.00
42097,99.90,23.20
44101,99.90,23.50
46105,99.90,23.50
48110,99.90,23.80
50114,99.90,24.00
52118,99.90,24.00
54123,99.90,24.40
56127,99.90,24.50
58133,99.90,24.70
60137,99.90,24.90
62141,99.90,24.80
64146,99.90,25.20
66150,99.90,25.30
68155,99.90,25.40
70159,99.90,25.70