Time,Humidity,Temperature
4,45.60,19.50
2009,45.60,19.50
4014,45.80,19.50
6019,45.70,19.50
8023,45.70,19.50
10027,45.80,19.50
12030,46.70,19.50
14034,55.60,20.00
16039,62.50,20.30
18044,68.80,20.60
20050,73.50,20.80
22054,78.30,21.20
24058,81.50,21.40
26062,85.40,21.70
28066,87.40,21.80
30071,92.20,22.10
32075,94.10,22.20
34079,99.10,22.50
36085,99.90,22.60
38089,99.90,22.90
40093,99.90,23.00
42099,99.90,23.20
44103,99.90,23.30
46107,99.90,23.50
48112,99.90,23.70
50116,99.90,23.70
52121,99.90,23.90
54125,99.90,23.90
56129,99.90,24.10
58134,99.90,24.10
60138,99.90,24.40
62143,99.90,24.40
64147,99.90,24.60
66151,99.90,24.50
68157,99.90,24.60
70161,99.90,24.60