Time,Humidity,Temperature
4,45.00,19.50
2009,44.90,19.50
4013,45.00,19.40
6018,45.00,19.50
8023,45.00,19.50
10028,45.20,19.50
12034,45.80,19.50
14039,52.20,19.80
16044,58.70,19.90
18048,65.50,20.40
20051,70.70,20.60
22055,75.40,21.00
24061,79.10,21.30
26065,83.30,21.70
28069,86.60,22.00
30073,91.70,22.30
32077,93.30,22.40
34082,98.60,22.70
36088,99.90,23.20
38092,99.90,23.40
40096,99.90,23.70
42101,99.90,23.70
44105,99.90,24.10
46110,99.90,24.10
48114,99.90,24.50
50119,99.90,24.50
52123,99.90,24.50
54127,99.90,24.60
56132,99.90,24.90
58136,99.90,24.90
60140,99.90,25.00
62145,99.90,25.20
64149,99.90,25.30
66155,99.90,25.40
68159,99.90,25.50
70164,99.90,25.40