Time,Humidity,Temperature
3,45.70,17.60
2008,45.60,17.60
4012,45.60,17.60
6016,45.50,17.60
8019,45.70,17.60
10023,45.70,17.60
12027,49.00,17.80
14031,57.80,18.60
16037,64.30,19.00
18042,70.60,19.60
20046,75.30,19.90
22050,82.60,20.50
24054,86.30,20.70
26058,93.00,21.20
28064,94.60,21.30
30068,97.20,21.70
32072,98.00,21.80
34076,99.90,22.10
36081,99.90,22.30
38085,99.90,22.60
40089,99.90,23.00
42095,99.90,23.00
44099,99.90,23.30
46103,99.90,23.40
48108,99.90,23.70
50112,99.90,23.80
52116,99.90,24.00
54121,99.90,24.10
56125,99.90,24.20
58129,99.90,24.40
60134,99.90,24.40
62138,99.90,24.70
64142,99.90,24.80
66147,99.90,25.00
68151,99.90,25.10
70156,99.90,25.10