Time,Humidity,Temperature
4,46.10,19.20
2009,46.10,19.20
4014,45.90,19.20
6019,46.00,19.20
8024,46.00,19.20
10029,45.80,19.20
12034,45.80,19.20
14038,54.20,19.70
16041,61.00,19.90
18045,68.40,20.70
20050,73.60,21.10
22056,79.30,21.60
24060,84.30,21.90
26064,89.00,22.20
28068,95.40,22.40
30074,97.70,22.60
32078,99.90,23.00
34082,99.90,23.00
36087,99.90,23.50
38091,99.90,23.50
40095,99.90,23.90
42100,99.90,23.90
44104,99.90,24.20
46109,99.90,24.40
48113,99.90,24.70
50117,99.90,24.80
52123,99.90,25.10
54127,99.90,25.10
56131,99.90,25.40
58136,99.90,25.30
60140,99.90,25.70
62144,99.90,25.60
64150,99.90,26.00
66154,99.90,25.90
68158,99.90,26.00
70164,99.90,26.00