Time,Humidity,Temperature
4,42.20,19.40
2009,42.40,19.40
4014,42.50,19.40
6018,42.80,19.40
8022,42.90,19.40
10025,42.90,19.40
12029,44.90,19.50
14033,54.60,20.10
16037,61.80,20.40
18041,68.90,21.00
20045,73.60,21.10
22051,78.90,21.70
24055,82.10,21.80
26059,87.40,22.20
28063,90.70,22.40
30067,95.50,22.80
32073,97.70,22.90
34077,99.90,23.30
36081,99.90,23.40
38087,99.90,23.80
40091,99.90,23.90
42096,99.90,24.30
44100,99.90,24.30
46104,99.90,24.70
48109,99.90,24.70
50113,99.90,25.00
52117,99.90,25.10
54122,99.90,25.30
56126,99.90,25.20
58131,99.90,25.40
60135,99.90,25.70
62139,99.90,25.70
64143,99.90,26.00
66149,99.90,25.60
68153,99.90,25.70
70157,99.90,25.90