Time,Humidity,Temperature
4,46.00,19.30
2009,46.00,19.30
4014,45.90,19.30
6018,46.00,19.30
8022,46.00,19.30
10025,46.00,19.30
12029,48.90,19.50
14033,58.40,20.40
16037,65.60,20.70
18041,72.00,21.30
20046,76.80,21.50
22052,82.10,21.90
24056,85.20,22.00
26060,89.80,22.30
28064,91.20,22.30
30069,94.90,22.60
32075,97.00,22.80
34079,99.90,23.10
36083,99.90,23.40
38089,99.90,23.60
40093,99.90,23.90
42097,99.90,24.00
44102,99.90,24.30
46106,99.90,24.30
48111,99.90,24.60
50115,99.90,24.50
52119,99.90,24.80
54125,99.90,24.80
56129,99.90,25.10
58133,99.90,25.10
60138,99.90,25.30
62142,99.90,25.40
64148,99.90,25.60
66152,99.90,25.60
68156,99.90,25.90
70160,99.90,25.80