Time,Humidity,Temperature
3,43.90,19.40
2007,43.90,19.40
4011,44.00,19.40
6014,44.00,19.40
8018,43.90,19.50
10024,44.00,19.40
12029,44.50,19.50
14033,53.50,20.00
16037,60.90,20.20
18041,67.40,20.50
20045,72.40,20.80
22049,76.90,21.10
24053,80.80,21.40
26057,84.30,21.70
28063,87.80,21.90
30067,89.80,22.00
32071,95.50,22.30
34075,97.20,22.40
36080,99.90,22.70
38084,99.90,22.80
40088,99.90,23.10
42094,99.90,23.20
44098,99.90,23.40
46102,99.90,23.50
48107,99.90,23.80
50111,99.90,23.80
52115,99.90,24.00
54120,99.90,24.10
56124,99.90,24.30
58129,99.90,24.40
60133,99.90,24.70
62137,99.90,24.80
64143,99.90,25.00
66147,99.90,25.00
68151,99.90,25.20
70157,99.90,25.20
