Time,Humidity,Temperature
4,45.20,20.50
2009,45.10,20.50
4014,45.20,20.50
6018,45.20,20.50
8022,45.20,20.50
10025,45.30,20.50
12029,47.00,20.60
14033,54.00,20.80
16038,60.30,21.00
18044,65.50,21.00
20048,70.10,21.20
22052,73.90,21.40
24056,77.00,21.40
26062,79.80,21.60
28066,82.00,21.60
30070,84.10,21.80
32074,85.70,22.00
34078,87.00,21.90
36082,88.20,22.10
38087,89.20,22.20
40091,89.80,22.20
42095,90.80,22.40
44099,91.30,22.40
46103,91.70,22.50
48109,92.50,22.60
50114,92.70,22.60
52118,93.00,22.70
54122,93.60,22.80
56126,93.60,22.80
58130,94.00,22.90
60136,94.30,23.00
62140,94.40,23.00
64144,94.80,23.10
66148,94.80,23.10
68154,95.00,23.20
70158,95.40,23.30