Time,Humidity,Temperature
4,41.00,19.80
2009,41.10,19.80
4013,41.10,19.80
6017,41.00,19.80
8020,41.00,19.80
10024,41.10,19.80
12028,42.20,19.80
14032,48.00,20.00
16036,54.20,20.10
18041,59.70,20.20
20046,64.50,20.40
22051,68.70,20.50
24055,72.40,20.60
26059,75.40,20.70
28063,78.10,20.90
30069,80.30,20.90
32073,82.20,21.00
34077,83.80,21.10
36081,84.90,21.10
38085,86.00,21.20
40090,87.10,21.30
42094,87.70,21.30
44098,88.40,21.40
46102,89.20,21.50
48108,89.50,21.50
50112,89.90,21.50
52116,90.40,21.70
54120,90.60,21.70
56124,91.10,21.80
58130,91.40,21.90
60134,91.50,21.80
62138,91.90,22.00
64142,92.20,22.00
66148,92.10,22.00
68152,92.60,22.20
70156,92.90,22.20