Time,Humidity,Temperature
4,39.00,19.50
2009,39.00,19.50
4014,39.00,19.50
6019,39.00,19.50
8024,39.10,19.50
10029,39.10,19.50
12034,39.20,19.50
14038,45.60,19.80
16041,53.40,20.10
18045,59.40,20.20
20049,65.10,20.70
22053,70.20,21.00
24059,74.00,21.00
26064,77.60,21.50
28068,80.70,21.80
30072,82.40,21.70
32076,84.40,22.00
34080,86.30,22.20
36084,86.90,22.20
38089,87.90,22.30
40093,89.20,22.60
42097,89.40,22.60
44101,89.80,22.70
46106,90.80,23.00
48111,91.00,23.10
50115,90.80,23.00
52119,91.60,23.30
54123,92.00,23.50
56127,91.50,23.40
58131,91.90,23.60
60137,92.40,23.80
62141,91.80,23.70
64145,92.00,23.90
66149,92.70,24.10
68155,92.00,24.00
70159,92.30,24.10