Time,Humidity,Temperature
4,45.20,20.30
2009,45.20,20.30
4014,45.20,20.30
6019,45.00,20.30
8023,45.50,20.30
10027,46.00,20.30
12030,47.40,20.30
14034,54.10,20.60
16040,60.30,20.90
18045,65.60,21.00
20050,70.00,21.20
22054,73.70,21.30
24058,76.80,21.40
26062,79.50,21.50
28067,81.60,21.60
30072,83.40,21.70
32078,85.00,21.80
34082,86.10,21.80
36086,87.20,22.00
38090,88.10,22.10
40096,88.60,22.10
42100,89.40,22.20
44104,89.80,22.20
46108,90.20,22.30
48114,90.80,22.40
50119,90.90,22.40
52123,91.40,22.60
54127,91.60,22.60
56131,91.60,22.60
58137,92.00,22.80
60141,92.00,22.70
62145,92.20,22.80
64149,92.40,23.00
66153,92.40,22.90
68157,92.70,23.10
70161,93.00,23.20