Time,Humidity,Temperature
3,45.40,20.80
2007,45.30,20.90
4011,45.20,20.80
6014,45.30,20.90
8018,45.30,20.80
10022,45.40,20.80
12026,45.80,20.90
14030,51.40,21.00
16034,58.00,21.10
18038,63.10,21.20
20044,67.70,21.20
22048,71.70,21.40
24052,74.70,21.40
26056,77.30,21.40
28062,79.80,21.60
30066,81.50,21.50
32070,83.00,21.60
34074,84.40,21.70
36078,85.40,21.70
38083,86.40,21.80
40089,87.30,21.80
42093,87.80,21.80
44097,88.50,21.90
46101,89.10,22.00
48106,89.20,21.90
50110,89.70,22.10
52114,90.00,22.10
54118,90.30,22.20
56122,90.70,22.20
58127,90.60,22.20
60131,90.90,22.30
62135,91.20,22.40
64139,91.00,22.40
66145,91.30,22.50
68150,91.30,22.40
70154,91.40,22.50