Time,Humidity,Temperature
3,43.20,19.90
2007,43.50,19.90
4011,43.50,19.90
6014,43.50,19.80
8019,43.40,19.80
10025,43.40,19.90
12030,44.40,20.00
14034,52.30,20.40
16038,58.40,20.60
18042,64.70,21.10
20046,69.50,21.20
22050,73.90,21.60
24056,77.20,21.70
26061,80.40,22.10
28065,82.70,22.20
30069,84.80,22.40
32073,86.20,22.40
34077,87.60,22.60
36081,88.70,22.70
38087,89.80,23.00
40091,90.50,23.20
42095,91.30,23.30
44099,92.30,23.60
46103,92.90,23.70
48109,93.60,24.00
50113,93.90,24.00
52117,94.50,24.20
54121,94.80,24.30
56127,95.30,24.50
58131,95.20,24.50
60135,95.80,24.70
62140,95.70,24.70
64144,96.30,25.00
66148,96.30,25.00
68152,96.50,25.20
70156,96.50,25.20