Time,Humidity,Temperature
3,41.70,18.70
2007,41.50,18.70
4011,41.50,18.70
6016,41.70,18.70
8022,41.60,18.70
10025,41.80,18.70
12029,43.00,18.80
14033,49.70,19.00
16038,55.80,19.10
18042,61.50,19.40
20046,66.50,19.60
22050,70.50,19.80
24054,74.20,19.90
26059,77.20,20.00
28065,79.80,20.20
30069,81.90,20.30
32073,83.70,20.40
34077,85.30,20.50
36081,86.40,20.50
38085,87.70,20.70
40091,88.40,20.70
42095,89.40,20.90
44099,90.00,21.00
46103,90.50,21.00
48107,91.20,21.10
50111,91.50,21.10
52117,92.00,21.20
54121,92.40,21.30
56125,92.50,21.30
58129,93.00,21.40
60134,93.30,21.50
62138,93.30,21.50
64142,93.70,21.60
66147,93.80,21.70
68152,93.90,21.70
70156,94.20,21.80