Time,Humidity,Temperature
3,40.30,18.30
2007,40.30,18.30
4011,40.30,18.30
6014,40.40,18.30
8018,40.40,18.30
10022,40.80,18.30
12027,42.30,18.40
14033,48.90,18.70
16037,55.30,18.80
18041,60.90,19.10
20045,66.10,19.40
22049,70.20,19.50
24054,73.90,19.80
26060,77.00,20.00
28065,79.40,20.00
30070,81.80,20.30
32075,83.60,20.40
34079,85.10,20.50
36083,86.70,20.70
38087,87.60,20.70
40092,89.00,21.00
42096,89.60,21.00
44100,90.20,21.10
46104,91.10,21.30
48109,91.40,21.20
50115,92.00,21.40
52119,92.30,21.40
54123,92.60,21.60
56127,93.10,21.70
58132,93.10,21.70
60136,93.60,21.90
62140,93.60,21.80
64144,93.80,22.00
66150,94.20,22.00
68154,94.10,22.10
70158,94.40,22.20