Time,Humidity,Temperature
3,44.30,20.80
2008,44.30,20.80
4012,44.30,20.90
6016,44.30,20.80
8019,44.30,20.90
10023,44.60,20.90
12027,46.10,20.80
14033,52.70,21.10
16038,59.20,21.30
18043,64.80,21.40
20047,69.70,21.60
22051,73.70,21.70
24055,77.10,21.80
26059,79.80,21.90
28065,81.90,21.90
30069,83.80,22.10
32073,85.50,22.20
34077,86.60,22.20
36083,87.80,22.30
38087,88.70,22.30
40091,89.30,22.40
42095,90.20,22.50
44099,90.60,22.60
46105,91.10,22.60
48109,91.70,22.80
50113,91.80,22.70
52117,92.50,22.90
54122,92.80,23.00
56128,92.90,23.00
58132,93.50,23.10
60136,93.80,23.20
62140,93.70,23.20
64144,94.30,23.30
66150,94.40,23.40
68154,94.60,23.40
70158,95.10,23.60