Time,Humidity,Temperature
3,40.70,18.70
2007,40.70,18.70
4011,40.80,18.70
6014,40.80,18.70
8018,40.70,18.70
10024,40.90,18.70
12029,42.40,18.80
14033,49.10,18.90
16037,55.00,19.00
18041,59.90,19.10
20046,64.60,19.30
22051,68.40,19.40
24057,71.80,19.50
26061,74.80,19.70
28065,77.20,19.80
30069,79.40,19.90
32073,81.30,20.10
34079,82.70,20.10
36084,84.00,20.30
38088,85.20,20.40
40092,86.00,20.50
42096,86.90,20.60
44100,87.50,20.70
46105,87.90,20.70
48109,88.60,20.90
50113,88.70,20.90
52117,89.00,20.90
54123,89.40,21.10
56127,89.30,21.10
58131,89.60,21.20
60135,89.90,21.40
62139,89.70,21.40
64145,90.00,21.60
66149,90.30,21.70
68153,89.80,21.60
70157,90.10,21.80