Time,Humidity,Temperature
3,42.60,18.90
2007,42.70,18.80
4011,42.80,18.90
6014,42.80,18.90
8018,42.80,18.90
10024,43.00,18.90
12028,44.10,18.90
14032,49.70,19.10
16036,55.40,19.20
18041,60.90,19.40
20046,65.70,19.50
22051,69.70,19.70
24057,73.20,19.80
26061,76.20,19.90
28065,78.90,20.00
30069,80.90,20.10
32073,82.80,20.20
34077,84.30,20.30
36082,85.80,20.40
38088,86.90,20.50
40092,87.80,20.60
42096,88.90,20.70
44101,89.60,20.80
46106,90.10,20.80
48111,90.80,21.00
50117,91.20,21.00
52121,91.70,21.10
54125,92.00,21.20
56129,92.30,21.20
58134,92.80,21.30
60140,92.90,21.30
62144,93.30,21.40
64148,93.60,21.50
66152,93.60,21.50
68156,94.00,21.60
70162,94.20,21.70