Time,Humidity,Temperature
3,41.10,20.20
2007,41.10,20.20
4011,41.20,20.20
6014,41.20,20.20
8018,41.10,20.20
10022,41.30,20.20
12027,41.90,20.20
14032,47.80,20.40
16036,54.90,20.60
18040,60.80,20.80
20044,66.20,21.10
22048,70.60,21.20
24052,74.40,21.40
26057,77.60,21.50
28063,80.10,21.50
30067,82.40,21.80
32071,84.10,21.80
34075,85.60,21.80
36079,87.10,22.10
38084,87.90,22.10
40088,88.70,22.10
42092,89.60,22.30
44097,90.00,22.20
46102,90.50,22.30
48106,91.10,22.40
50110,91.20,22.30
52114,91.50,22.40
54120,91.90,22.60
56124,91.90,22.50
58128,92.10,22.60
60132,92.50,22.70
62138,92.40,22.70
64143,92.50,22.80
66147,92.90,22.90
68151,92.70,22.90
70155,92.90,22.90