Time,Humidity,Temperature
3,41.60,20.50
2007,41.70,20.50
4011,41.60,20.50
6014,41.70,20.50
8018,41.60,20.50
10022,41.80,20.50
12026,43.60,20.50
14031,49.50,20.70
16035,54.90,20.70
18039,60.70,20.90
20043,65.50,20.90
22049,69.70,21.10
24053,73.00,21.10
26057,75.90,21.20
28061,78.30,21.30
30066,80.30,21.40
32070,81.90,21.40
34074,83.40,21.50
36078,84.40,21.50
38082,85.40,21.60
40088,86.00,21.60
42093,86.80,21.70
44098,86.90,21.70
46102,87.40,21.80
48106,87.50,21.70
50110,87.80,21.90
52116,87.50,21.80
54120,87.70,21.90
56124,87.10,21.90
58128,87.30,22.00
60133,86.40,21.90
62139,86.60,22.00
64143,85.60,22.00
66147,85.70,22.10
68151,84.20,22.10
70155,84.30,22.10