Time,Humidity,Temperature
3,45.40,20.60
2007,45.30,20.60
4011,45.30,20.60
6014,45.50,20.60
8018,45.50,20.60
10022,45.40,20.60
12027,45.70,20.60
14032,51.80,20.80
16037,58.00,20.90
18043,63.20,21.00
20047,68.10,21.20
22051,71.90,21.30
24055,75.30,21.40
26060,78.20,21.60
28065,80.60,21.60
30071,82.60,21.70
32075,84.40,21.80
34079,85.90,21.90
36083,87.10,21.90
38089,88.30,22.10
40093,89.10,22.10
42097,89.70,22.10
44101,90.70,22.40
46106,91.20,22.40
48112,91.60,22.40
50117,92.40,22.60
52121,92.60,22.70
54125,92.90,22.70
56129,93.60,22.90
58133,93.60,22.90
60137,93.90,23.00
62142,94.50,23.10
64146,94.50,23.10
66150,94.70,23.30
68156,95.20,23.30
70160,94.90,23.30