Time,Humidity,Temperature
4,41.10,20.00
2009,41.20,20.10
4013,41.20,20.10
6017,41.10,20.00
8020,41.60,20.00
10024,41.70,20.10
12028,42.40,20.10
14032,49.10,20.40
16036,56.20,20.60
18040,62.10,20.70
20046,67.20,21.00
22051,71.60,21.20
24055,75.10,21.20
26059,78.10,21.40
28063,80.50,21.40
30068,82.40,21.40
32074,84.10,21.60
34079,85.60,21.70
36083,86.60,21.60
38087,87.60,21.80
40091,88.40,21.80
42095,88.90,21.80
44101,89.60,22.00
46105,90.10,22.00
48109,90.40,22.00
50113,91.00,22.20
52118,91.20,22.20
54124,91.30,22.20
56128,91.80,22.40
58132,91.90,22.40
60136,92.10,22.40
62140,92.40,22.50
64145,92.40,22.50
66150,92.60,22.60
68156,92.80,22.70
70160,92.70,22.60