Time,Humidity,Temperature
3,41.30,18.70
2007,41.30,18.60
4011,41.40,18.60
6014,41.40,18.60
8018,41.40,18.60
10024,41.50,18.60
12028,42.90,18.60
14032,48.80,18.80
16036,54.40,18.80
18040,59.50,19.00
20045,64.40,19.10
22050,68.10,19.20
24056,71.70,19.40
26061,74.40,19.40
28065,77.10,19.60
30069,79.30,19.70
32073,81.10,19.70
34077,82.70,19.90
36082,83.90,19.90
38088,85.10,20.00
40092,86.20,20.20
42096,86.90,20.20
44100,87.60,20.30
46104,88.30,20.40
48109,88.80,20.40
50114,89.40,20.60
52118,89.90,20.60
54122,90.20,20.70
56126,90.80,20.90
58130,91.00,20.90
60135,91.20,20.90
62141,91.70,21.10
64146,91.50,21.00
66150,91.80,21.20
68154,92.10,21.20
70158,91.90,21.20