Time,Humidity,Temperature
3,42.30,20.20
2007,43.00,20.20
4011,42.90,20.30
6014,42.90,20.30
8018,42.80,20.30
10023,42.40,20.30
12029,43.70,20.30
14033,49.80,20.40
16037,56.00,20.50
18041,60.90,20.50
20045,66.20,20.60
22050,70.20,20.70
24054,73.70,20.70
26058,76.70,20.80
28063,78.90,20.80
30069,81.10,20.90
32073,82.70,21.00
34077,84.00,21.00
36081,85.30,21.10
38085,86.30,21.10
40090,87.30,21.20
42095,87.90,21.30
44099,88.70,21.40
46103,89.30,21.40
48108,89.90,21.40
50114,90.50,21.50
52118,90.70,21.50
54122,91.30,21.60
56126,91.50,21.60
58131,91.80,21.60
60137,92.20,21.70
62141,92.20,21.70
64145,92.60,21.80
66151,92.60,21.80
68155,92.80,21.80
70159,93.20,21.90