Time,Humidity,Temperature
3,41.40,20.80
2007,41.40,20.80
4011,41.50,20.80
6014,41.30,20.80
8018,41.30,20.70
10024,41.30,20.70
12029,41.80,20.80
14033,47.50,20.80
16037,53.20,20.90
18041,58.70,21.00
20045,63.50,21.10
22051,67.30,21.10
24056,70.80,21.20
26060,73.20,21.20
28064,75.50,21.40
30068,77.60,21.50
32074,78.70,21.50
34078,80.30,21.60
36082,81.40,21.60
38086,82.30,21.70
40090,83.40,21.80
42095,83.70,21.80
44101,84.40,21.90
46105,85.10,22.00
48109,85.20,22.00
50113,85.90,22.10
52119,85.80,22.10
54123,86.00,22.20
56127,86.50,22.30
58131,86.00,22.30
60136,86.50,22.50
62141,86.60,22.40
64146,86.40,22.50
66152,86.90,22.60
68156,86.30,22.60
70160,86.80,22.80