Time,Humidity,Temperature
3,45.80,20.80
2008,45.90,20.80
4012,45.80,20.80
6016,45.90,20.80
8019,45.80,20.70
10023,45.90,20.70
12028,46.60,20.70
14034,52.50,20.90
16039,58.60,21.10
18043,63.90,21.10
20047,68.60,21.40
22051,72.70,21.50
24057,76.00,21.50
26061,79.00,21.70
28065,81.50,21.80
30069,83.40,21.90
32073,85.10,22.00
34078,86.50,22.10
36083,87.80,22.20
38087,88.80,22.30
40091,89.60,22.30
42095,90.60,22.50
44101,91.10,22.60
46105,91.60,22.60
48109,92.40,22.80
50113,92.80,22.80
52117,93.10,22.90
54121,93.60,23.00
56127,93.80,23.00
58132,94.10,23.20
60136,94.60,23.30
62140,94.50,23.20
64144,94.80,23.40
66150,95.20,23.50
68154,95.20,23.50
70158,95.50,23.60