Time,Humidity,Temperature
3,41.40,20.10
2007,41.30,20.10
4011,41.50,20.10
6014,41.50,20.10
8018,41.50,20.10
10023,41.40,20.10
12028,41.60,20.10
14034,47.40,20.30
16038,54.40,20.50
18042,60.30,20.60
20046,65.80,20.90
22050,70.20,21.10
24056,74.00,21.10
26060,77.30,21.30
28064,80.00,21.40
30068,82.00,21.40
32072,84.00,21.60
34076,85.50,21.60
36082,86.90,21.80
38086,88.00,21.90
40090,88.80,21.90
42094,89.90,22.10
44098,90.30,22.10
46103,90.90,22.20
48107,91.50,22.30
50112,91.70,22.30
52116,92.20,22.50
54120,92.60,22.50
56124,92.60,22.50
58128,93.20,22.70
60132,93.30,22.70
62138,93.60,22.80
64142,94.00,22.90
66146,94.00,23.00
68150,94.40,23.10
70154,94.60,23.10