Time,Humidity,Temperature
4,40.80,19.50
2009,40.80,19.50
4014,40.80,19.50
6018,40.90,19.50
8022,40.90,19.50
10025,40.90,19.50
12029,41.70,19.60
14033,50.10,20.10
16038,57.20,20.20
18044,63.20,20.50
20048,68.90,21.00
22052,73.30,21.00
24056,77.20,21.40
26060,80.30,21.50
28066,82.50,21.50
30070,85.00,21.80
32074,86.50,21.80
34078,87.70,21.90
36083,89.10,22.00
38087,89.70,22.00
40091,90.50,22.10
42095,91.50,22.30
44101,91.60,22.20
46105,92.20,22.40
48109,93.00,22.60
50113,92.70,22.40
52117,93.50,22.70
54122,94.00,22.70
56128,93.60,22.70
58132,94.50,23.00
60136,94.80,23.00
62140,94.10,23.00
64146,95.10,23.20
66150,94.80,23.10
68154,94.80,23.20
70158,95.50,23.40