Time,Humidity,Temperature
4,41.00,20.00
2009,41.00,20.00
4014,41.00,20.00
6019,40.90,20.00
8024,40.90,20.00
10029,41.00,20.00
12033,41.20,20.00
14036,45.10,20.10
16040,51.60,20.30
18044,57.20,20.40
20048,62.50,20.60
22052,67.10,20.70
24057,70.90,20.80
26063,74.10,20.90
28067,76.90,21.00
30071,78.70,21.00
32075,80.70,21.10
34079,82.10,21.20
36084,83.20,21.20
38090,84.30,21.30
40095,85.20,21.40
42099,85.70,21.40
44103,86.50,21.60
46107,86.80,21.60
48111,87.20,21.60
50117,87.70,21.80
52121,87.60,21.80
54125,88.00,21.90
56129,88.40,22.00
58133,88.30,21.90
60139,88.50,22.10
62143,88.90,22.20
64147,88.70,22.10
66152,88.90,22.30
68156,89.00,22.30
70160,89.00,22.40