Time,Humidity,Temperature
4,40.40,18.00
2009,40.40,18.00
4014,40.40,18.00
6019,40.40,18.00
8024,40.60,18.00
10029,40.70,18.00
12033,42.90,18.10
14036,49.20,18.40
16040,55.10,18.50
18046,60.70,18.80
20050,65.50,19.10
22054,69.60,19.20
24058,73.40,19.50
26062,76.60,19.70
28067,79.10,19.80
30073,81.40,20.00
32078,83.50,20.20
34082,85.00,20.30
36086,86.40,20.50
38090,87.70,20.60
40094,88.60,20.70
42099,89.60,20.90
44105,90.30,20.90
46109,90.90,21.10
48113,91.40,21.20
50117,91.80,21.20
52121,92.60,21.50
54126,92.70,21.50
56130,92.90,21.50
58134,93.70,21.80
60139,93.90,21.80
62145,93.90,21.90
64149,94.40,22.10
66153,94.60,22.10
68157,94.70,22.20
70163,95.10,22.30