Time,Humidity,Temperature
3,42.10,20.30
2007,42.20,20.30
4011,42.10,20.30
6014,42.20,20.30
8018,42.30,20.30
10022,42.50,20.30
12028,43.70,20.30
14032,50.00,20.50
16037,56.10,20.50
18041,61.70,20.70
20045,66.60,20.80
22049,70.60,20.90
24053,74.10,21.00
26059,76.90,21.10
28064,79.30,21.20
30068,81.40,21.40
32072,83.10,21.40
34076,84.60,21.50
36080,85.70,21.50
38086,86.80,21.60
40090,87.50,21.70
42094,88.30,21.70
44099,88.80,21.80
46104,89.40,21.80
48108,89.70,21.90
50112,90.20,21.90
52116,90.40,22.00
54122,90.80,22.00
56126,91.00,22.10
58130,91.30,22.10
60134,91.40,22.20
62140,91.60,22.20
64144,91.80,22.30
66148,91.90,22.30
68154,92.00,22.30
70158,92.00,22.40