Time,Humidity,Temperature
3,41.40,20.50
2007,41.40,20.50
4011,41.40,20.50
6014,41.40,20.50
8018,41.40,20.50
10024,41.50,20.50
12028,43.30,20.60
14032,50.60,20.90
16036,57.00,20.90
18040,63.00,21.20
20044,68.00,21.40
22048,72.20,21.50
24054,75.80,21.70
26058,78.60,21.70
28062,81.10,21.90
30066,83.00,21.90
32071,84.40,21.90
34077,85.80,22.00
36081,86.70,22.00
38085,87.60,22.10
40089,88.20,22.10
42095,88.90,22.20
44099,89.40,22.20
46103,89.60,22.20
48107,90.00,22.30
50113,90.10,22.30
52118,90.50,22.40
54122,90.50,22.40
56126,90.70,22.50
58130,90.70,22.50
60135,90.90,22.60
62141,90.80,22.60
64145,90.90,22.70
66149,90.70,22.70
68153,90.90,22.80
70157,90.60,22.80