Time,Humidity,Temperature
3,40.70,16.70
2007,40.80,16.70
4011,40.80,16.70
6016,40.80,16.80
8020,40.90,16.80
10024,41.10,16.70
12028,43.90,16.80
14032,50.10,17.20
16036,55.70,17.40
18041,61.60,17.80
20046,66.20,17.80
22052,70.60,18.20
24056,74.00,18.40
26060,77.20,18.60
28064,79.60,18.80
30069,81.50,18.90
32073,83.60,19.20
34079,84.90,19.30
36084,86.20,19.50
38088,87.20,19.60
40092,88.40,19.80
42096,89.20,19.90
44100,90.00,20.10
46104,90.70,20.10
48110,91.40,20.30
50115,92.00,20.40
52119,92.30,20.50
54123,93.00,20.70
56127,93.10,20.70
58132,93.80,20.90
60136,93.90,20.90
62140,94.10,21.10
64146,94.50,21.10
66150,94.70,21.20
68154,95.30,21.40
70158,95.20,21.40