Time,Humidity,Temperature
3,41.80,21.20
2007,41.90,21.20
4011,41.80,21.20
6014,41.70,21.10
8018,41.70,21.10
10022,41.90,21.10
12027,43.20,21.20
14032,50.30,21.40
16036,56.90,21.50
18040,62.70,21.60
20044,67.80,21.80
22048,72.30,22.00
24054,75.80,22.00
26058,78.60,22.10
28062,81.10,22.20
30066,83.20,22.40
32070,84.90,22.40
34074,86.40,22.60
36078,87.50,22.60
38082,88.40,22.70
40088,89.30,22.80
42093,89.80,22.80
44097,90.50,22.90
46101,90.90,22.90
48105,91.30,23.00
50110,91.80,23.10
52116,91.90,23.10
54120,92.40,23.20
56124,92.40,23.20
58128,92.70,23.30
60134,93.10,23.50
62139,93.10,23.40
64143,93.30,23.50
66147,93.50,23.60
68151,93.50,23.60
70156,93.90,23.80