Time,Humidity,Temperature
3,41.10,18.60
2007,41.10,18.60
4011,41.10,18.60
6014,41.30,18.60
8018,41.70,18.60
10024,43.90,18.60
12028,47.10,18.70
14032,53.80,18.90
16036,59.40,19.10
18040,64.70,19.30
20045,69.00,19.50
22051,72.80,19.60
24055,76.10,19.80
26059,78.80,19.90
28063,81.10,20.10
30068,83.20,20.20
32073,84.80,20.30
34079,86.40,20.40
36083,87.60,20.60
38087,88.60,20.70
40091,89.70,20.80
42095,90.30,20.90
44100,91.40,21.10
46106,91.70,21.10
48110,92.20,21.20
50114,92.80,21.30
52118,92.90,21.30
54122,93.50,21.50
56128,93.80,21.50
58132,94.10,21.60
60136,94.50,21.70
62140,94.50,21.70
64144,94.70,21.80
66150,94.90,21.80
68154,94.90,21.90
70158,95.20,21.90