Time,Humidity,Temperature
3,40.60,18.60
2008,40.60,18.50
4012,40.70,18.60
6016,40.70,18.50
8019,40.70,18.60
10023,40.70,18.60
12027,40.80,18.60
14033,47.20,18.80
16038,53.70,18.90
18042,59.50,19.10
20046,64.60,19.30
22050,68.80,19.40
24054,72.50,19.50
26058,75.60,19.70
28064,78.10,19.70
30068,80.50,19.90
32072,82.20,20.00
34076,83.90,20.10
36080,85.50,20.30
38084,86.60,20.30
40090,87.50,20.50
42095,88.40,20.50
44099,89.10,20.60
46103,90.00,20.70
48107,90.30,20.80
50112,90.80,20.90
52117,91.40,21.00
54123,91.70,21.00
56127,92.10,21.10
58131,92.50,21.20
60135,92.60,21.20
62141,93.00,21.30
64145,93.10,21.30
66149,93.20,21.40
68154,93.50,21.50
70160,93.50,21.50