Time,Humidity,Temperature
4,41.00,19.70
2009,41.00,19.70
4014,41.00,19.70
6019,41.00,19.70
8024,41.00,19.70
10029,41.00,19.70
12034,41.60,19.70
14038,47.80,20.10
16041,54.50,20.30
18045,60.50,20.50
20049,66.20,20.90
22053,70.80,21.00
24058,74.70,21.20
26064,78.20,21.50
28068,80.70,21.50
30072,82.90,21.70
32076,84.80,21.90
34080,86.00,21.90
36086,87.50,22.10
38090,88.50,22.20
40094,88.90,22.10
42100,89.80,22.30
44105,90.60,22.50
46109,90.60,22.40
48113,91.30,22.60
50117,91.70,22.80
52121,91.40,22.60
54127,92.00,22.80
56131,92.40,23.00
58135,91.90,22.90
60140,92.50,23.10
62145,92.90,23.20
64149,92.20,23.10
66153,92.50,23.30
68157,92.70,23.40
70162,92.10,23.30