Time,Humidity,Temperature
3,43.70,18.20
2007,43.70,18.20
4011,43.60,18.20
6014,43.60,18.20
8018,43.70,18.20
10024,43.80,18.20
12028,45.00,18.20
14032,50.30,18.40
16036,55.80,18.50
18041,60.80,18.80
20046,65.70,19.00
22051,69.50,19.10
24055,73.00,19.30
26059,76.00,19.40
28063,78.40,19.50
30069,80.70,19.70
32074,82.40,19.70
34079,84.00,19.90
36084,85.30,20.00
38088,86.30,20.10
40092,87.60,20.30
42096,88.30,20.30
44101,89.10,20.50
46106,89.90,20.60
48110,90.20,20.60
50114,90.90,20.80
52118,91.40,20.80
54122,91.70,20.90
56126,92.40,21.10
58132,92.50,21.00
60136,93.00,21.20
62140,93.20,21.20
64144,93.30,21.30
66149,93.70,21.40
68155,93.70,21.40
70159,94.10,21.60