Time,Humidity,Temperature
3,45.60,20.50
2007,45.70,20.50
4011,45.70,20.50
6014,45.70,20.40
8018,45.70,20.50
10022,45.70,20.50
12028,47.30,20.50
14032,54.30,20.80
16036,60.60,21.00
18040,66.20,21.20
20044,71.10,21.50
22050,75.10,21.60
24054,78.50,21.80
26058,81.50,22.00
28062,83.60,22.00
30066,85.60,22.20
32072,87.30,22.30
34077,88.50,22.40
36081,89.40,22.40
38085,90.60,22.60
40089,91.20,22.70
42094,91.70,22.80
44100,92.60,22.90
46105,92.80,22.90
48109,93.20,23.00
50113,93.80,23.20
52117,93.80,23.10
54123,94.10,23.30
56128,94.70,23.40
58132,94.30,23.40
60136,94.70,23.50
62142,95.10,23.60
64146,94.80,23.60
66150,95.10,23.70
68155,95.50,23.80
70159,95.10,23.80