Time,Humidity,Temperature
3,40.90,19.60
2008,40.90,19.60
4012,41.00,19.60
6016,40.90,19.50
8019,40.90,19.50
10023,40.90,19.60
12027,42.70,19.60
14032,49.60,20.00
16038,55.90,20.10
18042,61.70,20.40
20046,66.90,20.70
22050,71.10,20.80
24055,74.90,21.00
26061,78.00,21.20
28065,80.40,21.30
30069,82.70,21.50
32073,84.40,21.60
34077,85.80,21.70
36083,87.30,21.90
38087,88.10,21.90
40091,89.20,22.10
42096,90.10,22.20
44102,90.40,22.20
46106,91.30,22.40
48110,91.50,22.40
50114,91.70,22.50
52118,92.40,22.60
54122,92.40,22.60
56127,92.80,22.80
58133,93.10,22.90
60137,93.10,22.90
62141,93.50,23.00
64145,93.30,23.00
66149,93.70,23.20
68155,93.90,23.20
70160,93.70,23.20