Time,Humidity,Temperature
3,50.80,22.90
2007,50.70,22.90
4011,50.70,22.80
6014,50.70,22.90
8019,50.70,22.80
10025,50.80,22.90
12029,51.00,22.90
14033,66.00,23.50
16037,77.20,24.10
18041,88.30,24.80
20047,96.90,25.10
22051,99.90,25.50
24055,99.90,25.80
26061,99.90,26.00
28065,99.90,26.40
30069,99.90,26.60
32073,99.90,26.80
34079,99.90,27.00
36083,99.90,27.10
38087,99.90,27.40
40093,99.90,27.40
42097,99.90,27.60
44101,99.90,27.70
46105,99.90,27.70
48109,99.90,28.00
50113,99.90,28.00
52118,99.90,28.10
54123,99.90,28.20
56129,99.90,28.30
58133,99.90,28.40
60137,99.90,28.40
62141,99.90,28.60
64145,99.90,28.70
66151,99.90,28.60
68155,99.90,28.80
70159,99.90,28.70
