Time,Humidity,Temperature
3,39.70,23.10
2007,39.70,23.10
4011,39.60,23.10
6014,39.70,23.10
8018,39.70,23.10
10024,39.90,23.10
12028,40.30,23.10
14032,60.20,23.80
16036,71.90,24.10
18041,78.30,24.20
20047,88.50,24.70
22051,93.20,24.80
24055,99.90,25.10
26060,99.90,25.30
28064,99.90,25.40
30068,99.90,25.70
32074,99.90,25.70
34078,99.90,26.00
36082,99.90,26.00
38086,99.90,26.20
40092,99.90,26.30
42096,99.90,26.40
44100,99.90,26.60
46104,99.90,26.60
48110,99.90,26.80
50114,99.90,26.90
52118,99.90,27.00
54122,99.90,27.20
56128,99.90,27.20
58132,99.90,27.40
60136,99.90,27.40
62142,99.90,27.60
64146,99.90,27.60
66150,99.90,27.80
68154,99.90,27.70
70158,99.90,27.90