Time,Humidity,Temperature
3,38.00,23.30
2007,38.00,23.30
4011,38.00,23.30
6014,38.00,23.30
8018,38.10,23.30
10023,38.20,23.30
12029,45.20,23.50
14033,62.90,23.90
16037,73.30,24.30
18041,83.50,24.70
20047,89.30,24.80
22051,97.90,25.20
24055,99.90,25.20
26061,99.90,25.40
28065,99.90,25.60
30069,99.90,25.80
32073,99.90,25.90
34078,99.90,26.10
36084,99.90,26.20
38088,99.90,26.40
40092,99.90,26.40
42096,99.90,26.70
44101,99.90,26.70
46105,99.90,26.80
48109,99.90,26.80
50115,99.90,27.00
52119,99.90,27.10
54123,99.90,27.30
56129,99.90,27.30
58133,99.90,27.60
60137,99.90,27.60
62142,99.90,27.80
64148,99.90,27.80
66153,99.90,28.00
68157,99.90,27.90
70161,99.90,28.20