Time,Humidity,Temperature
3,62.90,22.90
2007,63.00,23.00
4011,62.80,23.00
6014,62.90,23.00
8018,63.00,23.00
10024,63.10,23.00
12029,70.40,23.40
14033,83.80,23.90
16037,90.60,24.40
18041,98.40,24.80
20045,99.90,25.00
22050,99.90,25.40
24054,99.90,25.40
26058,99.90,25.80
28064,99.90,25.90
30068,99.90,26.30
32072,99.90,26.50
34076,99.90,26.80
36082,99.90,27.00
38086,99.90,27.10
40090,99.90,27.40
42096,99.90,27.50
44100,99.90,27.80
46104,99.90,28.00
48108,99.90,28.10
50112,99.90,28.30
52116,99.90,28.40
54122,99.90,28.50
56127,99.90,28.80
58131,99.90,28.70
60135,99.90,28.90
62139,99.90,28.90
64143,99.90,29.00
66147,99.90,29.20
68152,99.90,29.30
70158,99.90,29.50
