Time,Humidity,Temperature
4,39.20,23.60
2009,39.00,23.60
4013,38.90,23.60
6017,39.00,23.60
8020,42.40,23.60
10024,46.40,23.60
12028,66.30,24.50
14033,76.90,24.80
16039,86.60,25.10
18043,93.30,25.30
20047,99.90,25.70
22051,99.90,25.80
24055,99.90,25.90
26060,99.90,26.00
28064,99.90,26.20
30068,99.90,26.40
32073,99.90,26.70
34077,99.90,26.70
36081,99.90,26.80
38085,99.90,26.70
40090,99.90,26.90
42094,99.90,27.10
44098,99.90,27.20
46104,99.90,27.30
48108,99.90,27.40
50112,99.90,27.40
52118,99.90,27.60
54123,99.90,27.70
56127,99.90,27.80
58131,99.90,27.80
60135,99.90,28.00
62139,99.90,28.00
64143,99.90,28.10
66147,99.90,28.20
68152,99.90,28.30
70158,99.90,28.40