Time,Humidity,Temperature
3,63.80,22.70
2007,63.70,22.70
4011,63.80,22.70
6014,63.80,22.70
8018,63.80,22.70
10023,64.40,22.70
12029,69.40,23.00
14033,82.20,23.60
16037,89.40,24.20
18041,96.80,24.50
20046,99.90,25.10
22050,99.90,25.30
24054,99.90,25.80
26060,99.90,26.00
28064,99.90,26.20
30068,99.90,26.30
32072,99.90,26.50
34078,99.90,26.80
36082,99.90,27.00
38086,99.90,27.40
40091,99.90,27.60
42096,99.90,27.90
44100,99.90,28.10
46104,99.90,28.10
48108,99.90,28.30
50112,99.90,28.40
52116,99.90,28.50
54122,99.90,28.60
56126,99.90,28.70
58130,99.90,28.80
60134,99.90,28.80
62138,99.90,29.00
64142,99.90,29.10
66147,99.90,29.10
68153,99.90,29.30
70158,99.90,29.30
