Time,Humidity,Temperature
3,39.10,24.10
2007,39.00,24.10
4011,38.80,24.00
6014,38.80,24.00
8018,38.80,24.00
10022,38.80,24.00
12026,39.10,24.00
14030,57.50,24.40
16034,68.20,24.60
18039,76.30,24.80
20044,85.20,25.00
22048,91.30,25.20
24052,97.70,25.40
26057,99.90,25.50
28061,99.90,25.80
30065,99.90,26.00
32069,99.90,26.20
34073,99.90,26.30
36079,99.90,26.50
38083,99.90,26.70
40087,99.90,26.80
42093,99.90,27.00
44097,99.90,26.90
46101,99.90,27.10
48107,99.90,27.10
50111,99.90,27.30
52115,99.90,27.30
54119,99.90,27.40
56124,99.90,27.40
58128,99.90,27.60
60132,99.90,27.70
62136,99.90,27.80
64141,99.90,28.10
66146,99.90,28.00
68152,99.90,28.10
70157,99.90,28.00