Time,Humidity,Temperature
4,51.30,22.70
2008,51.20,22.80
4013,51.20,22.80
6018,51.20,22.80
8023,51.30,22.80
10028,51.40,22.80
12033,65.00,23.20
14039,74.60,23.40
16044,83.80,24.00
18048,90.60,24.20
20051,98.20,24.60
22057,99.90,24.90
24061,99.90,25.00
26065,99.90,25.40
28070,99.90,25.60
30076,99.90,25.80
32080,99.90,26.10
34084,99.90,26.20
36088,99.90,26.50
38094,99.90,26.70
40098,99.90,26.80
42102,99.90,27.20
44106,99.90,27.30
46111,99.90,27.40
48115,99.90,27.50
50119,99.90,27.60
52125,99.90,27.80
54130,99.90,27.80
56134,99.90,28.10
58138,99.90,28.20
60142,99.90,28.30
62146,99.90,28.50
64150,99.90,28.50
66156,99.90,28.70
68160,99.90,28.70
70164,99.90,28.80