Time,Humidity,Temperature
3,39.20,23.80
2007,39.10,23.80
4011,39.10,23.80
6014,39.10,23.70
8018,39.10,23.70
10024,39.20,23.70
12029,43.30,23.90
14033,63.70,24.50
16037,73.60,24.90
18041,84.40,25.30
20047,90.40,25.40
22052,98.00,25.70
24056,99.90,25.80
26060,99.90,25.90
28064,99.90,26.10
30070,99.90,26.00
32074,99.90,26.20
34078,99.90,26.40
36082,99.90,26.70
38088,99.90,26.90
40092,99.90,27.10
42096,99.90,27.10
44102,99.90,27.30
46106,99.90,27.30
48110,99.90,27.40
50115,99.90,27.50
52119,99.90,27.50
54123,99.90,27.60
56128,99.90,27.70
58133,99.90,27.70
60138,99.90,27.80
62144,99.90,27.90
64149,99.90,28.00
66153,99.90,27.90
68157,99.90,28.10
70161,99.90,28.00