Time,Humidity,Temperature
4,61.60,23.30
2009,61.60,23.40
4014,61.60,23.30
6019,61.60,23.40
8023,61.70,23.40
10027,62.50,23.40
12030,74.30,23.90
14034,84.80,24.50
16040,92.10,24.90
18044,99.20,25.10
20048,99.90,25.50
22053,99.90,25.60
24059,99.90,26.00
26063,99.90,26.00
28067,99.90,26.30
30071,99.90,26.30
32077,99.90,26.50
34081,99.90,26.70
36085,99.90,26.80
38091,99.90,27.20
40095,99.90,27.30
42099,99.90,27.50
44103,99.90,27.70
46108,99.90,27.70
48113,99.90,28.10
50119,99.90,28.10
52124,99.90,28.40
54128,99.90,28.40
56132,99.90,28.80
58136,99.90,28.90
60140,99.90,28.90
62144,99.90,29.20
64149,99.90,29.30
66155,99.90,29.30
68160,99.90,29.50
70164,99.90,29.50
