Time,Humidity,Temperature
3,39.50,23.70
2007,39.50,23.60
4011,39.50,23.60
6014,39.50,23.60
8018,39.40,23.60
10022,39.70,23.60
12027,57.20,24.20
14033,69.10,24.50
16037,76.40,24.70
18041,86.80,25.10
20045,92.20,25.20
22051,99.90,25.60
24055,99.90,25.70
26059,99.90,25.90
28063,99.90,26.00
30069,99.90,26.30
32073,99.90,26.40
34077,99.90,26.70
36081,99.90,26.70
38087,99.90,26.90
40091,99.90,26.80
42095,99.90,27.20
44101,99.90,27.10
46105,99.90,27.40
48109,99.90,27.40
50115,99.90,27.60
52119,99.90,27.40
54123,99.90,27.70
56127,99.90,27.70
58131,99.90,28.00
60135,99.90,27.80
62139,99.90,28.10
64144,99.90,28.00
66150,99.90,28.20
68155,99.90,28.00
70159,99.90,28.30