Time,Humidity,Temperature
3,50.20,23.10
2007,50.20,23.10
4011,50.20,23.10
6016,50.20,23.10
8019,50.20,23.10
10023,50.20,23.10
12028,50.30,23.10
14032,65.80,23.80
16036,77.10,24.20
18040,86.70,24.60
20046,93.90,24.90
22050,99.90,25.50
24054,99.90,25.70
26058,99.90,25.80
28064,99.90,26.20
30068,99.90,26.10
32072,99.90,26.60
34076,99.90,26.70
36082,99.90,26.90
38086,99.90,27.10
40090,99.90,27.20
42096,99.90,27.50
44100,99.90,27.60
46104,99.90,27.70
48108,99.90,27.90
50112,99.90,27.90
52117,99.90,28.20
54123,99.90,28.20
56127,99.90,28.30
58131,99.90,28.50
60135,99.90,28.40
62139,99.90,28.60
64144,99.90,28.60
66150,99.90,28.60
68154,99.90,28.80
70158,99.90,28.70