Time,Humidity,Temperature
3,39.80,23.60
2007,39.70,23.70
4011,39.70,23.60
6014,39.60,23.60
8018,39.70,23.60
10023,40.90,23.60
12029,42.40,23.70
14033,63.30,24.40
16037,73.70,24.70
18041,85.00,25.10
20045,91.80,25.30
22051,99.90,25.70
24055,99.90,26.00
26059,99.90,25.90
28063,99.90,26.20
30069,99.90,26.20
32073,99.90,26.40
34077,99.90,26.40
36081,99.90,26.70
38086,99.90,26.70
40090,99.90,26.80
42094,99.90,26.90
44100,99.90,27.00
46104,99.90,27.20
48108,99.90,27.30
50112,99.90,27.40
52117,99.90,27.40
54121,99.90,27.60
56125,99.90,27.60
58131,99.90,27.80
60136,99.90,27.70
62140,99.90,27.80
64144,99.90,27.80
66148,99.90,28.00
68152,99.90,27.90
70156,99.90,28.00