Time,Humidity,Temperature
3,39.80,22.10
2007,39.80,22.10
4011,39.80,22.10
6014,39.80,22.10
8018,39.90,22.10
10023,40.20,22.10
12029,43.60,22.10
14034,51.30,22.30
16038,64.90,22.90
18042,75.10,23.50
20046,82.50,23.80
22052,92.50,24.30
24056,96.60,24.50
26060,99.90,24.80
28064,99.90,25.00
30069,99.90,25.20
32073,99.90,25.30
34077,99.90,25.60
36083,99.90,25.80
38087,99.90,26.10
40091,99.90,26.20
42095,99.90,26.60
44101,99.90,26.60
46105,99.90,26.90
48109,99.90,27.00
50113,99.90,27.20
52118,99.90,27.50
54122,99.90,27.50
56126,99.90,27.80
58130,99.90,27.90
60135,99.90,27.90
62141,99.90,28.20
64145,99.90,28.20
66149,99.90,28.40
68153,99.90,28.40
70157,99.90,28.50