Time,Humidity,Temperature
3,49.60,23.70
2007,49.70,23.60
4011,49.60,23.70
6014,49.60,23.60
8020,49.70,23.60
10024,49.60,23.60
12028,49.80,23.60
14032,61.70,24.00
16038,74.80,24.50
18042,82.80,24.70
20046,91.90,25.10
22051,98.50,25.50
24055,99.90,25.60
26059,99.90,26.00
28063,99.90,26.00
30069,99.90,26.30
32073,99.90,26.50
34077,99.90,26.60
36081,99.90,26.90
38087,99.90,26.90
40091,99.90,27.10
42095,99.90,27.10
44101,99.90,27.20
46105,99.90,27.50
48109,99.90,27.60
50113,99.90,27.90
52118,99.90,27.80
54124,99.90,27.90
56129,99.90,28.10
58133,99.90,28.10
60137,99.90,28.30
62141,99.90,28.30
64145,99.90,28.30
66150,99.90,28.60
68156,99.90,28.50
70160,99.90,28.70