Time,Humidity,Temperature
4,52.40,27.60
2008,52.40,27.60
4013,52.30,27.60
6017,52.30,27.60
8020,52.40,27.60
10024,52.30,27.60
12028,52.40,27.60
14032,59.40,27.70
16036,76.90,28.30
18040,83.10,28.40
20044,90.40,28.70
22048,94.10,28.90
24054,97.40,28.90
26059,99.90,29.30
28063,99.90,29.20
30067,99.90,29.50
32071,99.90,29.60
34075,99.90,29.60
36080,99.90,29.80
38086,99.90,30.00
40090,99.90,29.90
42094,99.90,30.20
44098,99.90,30.00
46104,99.90,30.20
48108,99.90,30.20
50112,99.90,30.10
52116,99.90,30.50
54120,99.90,30.40
56126,99.90,30.40
58130,99.90,30.60
60134,99.90,30.40
62138,99.90,30.70
64142,99.90,30.70
66148,99.90,30.60
68152,99.90,30.80
70156,99.90,30.70