Time,Humidity,Temperature
4,39.20,23.40
2009,39.20,23.40
4014,39.20,23.40
6018,39.20,23.40
8022,39.40,23.40
10025,40.90,23.40
12029,54.70,23.80
14033,67.10,24.20
16037,78.30,24.70
18043,87.80,25.20
20047,93.60,25.40
22051,99.90,25.90
24055,99.90,26.00
26061,99.90,26.20
28065,99.90,26.30
30069,99.90,26.40
32073,99.90,26.50
34079,99.90,26.70
36083,99.90,26.80
38087,99.90,27.00
40093,99.90,27.20
42097,99.90,27.30
44101,99.90,27.40
46105,99.90,27.70
48110,99.90,27.80
50115,99.90,28.00
52121,99.90,28.10
54126,99.90,28.20
56130,99.90,28.30
58134,99.90,28.30
60138,99.90,28.40
62142,99.90,28.60
64148,99.90,28.50
66152,99.90,28.70
68156,99.90,28.60
70160,99.90,28.70