Time,Humidity,Temperature
4,62.70,22.40
2009,62.70,22.40
4014,62.70,22.40
6018,62.70,22.40
8022,62.80,22.40
10025,63.10,22.40
12029,68.30,22.70
14033,81.90,23.50
16037,90.00,23.80
18043,99.10,24.30
20047,99.90,24.40
22051,99.90,24.90
24056,99.90,25.20
26060,99.90,25.70
28064,99.90,25.90
30068,99.90,26.10
32074,99.90,26.40
34078,99.90,26.50
36082,99.90,26.80
38086,99.90,27.00
40092,99.90,27.20
42096,99.90,27.40
44100,99.90,27.60
46105,99.90,27.80
48111,99.90,28.10
50116,99.90,28.00
52120,99.90,28.10
54124,99.90,28.00
56128,99.90,28.40
58132,99.90,28.70
60137,99.90,28.70
62143,99.90,29.10
64147,99.90,28.90
66151,99.90,29.20
68155,99.90,29.20
70159,99.90,29.30
