Time,Humidity,Temperature
3,51.00,22.80
2007,50.90,22.80
4011,51.00,22.80
6014,51.00,22.80
8020,51.10,22.80
10025,51.40,22.80
12029,53.50,22.90
14033,73.60,23.80
16037,82.60,24.20
18041,91.30,24.60
20046,98.00,24.90
22051,99.90,25.00
24055,99.90,25.30
26060,99.90,25.30
28064,99.90,25.60
30068,99.90,25.70
32072,99.90,25.90
34078,99.90,26.00
36082,99.90,26.20
38086,99.90,26.40
40090,99.90,26.50
42094,99.90,26.70
44099,99.90,26.80
46103,99.90,26.90
48107,99.90,27.30
50113,99.90,27.40
52117,99.90,27.60
54121,99.90,27.70
56125,99.90,27.80
58129,99.90,28.00
60133,99.90,28.00
62138,99.90,28.10
64144,99.90,28.20
66149,99.90,28.20
68153,99.90,28.30
70157,99.90,28.30