Time,Humidity,Temperature
4,52.80,22.80
2009,52.70,22.80
4013,52.70,22.80
6017,52.70,22.80
8020,52.70,22.80
10024,52.50,22.80
12028,52.50,22.80
14034,53.60,22.80
16038,62.70,23.00
18042,66.90,23.10
20046,74.90,23.40
22050,80.20,23.70
24055,84.80,23.90
26061,88.90,24.10
28065,91.80,24.30
30069,97.00,24.70
32073,97.10,24.70
34079,99.90,25.20
36083,99.90,25.20
38087,99.90,25.60
40091,99.90,25.60
42097,99.90,25.80
44101,99.90,26.00
46105,99.90,26.10
48109,99.90,26.30
50115,99.90,26.30
52119,99.90,26.60
54123,99.90,26.70
56127,99.90,26.90
58132,99.90,27.10
60136,99.90,27.30
62140,99.90,27.30
64145,99.90,27.60
66149,99.90,27.50
68153,99.90,27.80
70157,99.90,27.70
