Time,Humidity,Temperature
3,46.20,21.60
2007,46.20,21.60
4011,46.20,21.60
6014,46.40,21.60
8018,46.40,21.60
10022,46.50,21.60
12026,46.50,21.60
14030,48.10,21.60
16035,56.90,21.90
18041,61.80,22.00
20046,68.80,22.30
22050,73.10,22.40
24054,78.60,22.80
26058,81.40,22.90
28062,85.20,23.20
30068,87.50,23.40
32073,89.90,23.60
34077,91.50,23.70
36081,93.50,24.10
38085,94.60,24.20
40091,96.10,24.50
42095,96.80,24.60
44099,98.00,24.80
46103,97.80,24.90
48108,99.40,25.20
50113,99.10,25.30
52117,99.90,25.60
54121,99.90,25.70
56127,99.90,26.00
58131,99.90,26.00
60135,99.90,26.20
62139,99.90,26.20
64145,99.90,26.50
66149,99.90,26.50
68153,99.90,26.80
70157,99.90,26.80

