Time,Humidity,Temperature
3,50.90,22.40
2007,51.00,22.40
4011,51.00,22.40
6017,51.00,22.40
8020,51.30,22.40
10025,51.70,22.40
12032,52.20,22.40
14036,60.80,22.70
16041,64.30,22.80
18045,73.70,23.20
20049,76.80,23.30
22053,82.90,23.60
24057,82.00,23.70
26061,87.10,23.90
28066,86.50,24.00
30072,90.90,24.30
32076,89.00,24.30
34080,92.90,24.60
36084,91.60,24.70
38089,94.70,25.00
40095,92.40,25.00
42099,95.90,25.30
44103,93.30,25.30
46109,96.30,25.60
48114,94.30,25.60
50118,98.30,26.00
52122,93.50,25.90
54126,96.80,26.10
56130,92.00,26.10
58134,95.60,26.30
60139,92.80,26.40
62145,94.30,26.50
64149,97.60,26.70
66153,91.80,26.60
68157,95.50,26.80
70161,91.20,26.80
