Time,Humidity,Temperature
4,57.80,22.70
2008,57.60,22.80
4014,57.40,22.70
6019,57.30,22.60
8024,57.10,22.60
10028,56.90,22.60
12032,56.40,22.60
14035,56.90,22.60
16039,65.70,22.90
18043,70.60,23.00
20047,77.60,23.50
22051,82.70,23.60
24057,86.90,23.90
26061,92.00,24.30
28065,94.50,24.50
30069,99.90,24.90
32074,99.90,25.20
34078,99.90,25.60
36082,99.90,25.80
38086,99.90,26.10
40092,99.90,26.30
42096,99.90,26.60
44100,99.90,26.80
46106,99.90,27.00
48110,99.90,27.10
50114,99.90,27.40
52119,99.90,27.50
54124,99.90,27.70
56128,99.90,27.80
58132,99.90,28.00
60136,99.90,28.30
62140,99.90,28.30
64144,99.90,28.60
66150,99.90,28.60
68155,99.90,28.80
70159,99.90,28.90
