Time,Humidity,Temperature
3,38.00,23.90
2007,38.00,23.90
4011,38.00,23.90
6014,38.10,23.90
8019,38.20,23.90
10023,38.40,23.90
12027,40.00,23.90
14031,48.10,24.00
16035,52.00,24.00
18039,60.00,24.00
20043,61.30,24.10
22047,69.10,24.10
24052,68.40,24.20
26057,73.60,24.20
28063,71.20,24.30
30067,75.20,24.30
32071,71.60,24.40
34075,75.20,24.40
36079,72.30,24.50
38085,76.00,24.60
40089,73.60,24.60
42093,75.80,24.70
44097,71.40,24.80
46103,73.30,24.90
48107,69.80,24.90
50111,69.80,25.00
52115,67.30,25.10
54121,65.30,25.20
56125,67.90,25.30
58129,77.00,25.50
60133,77.90,25.50
62137,83.80,25.70
64141,83.70,25.70
66145,87.90,25.80
68150,87.50,25.90
70155,91.00,26.00