Time,Humidity,Temperature
3,50.80,23.60
2007,50.70,23.60
4011,50.80,23.50
6014,50.70,23.60
8019,50.70,23.50
10023,50.60,23.50
12027,50.80,23.50
14033,51.40,23.50
16037,63.40,23.90
18041,66.60,24.00
20045,74.80,24.20
22049,81.60,24.60
24053,83.70,24.80
26058,89.40,25.10
28062,87.30,25.10
30066,92.80,25.50
32070,90.50,25.50
34075,94.90,25.80
36081,92.10,25.80
38085,96.60,26.10
40089,95.60,26.20
42093,99.40,26.50
44097,96.10,26.50
46102,99.70,26.70
48108,94.70,26.60
50112,98.20,26.90
52116,92.90,26.80
54120,96.60,27.00
56124,92.70,27.00
58129,96.20,27.20
60135,92.30,27.20
62140,95.80,27.40
64144,91.40,27.40
66148,95.00,27.60
68152,91.10,27.50
70156,94.60,27.70
