Time,Humidity,Temperature
3,50.20,22.60
2007,50.30,22.60
4011,50.30,22.60
6014,50.30,22.60
8020,50.30,22.60
10024,50.40,22.60
12028,50.50,22.60
14032,56.50,22.80
16036,64.90,23.00
18041,69.00,23.10
20047,77.60,23.60
22051,82.70,23.70
24055,87.50,23.80
26059,93.40,24.20
28065,93.60,24.10
30069,96.20,24.30
32073,99.90,24.60
34077,99.20,24.60
36083,99.90,24.90
38087,99.90,25.10
40091,99.90,25.00
42096,99.90,25.30
44100,99.90,25.50
46105,99.90,25.40
48109,99.90,25.70
50113,99.90,26.00
52117,99.90,26.00
54122,99.90,26.10
56128,99.90,26.30
58132,99.90,26.20
60136,99.90,26.40
62140,99.90,26.50
64146,96.70,26.40
66150,99.00,26.60
68154,99.90,26.80
70158,96.80,26.70
