Time,Humidity,Temperature
3,49.70,22.10
2007,49.70,22.10
4011,49.60,22.10
6016,49.70,22.10
8019,49.70,22.10
10023,49.70,22.10
12027,49.80,22.10
14033,49.90,22.10
16038,59.20,22.50
18042,66.20,22.70
20046,74.30,23.10
22050,77.90,23.20
24054,83.70,23.50
26059,85.00,23.60
28064,89.20,23.90
30068,90.20,23.90
32072,92.90,24.20
34076,95.00,24.40
36081,95.50,24.50
38085,98.10,24.80
40089,97.60,24.90
42094,99.90,25.20
44098,99.60,25.30
46102,99.90,25.60
48106,99.90,25.70
50110,99.90,25.90
52116,99.90,26.00
54120,99.90,26.20
56124,99.90,26.30
58128,99.90,26.40
60134,99.90,26.60
62138,99.60,26.70
64142,99.90,26.90
66146,99.90,26.90
68151,99.90,27.10
70155,99.90,27.20
