Time,Humidity,Temperature
4,56.50,22.60
2009,56.50,22.60
4014,56.40,22.70
6019,56.30,22.60
8024,56.10,22.60
10029,56.10,22.50
12034,55.70,22.60
14039,55.30,22.50
16043,59.90,22.70
18046,68.40,23.10
20050,71.90,23.10
22055,78.30,23.50
24059,82.30,23.60
26063,86.50,23.90
28067,90.50,24.20
30071,92.50,24.30
32076,95.80,24.60
34080,96.30,24.70
36085,99.80,25.00
38089,99.90,25.00
40093,99.90,25.50
42098,99.90,25.40
44102,99.90,25.70
46106,99.90,25.70
48110,99.90,26.00
50114,99.90,26.00
52119,99.90,26.30
54123,99.90,26.30
56127,99.90,26.50
58132,99.90,26.50
60137,99.90,26.70
62141,99.90,26.90
64145,99.90,27.00
66151,99.90,27.20
68155,99.90,27.30
70159,99.90,27.40
