Time,Humidity,Temperature
4,58.80,21.50
2009,58.70,21.50
4013,58.70,21.40
6017,58.50,21.50
8022,58.60,21.40
10027,58.50,21.40
12030,58.10,21.40
14034,58.30,21.50
16038,65.70,21.70
18042,73.50,22.10
20048,78.40,22.30
22052,84.50,22.70
24056,88.20,22.90
26060,91.50,23.20
28064,96.50,23.50
30070,97.10,23.60
32074,99.90,23.90
34078,99.90,24.10
36083,99.90,24.20
38087,99.90,24.70
40091,99.90,24.70
42096,99.90,25.00
44100,99.90,25.00
46105,99.90,25.30
48110,99.90,25.70
50114,99.90,25.70
52118,99.90,26.00
54122,99.90,26.40
56128,99.90,26.30
58132,99.90,26.70
60136,99.90,26.90
62141,99.90,26.90
64145,99.90,27.30
66149,99.90,27.30
68153,99.90,27.50
70158,99.90,27.50
