Time,Humidity,Temperature
3,39.90,23.20
2007,39.90,23.20
4011,39.90,23.20
6014,39.90,23.20
8018,40.40,23.20
10022,41.50,23.20
12026,43.20,23.20
14030,52.90,23.30
16035,60.20,23.40
18041,70.50,23.50
20045,76.30,23.60
22049,82.40,23.70
24053,86.20,23.90
26057,90.60,24.00
28063,92.90,24.10
30067,95.80,24.20
32071,97.50,24.40
34075,99.80,24.50
36080,99.90,24.60
38084,99.90,24.70
40088,99.90,24.80
42093,99.90,24.90
44097,99.90,25.00
46101,99.90,25.10
48106,99.90,25.20
50110,99.90,25.30
52116,99.90,25.30
54120,99.90,25.40
56124,99.90,25.50
58130,99.90,25.60
60134,99.90,25.70
62138,99.90,25.80
64142,99.90,25.80
66148,99.90,26.00
68152,99.90,26.00
70156,99.90,26.10