Time,Humidity,Temperature
3,40.30,22.50
2007,40.30,22.50
4011,40.30,22.50
6014,40.30,22.50
8018,40.40,22.50
10022,40.80,22.50
12026,41.60,22.50
14030,44.80,22.50
16034,57.00,22.60
18038,64.30,22.80
20042,72.20,23.00
22047,77.60,23.10
24053,83.30,23.30
26057,87.90,23.50
28061,92.10,23.60
30065,95.90,23.70
32070,98.90,23.90
34074,99.90,24.10
36079,99.90,24.30
38083,99.90,24.40
40087,99.90,24.70
42093,99.90,24.80
44097,99.90,25.00
46101,99.90,25.20
48107,99.90,25.30
50111,99.90,25.40
52115,99.90,25.60
54119,99.90,25.70
56125,99.90,25.80
58129,99.90,25.80
60133,99.90,26.00
62137,99.90,26.00
64143,99.90,26.20
66147,99.90,26.20
68151,99.90,26.40
70155,99.90,26.50
