Time,Humidity,Temperature
4,41.10,23.00
2009,41.00,23.00
4014,41.00,23.00
6019,41.10,23.00
8024,41.10,23.00
10028,41.10,23.00
12032,41.30,23.00
14035,42.90,23.00
16039,55.30,23.20
18043,64.80,23.40
20047,72.00,23.50
22052,78.90,23.60
24057,83.60,23.70
26063,88.30,23.90
28067,91.20,24.00
30071,94.70,24.10
32075,96.10,24.20
34079,98.50,24.40
36085,99.30,24.50
38089,99.90,24.70
40093,99.90,24.80
42099,99.90,24.90
44103,99.90,25.00
46107,99.90,25.20
48113,99.90,25.40
50117,99.90,25.50
52121,99.90,25.60
54126,99.90,25.70
56132,99.90,25.80
58136,99.90,26.00
60140,99.90,26.00
62144,99.90,26.20
64150,99.00,26.20
66154,99.90,26.30
68158,97.70,26.30
70162,99.10,26.50
