Time,Humidity,Temperature
4,57.70,22.60
2008,57.60,22.60
4013,57.60,22.60
6017,57.60,22.60
8020,57.40,22.50
10024,57.20,22.50
12028,57.10,22.50
14033,56.90,22.50
16038,56.40,22.50
18043,64.00,22.80
20048,71.20,23.00
22054,73.50,23.10
24059,78.90,23.40
26063,82.60,23.50
28067,84.50,23.70
30071,88.30,24.00
32076,88.90,24.00
34082,92.10,24.50
36086,93.90,24.60
38090,94.30,24.60
40094,98.00,25.20
42100,99.40,25.20
44104,99.50,25.30
46108,99.90,25.80
48112,99.90,25.80
50117,99.90,25.90
52121,99.90,26.30
54125,99.90,26.20
56129,99.90,26.30
58134,99.90,26.70
60138,99.90,26.60
62142,99.90,26.90
64148,99.90,26.90
66152,99.90,26.90
68156,99.90,27.30
70160,99.90,27.10