Time,Humidity,Temperature
4,56.50,22.10
2009,56.30,22.10
4014,56.20,22.10
6019,56.20,22.00
8024,56.40,22.00
10029,56.60,22.00
12034,56.30,22.00
14038,58.40,22.10
16041,67.70,22.40
18045,71.90,22.60
20049,79.50,23.10
22053,84.10,23.30
24059,88.80,23.60
26063,93.40,23.80
28067,94.90,23.90
30072,99.90,24.30
32076,99.80,24.40
34080,99.90,24.80
36085,99.90,24.90
38089,99.90,25.10
40093,99.90,25.20
42098,99.90,25.50
44102,99.90,25.50
46106,99.90,25.70
48112,99.90,26.00
50116,99.90,26.00
52120,99.90,26.30
54124,99.90,26.30
56130,99.90,26.50
58134,99.90,26.60
60138,99.90,26.70
62143,99.90,26.80
64147,99.90,26.90
66151,99.40,27.00
68155,99.60,27.10
70161,99.90,27.30
