Time,Humidity,Temperature
4,57.30,22.80
2009,57.20,22.80
4014,57.10,22.80
6019,57.10,22.70
8024,57.10,22.80
10029,57.20,22.60
12034,57.00,22.60
14038,56.70,22.60
16041,63.20,22.80
18045,66.90,22.90
20049,73.50,23.20
22054,77.50,23.40
24060,82.00,23.60
26064,86.10,23.80
28068,88.90,24.00
30072,93.00,24.40
32076,94.40,24.50
34082,97.90,24.90
36086,99.90,25.10
38090,99.90,25.20
40096,99.90,25.60
42100,99.90,25.70
44104,99.90,25.90
46108,99.90,26.30
48114,99.90,26.30
50118,99.90,26.60
52122,99.90,26.80
54126,99.90,26.90
56132,99.90,27.20
58136,99.90,27.20
60140,99.90,27.50
62146,99.90,27.60
64150,99.90,27.80
66154,99.90,27.90
68158,99.90,28.00
70162,99.90,28.10
