Time,Humidity,Temperature
3,50.10,22.60
2007,50.10,22.70
4011,50.10,22.60
6014,50.10,22.60
8018,50.10,22.60
10023,50.10,22.60
12029,50.10,22.60
14034,54.70,22.80
16038,65.80,23.20
18042,69.20,23.30
20046,77.30,23.60
22050,81.10,23.70
24056,84.70,23.90
26060,89.40,24.20
28064,89.50,24.30
30070,93.40,24.60
32075,90.50,24.60
34079,94.30,25.00
36083,95.90,25.20
38088,95.70,25.30
40092,96.10,25.50
42096,96.20,25.70
44100,99.50,26.00
46105,96.90,26.00
48111,99.90,26.30
50115,97.90,26.40
52119,99.90,26.70
54124,97.20,26.80
56130,98.80,27.00
58134,98.40,27.10
60138,98.70,27.30
62142,97.10,27.40
64147,97.90,27.50
66153,98.50,27.70
68157,95.90,27.70
70161,99.50,27.90
