Time,Humidity,Temperature
4,56.50,21.60
2009,56.60,21.60
4014,56.50,21.60
6019,56.50,21.60
8024,56.50,21.60
10028,56.40,21.50
12032,56.20,21.50
14035,56.50,21.60
16039,65.80,21.90
18043,72.70,22.00
20048,78.70,22.30
22052,84.10,22.60
24056,88.50,22.80
26060,94.00,23.20
28065,96.30,23.40
30070,99.90,23.80
32074,99.90,23.80
34078,99.90,24.20
36084,99.90,24.40
38088,99.90,24.70
40092,99.90,24.90
42097,99.90,25.20
44101,99.90,25.60
46105,99.90,25.70
48109,99.90,26.00
50115,99.90,26.10
52119,99.90,26.40
54123,99.90,26.60
56127,99.90,26.80
58132,99.90,27.10
60136,99.90,27.10
62140,99.90,27.40
64145,99.90,27.40
66149,99.90,27.70
68153,99.90,27.70
70157,99.90,27.90
