Time,Humidity,Temperature
4,53.00,26.50
2008,52.90,26.40
4013,52.80,26.40
6017,52.80,26.40
8020,52.70,26.40
10024,52.70,26.40
12028,52.60,26.40
14032,52.50,26.40
16037,52.50,26.40
18042,60.20,26.80
20046,71.30,27.10
22050,79.60,27.70
24054,85.30,27.90
26058,89.80,28.40
28062,93.00,28.40
30068,95.80,28.70
32072,97.80,28.80
34076,99.70,29.00
36080,99.90,29.20
38084,99.90,29.30
40088,99.90,29.50
42093,99.90,29.50
44099,99.90,29.80
46103,99.90,29.80
48107,99.90,30.00
50111,99.90,30.10
52117,99.90,30.20
54121,99.90,30.30
56125,99.90,30.40
58129,99.90,30.50
60133,99.90,30.40
62139,99.90,30.70
64143,99.90,30.70
66147,99.90,30.90
68151,99.90,30.80
70157,99.90,31.00