Time,Humidity,Temperature
4,53.50,25.70
2008,53.50,25.70
4013,53.60,25.80
6018,53.80,25.80
8023,53.90,25.80
10027,53.90,25.80
12030,53.80,25.70
14034,54.10,25.70
16038,65.70,26.30
18042,74.50,26.50
20047,81.30,26.90
22052,86.00,27.20
24058,90.00,27.50
26062,93.20,27.90
28066,95.40,28.10
30070,97.30,28.30
32075,99.20,28.60
34081,99.90,28.70
36085,99.90,28.90
38089,99.90,29.10
40093,99.90,29.20
42097,99.90,29.60
44103,99.90,29.80
46107,99.90,29.90
48111,99.90,30.10
50115,99.90,30.20
52119,99.90,30.30
54125,99.90,30.50
56129,99.90,30.50
58133,99.90,30.60
60137,99.90,30.80
62143,99.90,30.80
64147,99.90,30.90
66151,99.90,31.00
68155,99.90,30.90
70159,99.90,31.10