Time,Humidity,Temperature
3,52.20,23.70
2007,52.40,23.70
4011,52.40,23.80
6014,52.30,23.70
8018,52.40,23.70
10024,52.50,23.70
12028,52.70,23.80
14032,59.60,24.00
16036,69.20,24.30
18041,76.50,24.60
20045,82.10,25.00
22049,86.70,25.40
24053,90.70,25.80
26057,94.10,26.10
28062,96.80,26.40
30068,99.00,26.50
32072,99.90,26.70
34076,99.90,27.00
36081,99.90,27.20
38085,99.90,27.40
40089,99.90,27.60
42093,99.90,27.80
44098,99.90,28.00
46104,99.90,28.40
48108,99.90,28.60
50112,99.90,28.90
52116,99.90,29.00
54120,99.90,29.30
56124,99.90,29.70
58129,99.90,29.80
60135,99.90,29.70
62139,99.90,29.70
64143,99.90,29.70
66147,99.90,29.80
68151,99.90,29.70
70156,99.90,29.70