Time,Humidity,Temperature
3,49.20,25.20
2007,49.30,25.20
4011,49.20,25.20
6017,49.30,25.20
8020,49.10,25.20
10024,49.10,25.30
12028,49.20,25.20
14034,53.30,25.40
16038,63.60,25.60
18042,71.90,25.90
20046,78.40,26.10
22050,83.50,26.30
24054,87.60,26.60
26058,90.80,26.80
28062,93.40,26.90
30068,95.70,27.20
32073,97.80,27.40
34077,99.60,27.60
36081,99.90,27.80
38085,99.90,28.00
40089,99.90,28.10
42093,99.90,28.20
44099,99.90,28.40
46104,99.90,28.50
48108,99.90,28.70
50112,99.90,28.80
52116,99.90,28.80
54120,99.90,28.90
56125,99.90,29.00
58131,99.90,29.40
60135,99.90,29.50
62139,99.90,29.60
64143,99.90,29.80
66147,99.90,29.90
68153,99.90,30.00
70157,99.90,30.10