Time,Humidity,Temperature
4,46.70,27.20
2009,46.70,27.20
4014,46.80,27.20
6018,46.90,27.10
8022,46.80,27.10
10025,46.70,27.10
12029,46.80,27.20
14034,55.40,27.30
16039,65.40,27.60
18045,73.10,27.80
20049,79.10,28.00
22053,83.80,28.30
24057,87.30,28.50
26061,90.00,28.70
28065,92.10,28.80
30070,93.80,29.00
32076,95.30,29.20
34080,96.40,29.30
36084,97.30,29.40
38088,98.10,29.60
40092,98.60,29.60
42096,98.90,29.70
44101,99.20,29.80
46106,99.50,29.80
48112,99.70,29.90
50116,99.90,30.00
52120,99.90,30.10
54124,99.90,30.10
56129,99.90,30.20
58134,99.90,30.20
60138,99.90,30.20
62142,99.90,30.30
64147,99.90,30.30
66151,99.90,30.30
68155,99.90,30.40
70159,99.90,30.40