Time,Humidity,Temperature
4,54.80,22.40
2008,54.80,22.40
4012,54.90,22.40
6016,54.80,22.40
8019,54.90,22.40
10023,54.90,22.40
12027,55.00,22.40
14031,54.90,22.40
16035,56.30,22.40
18039,65.90,22.90
20043,74.00,23.30
22047,80.10,23.80
24052,85.00,24.10
26057,89.10,24.50
28061,92.80,24.80
30065,96.00,25.10
32070,98.40,25.40
34075,99.90,25.60
36079,99.90,25.90
38083,99.90,26.10
40087,99.90,26.30
42093,99.90,26.50
44097,99.90,26.60
46101,99.90,26.70
48107,99.90,26.90
50111,99.90,26.90
52115,99.90,27.10
54121,99.90,27.30
56125,99.90,27.50
58129,99.90,27.70
60133,99.90,27.80
62137,99.90,27.90
64141,99.90,28.10
66146,99.90,28.20
68152,99.90,28.30
70156,99.90,28.40