Time,Humidity,Temperature
4,53.40,24.00
2008,53.30,24.10
4013,53.20,24.10
6018,53.20,24.10
8023,53.10,24.10
10028,53.00,24.10
12033,52.90,24.10
14036,57.30,24.20
16041,66.80,24.40
18046,74.20,24.60
20050,79.80,24.80
22054,84.40,25.10
24058,88.30,25.30
26064,91.50,25.60
28068,94.10,25.80
30072,96.20,26.00
32076,98.20,26.20
34080,99.90,26.40
36084,99.90,26.50
38090,99.90,26.70
40094,99.90,26.70
42098,99.90,26.90
44104,99.90,27.00
46108,99.90,27.10
48112,99.90,27.30
50117,99.90,27.30
52121,99.90,27.40
54125,99.90,27.40
56129,99.90,27.40
58134,99.90,27.40
60138,99.90,27.30
62142,99.90,27.20
64148,99.90,27.30
66152,99.90,27.40
68156,99.90,27.60
70161,99.90,27.80