Time,Humidity,Temperature
3,48.40,26.50
2008,50.30,26.50
4012,50.70,26.60
6016,50.20,26.60
8019,49.60,26.70
10023,48.90,26.60
12027,48.30,26.60
14032,48.00,26.60
16037,55.20,26.70
18043,62.30,26.80
20047,68.70,26.90
22051,74.10,27.00
24056,78.40,27.10
26061,81.80,27.20
28066,84.50,27.40
30071,86.40,27.40
32077,88.10,27.50
34081,89.30,27.60
36085,90.40,27.70
38089,91.30,27.80
40093,92.10,27.90
42097,92.80,28.00
44101,93.40,28.10
46106,94.00,28.20
48112,94.60,28.30
50116,95.00,28.40
52120,95.50,28.50
54125,95.90,28.60
56129,96.20,28.70
58133,96.50,28.70
60137,96.60,28.80
62141,96.90,28.80
64145,97.20,28.90
66151,97.40,28.90
68155,97.60,29.00
70159,97.90,29.10