Time,Humidity,Temperature
4,48.10,25.90
2009,48.00,25.90
4013,47.90,25.90
6017,47.80,25.90
8020,48.10,26.00
10024,48.30,25.90
12028,48.70,26.00
14032,52.00,26.00
16036,62.80,26.20
18041,71.60,26.50
20046,78.40,26.80
22050,83.90,27.10
24056,88.50,27.50
26060,92.20,27.90
28064,95.30,28.20
30068,97.80,28.50
32073,99.90,28.80
34079,99.90,29.00
36083,99.90,29.10
38087,99.90,29.30
40091,99.90,29.40
42095,99.90,29.60
44099,99.90,29.70
46104,99.90,29.70
48110,99.90,29.80
50114,99.90,29.80
52118,99.90,29.80
54122,99.90,29.80
56127,99.90,29.80
58133,99.90,29.90
60137,99.90,29.90
62141,99.90,29.90
64145,99.90,29.90
66151,99.90,30.00
68155,99.90,30.10
70159,99.90,30.20