Time,Humidity,Temperature
3,47.90,26.30
2007,47.70,26.30
4011,47.70,26.30
6014,47.60,26.20
8018,47.40,26.30
10023,47.30,26.30
12029,47.30,26.30
14033,47.30,26.30
16037,46.70,26.20
18041,57.20,26.50
20045,66.90,26.70
22049,74.50,27.00
24054,80.50,27.30
26060,85.10,27.60
28064,88.80,27.90
30068,91.60,28.20
32072,94.10,28.40
34076,96.10,28.60
36081,97.70,28.80
38086,98.90,28.90
40092,99.90,29.00
42096,99.90,29.10
44100,99.90,29.20
46104,99.90,29.40
48108,99.90,29.50
50114,99.90,29.60
52119,99.90,29.70
54123,99.90,29.70
56127,99.90,29.80
58131,99.90,29.90
60135,99.90,30.00
62141,99.90,30.10
64145,99.90,30.10
66149,99.90,30.20
68153,99.90,30.20
70159,99.90,30.20