Time,Humidity,Temperature
3,48.50,25.20
2007,48.50,25.20
4011,48.50,25.20
6014,48.60,25.20
8020,48.70,25.20
10024,48.70,25.20
12028,48.60,25.20
14032,48.60,25.20
16038,48.60,25.20
18042,48.50,25.20
20046,48.50,25.20
22050,48.60,25.20
24056,56.10,25.40
26061,66.50,25.80
28065,74.10,26.10
30069,80.20,26.40
32073,84.90,26.70
34077,88.80,26.80
36081,92.00,27.00
38085,94.50,27.20
40089,96.70,27.40
42094,98.40,27.60
44099,99.80,27.80
46105,99.90,27.80
48110,99.90,27.90
50114,99.90,28.00
52118,99.90,28.20
54122,99.90,28.30
56126,99.90,28.50
58131,99.90,28.60
60137,99.90,28.80
62142,99.90,28.90
64146,99.90,29.00
66150,99.90,29.10
68154,99.90,29.10
70158,99.90,29.20