Time,Humidity,Temperature
4,54.50,25.00
2009,55.10,25.00
4013,55.50,25.00
6017,55.60,25.00
8020,55.50,25.00
10024,55.40,25.00
12028,55.30,25.00
14032,55.30,25.00
16037,55.40,25.00
18043,59.70,25.30
20048,70.70,25.90
22053,78.90,26.50
24057,84.90,27.00
26061,89.30,27.40
28065,92.90,27.70
30069,95.80,28.20
32075,98.20,28.30
34079,99.90,28.60
36083,99.90,28.80
38087,99.90,29.00
40091,99.90,29.20
42096,99.90,29.40
44102,99.90,29.60
46106,99.90,29.80
48110,99.90,30.00
50114,99.90,30.00
52119,99.90,30.00
54125,99.90,30.00
56129,99.90,30.10
58133,99.90,30.10
60137,99.90,30.20
62143,99.90,30.30
64147,99.90,30.50
66151,99.90,30.60
68155,99.90,30.80
70160,99.90,30.90