Time,Humidity,Temperature
4,32.20,29.70
2009,31.80,29.70
4013,31.50,29.70
6017,31.30,29.60
8020,31.40,29.60
10024,31.30,29.60
12028,31.10,29.50
14032,31.20,29.50
16036,41.20,29.60
18040,55.10,29.70
20044,64.10,29.70
22048,70.80,29.70
24052,76.10,29.80
26057,79.30,29.70
28063,82.40,29.70
30068,84.80,29.70
32072,86.70,29.80
34076,87.90,29.70
36080,88.90,29.70
38084,89.70,29.70
40089,90.10,29.70
42095,90.50,29.70
44099,90.80,29.80
46103,91.10,29.80
48107,91.30,29.80
50112,91.60,29.80
52117,91.50,29.80
54123,91.00,29.90
56127,90.50,29.90
58131,90.00,29.90
60135,90.00,30.00
62139,89.90,30.00
64144,89.50,30.00
66148,89.50,30.10
68152,89.70,30.00
70156,88.70,30.10