Time,Humidity,Temperature
4,33.40,28.10
2009,33.50,28.10
4013,33.90,28.10
6017,34.80,28.10
8020,35.00,28.10
10024,34.90,28.00
12029,34.90,28.00
14034,38.60,28.00
16040,46.90,28.00
18045,54.80,28.10
20050,61.00,28.10
22054,66.60,28.20
24058,70.80,28.30
26062,74.20,28.40
28066,77.30,28.40
30070,80.30,28.50
32074,81.70,28.40
34078,82.30,28.50
36083,83.00,28.60
38088,82.80,28.70
40092,81.10,28.70
42096,82.60,28.80
44100,83.40,28.90
46104,83.80,28.90
48109,83.10,28.90
50114,83.20,29.00
52119,83.20,29.00
54125,82.90,29.10
56130,82.70,29.20
58134,82.30,29.20
60138,81.90,29.20
62142,82.30,29.30
64146,82.30,29.40
66151,82.20,29.40
68157,81.90,29.50
70161,81.40,29.50