Time,Humidity,Temperature
3,36.10,23.80
2007,36.20,23.80
4011,36.40,23.80
6014,36.60,23.80
8018,36.70,23.80
10024,36.90,23.80
12029,36.90,23.80
14033,37.40,23.80
16037,44.00,23.90
18041,51.80,24.00
20045,57.90,24.10
22050,62.60,24.20
24055,66.40,24.20
26060,69.70,24.30
28064,71.10,24.30
30068,72.70,24.40
32074,75.30,24.50
34079,76.80,24.50
36083,78.60,24.60
38087,80.40,24.80
40091,80.40,24.80
42095,81.60,24.90
44099,81.80,25.00
46105,81.30,25.00
48109,81.50,25.10
50113,81.70,25.20
52117,81.70,25.30
54121,82.30,25.40
56126,81.40,25.50
58130,81.30,25.70
60134,81.60,25.70
62138,82.00,25.80
64142,82.00,25.90
66146,82.00,25.90
68150,81.20,26.00
70154,81.30,26.10