Time,Humidity,Temperature
4,36.40,25.60
2008,37.50,25.50
4012,37.80,25.50
6017,37.70,25.50
8020,37.40,25.50
10024,37.30,25.50
12029,37.40,25.50
14033,37.40,25.50
16037,37.80,25.50
18043,40.60,25.50
20047,50.40,25.70
22051,55.50,25.60
24055,62.30,25.70
26059,66.20,25.80
28063,69.50,25.80
30067,73.30,25.90
32072,75.00,25.90
34077,76.90,26.00
36082,76.80,26.00
38086,77.50,26.00
40090,78.80,26.10
42094,78.70,26.10
44098,78.50,26.10
46102,78.70,26.20
48106,78.30,26.10
50110,79.90,26.20
52115,79.60,26.20
54120,78.80,26.20
56125,80.20,26.30
58131,79.60,26.30
60136,79.00,26.30
62141,79.40,26.40
64146,79.10,26.40
66151,78.50,26.40
68156,80.00,26.50
70161,79.60,26.50