Time,Humidity,Temperature
4,30.10,27.60
2008,30.40,27.50
4013,30.30,27.40
6018,30.30,27.50
8023,30.50,27.40
10028,31.00,27.40
12033,31.40,27.40
14039,33.00,27.50
16044,45.80,27.70
18048,55.90,27.70
20051,64.70,27.80
22055,70.40,27.90
24059,75.20,27.90
26063,78.70,28.00
28067,79.90,27.90
30073,81.90,28.00
32078,81.20,28.10
34083,81.70,28.00
36087,81.40,28.00
38091,80.70,28.00
40095,81.80,28.10
42099,79.00,28.10
44103,81.40,28.40
46107,82.60,28.30
48112,84.20,28.40
50118,84.50,28.50
52122,86.00,28.60
54126,84.00,28.40
56130,83.70,28.40
58134,83.40,28.50
60138,82.50,28.50
62144,83.80,28.60
64149,81.90,28.60
66153,81.00,28.60
68157,82.20,28.70
70161,82.30,28.70