Time,Humidity,Temperature
4,36.00,24.00
2009,36.10,24.00
4014,36.20,24.00
6018,36.20,24.00
8022,36.20,24.00
10025,36.30,24.00
12029,36.70,24.00
14033,39.30,24.00
16038,47.70,24.10
18043,55.30,24.30
20047,61.70,24.30
22051,67.10,24.40
24055,71.60,24.60
26061,74.60,24.60
28066,77.40,24.70
30071,80.00,24.80
32075,81.50,24.90
34079,83.30,25.00
36083,84.10,25.00
38089,84.90,25.10
40093,85.60,25.20
42097,86.10,25.20
44101,86.70,25.30
46107,86.90,25.40
48111,87.10,25.40
50115,87.40,25.50
52120,87.60,25.60
54124,87.50,25.60
56129,87.00,25.60
58135,87.10,25.80
60140,86.90,25.80
62144,86.90,25.90
64148,87.60,26.00
66152,87.30,26.00
68156,86.70,26.10
70160,85.60,26.10