Time,Humidity,Temperature
3,36.60,23.80
2007,37.00,23.90
4011,37.50,23.80
6014,37.90,23.90
8020,38.00,23.90
10024,37.90,23.90
12028,38.50,23.80
14032,41.90,23.90
16038,49.50,24.00
18043,56.50,24.20
20047,61.30,24.20
22051,66.50,24.30
24055,70.00,24.50
26059,72.90,24.50
28064,75.50,24.60
30068,76.40,24.70
32072,78.10,24.80
34076,79.90,25.00
36082,80.20,25.00
38086,81.30,25.10
40090,81.90,25.20
42094,82.20,25.30
44100,82.30,25.40
46104,83.10,25.50
48108,82.70,25.60
50112,82.50,25.60
52116,83.10,25.70
54121,82.70,25.80
56126,82.20,25.80
58131,81.90,25.90
60136,82.60,25.90
62142,82.90,26.00
64147,83.30,26.10
66152,82.00,26.10
68156,82.50,26.30
70160,82.40,26.30