Time,Humidity,Temperature
3,33.50,29.50
2008,33.20,29.40
4013,33.00,29.40
6018,32.80,29.40
8022,32.50,29.40
10025,32.40,29.30
12029,32.40,29.30
14033,37.60,29.40
16037,48.70,29.40
18041,58.40,29.50
20045,64.60,29.40
22049,68.20,29.40
24054,72.80,29.40
26059,74.90,29.60
28064,75.70,29.60
30069,77.10,29.40
32075,79.50,29.60
34079,78.60,29.50
36083,78.60,29.50
38087,80.90,29.50
40091,80.50,29.50
42095,80.50,29.50
44099,81.90,29.50
46104,81.70,29.50
48110,81.30,29.50
50114,82.60,29.50
52118,82.70,29.60
54122,81.00,29.50
56126,82.20,29.60
58130,82.40,29.70
60135,81.90,29.70
62141,83.10,29.70
64146,83.20,29.70
66150,83.10,29.70
68154,82.70,29.70
70158,83.50,29.80