Time,Humidity,Temperature
4,32.30,27.90
2009,32.20,27.90
4014,32.10,28.00
6019,32.00,27.90
8024,32.00,27.90
10028,31.90,27.90
12033,32.00,27.80
14036,31.70,27.80
16040,37.70,27.90
18044,47.70,27.90
20049,55.80,27.90
22054,62.70,28.00
24060,69.30,28.00
26065,74.20,28.10
28070,77.70,28.20
30075,81.10,28.20
32079,83.30,28.20
34083,83.70,28.30
36087,84.50,28.30
38091,84.70,28.30
40097,83.80,28.40
42101,83.00,28.40
44105,82.10,28.50
46109,80.90,28.50
48113,81.40,28.50
50118,80.60,28.60
52123,80.80,28.60
54128,80.40,28.80
56133,79.70,28.80
58138,79.30,28.80
60143,76.90,28.90
62148,78.20,28.90
64153,78.90,28.90
66158,80.80,29.00
68163,81.60,29.00
70169,81.60,29.10
