Time,Humidity,Temperature
4,36.10,25.70
2008,36.10,25.70
4014,36.20,25.70
6019,36.40,25.70
8024,36.50,25.70
10029,36.40,25.70
12033,37.40,25.70
14038,40.00,25.70
16041,47.80,25.90
18045,54.20,25.90
20049,59.00,26.00
22053,63.20,26.00
24057,67.20,26.00
26061,69.60,26.10
28065,71.30,26.10
30069,73.50,26.10
32075,74.90,26.20
34079,75.80,26.10
36083,76.60,26.30
38087,77.40,26.30
40091,78.30,26.40
42095,78.30,26.40
44099,78.10,26.40
46103,78.00,26.40
48107,78.70,26.50
50111,79.30,26.60
52115,79.50,26.50
54119,78.80,26.60
56123,79.90,26.60
58127,79.90,26.70
60131,79.60,26.70
62136,79.40,26.70
64141,79.20,26.70
66147,79.10,26.80
68152,79.40,26.80
70157,79.40,26.90