Time,Humidity,Temperature
3,29.00,28.30
2007,29.00,28.30
4012,29.20,28.30
6017,29.70,28.40
8022,30.20,28.20
10025,30.50,28.20
12030,30.80,28.20
14034,31.00,28.30
16038,43.80,28.40
18042,51.40,28.50
20046,56.50,28.50
22050,63.20,28.60
24054,67.20,28.70
26059,69.70,28.90
28065,71.60,28.80
30070,75.30,28.90
32074,76.80,28.80
34079,77.60,28.80
36084,77.90,28.80
38089,79.60,28.90
40094,78.80,28.90
42099,78.80,28.90
44105,79.40,28.90
46110,80.50,29.00
48115,79.80,29.00
50119,79.00,29.00
52123,78.50,29.00
54127,79.90,29.10
56131,80.50,29.10
58135,80.10,29.10
60139,78.90,29.20
62143,79.10,29.20
64148,78.90,29.20
66153,79.60,29.30
68159,79.90,29.40
70164,79.40,29.30