Time,Humidity,Temperature
4,35.90,24.00
2009,35.90,24.00
4013,35.90,24.00
6017,36.00,24.00
8020,36.10,24.00
10024,36.70,24.00
12028,40.30,24.00
14032,43.30,24.00
16036,51.80,24.20
18040,55.20,24.20
20044,59.80,24.30
22050,64.80,24.50
24054,68.50,24.60
26058,72.10,24.70
28062,73.70,24.80
30066,75.20,24.90
32071,76.40,25.00
34075,76.90,25.00
36079,78.90,25.10
38083,78.70,25.20
40088,80.20,25.30
42094,81.00,25.40
44098,81.30,25.50
46102,82.10,25.50
48107,82.40,25.60
50112,82.60,25.60
52117,83.30,25.70
54123,82.50,25.80
56128,82.30,25.80
58132,82.80,25.90
60136,81.90,26.00
62140,81.30,26.00
64144,81.30,26.10
66148,81.90,26.10
68152,81.60,26.20
70156,80.50,26.30