Time,Humidity,Temperature
3,33.50,28.70
2007,33.50,28.70
4011,33.70,28.70
6014,33.80,28.60
8018,33.90,28.60
10022,34.50,28.60
12027,38.40,28.60
14031,52.80,28.80
16035,60.00,28.70
18040,68.60,29.00
20045,74.40,29.10
22051,78.90,29.10
24056,82.50,29.20
26060,85.20,29.30
28064,87.10,29.30
30068,88.40,29.30
32072,89.20,29.30
34077,89.60,29.40
36082,89.80,29.40
38088,90.00,29.40
40093,89.90,29.40
42097,89.90,29.50
44101,89.20,29.50
46105,88.50,29.50
48110,88.40,29.60
50115,88.80,29.70
52121,88.00,29.70
54125,87.70,29.70
56129,87.80,29.70
58133,87.80,29.80
60138,87.30,29.80
62143,86.60,29.80
64149,86.00,29.80
66153,86.10,29.80
68157,86.20,29.90
70161,85.90,29.90