Time,Humidity,Temperature
4,30.80,27.10
2008,30.80,27.20
4014,31.00,27.10
6019,31.20,27.10
8024,31.90,27.10
10029,32.20,27.10
12033,32.10,27.10
14036,32.00,27.10
16041,32.00,27.10
18045,34.90,27.10
20049,41.50,27.20
22053,48.50,27.40
24057,54.80,27.40
26061,60.60,27.50
28066,64.50,27.60
30072,67.50,27.70
32076,70.00,27.70
34080,71.90,27.70
36084,73.30,27.80
38090,73.30,27.90
40094,73.40,27.90
42098,76.10,28.10
44102,76.20,28.10
46106,75.80,28.10
48111,76.20,28.10
50117,76.40,28.10
52121,76.60,28.10
54125,77.60,28.20
56129,78.60,28.20
58133,79.90,28.20
60137,80.50,28.20
62141,81.90,28.30
64145,81.80,28.30
66151,82.70,28.40
68156,82.80,28.40
70160,82.70,28.40