Time,Humidity,Temperature
3,38.60,25.20
2007,38.80,25.30
4011,39.30,25.20
6014,39.60,25.20
8018,40.20,25.20
10022,40.50,25.20
12026,42.20,25.20
14032,47.10,25.20
16037,52.80,25.20
18041,59.30,25.30
20045,63.50,25.40
22049,66.30,25.40
24055,68.40,25.40
26059,71.80,25.50
28063,73.00,25.60
30067,74.50,25.60
32072,76.60,25.60
34077,76.50,25.70
36082,76.80,25.70
38086,78.20,25.80
40090,78.40,25.90
42094,78.00,25.90
44098,78.50,26.00
46102,79.70,26.00
48106,79.00,26.10
50110,78.60,26.10
52114,79.90,26.20
54118,79.70,26.30
56122,79.20,26.30
58127,79.00,26.30
60132,79.50,26.40
62137,79.10,26.40
64142,78.40,26.40
66147,78.10,26.50
68152,78.30,26.50
70157,78.70,26.60