Time,Humidity,Temperature
3,36.20,24.60
2007,36.90,24.60
4011,37.40,24.60
6014,37.40,24.60
8018,37.40,24.60
10024,37.30,24.60
12028,37.20,24.60
14032,37.10,24.60
16036,41.60,24.60
18042,49.70,24.70
20046,56.50,24.80
22050,62.90,24.90
24054,69.70,24.90
26058,72.90,25.00
28063,76.10,25.10
30067,79.70,25.10
32071,82.10,25.20
34077,83.80,25.30
36081,85.40,25.40
38085,86.00,25.40
40089,86.90,25.40
42094,87.70,25.50
44098,88.10,25.60
46102,88.60,25.70
48106,89.10,25.70
50110,89.40,25.80
52115,89.50,25.80
54120,89.70,26.00
56125,89.80,26.00
58130,89.70,26.10
60135,89.50,26.10
62141,89.00,26.10
64146,88.70,26.20
66150,88.30,26.20
68154,88.00,26.30
70158,87.70,26.30