Time,Humidity,Temperature
4,46.00,28.20
2009,44.40,28.20
4013,42.70,28.30
6017,41.10,28.30
8020,39.80,28.40
10024,38.60,28.40
12028,37.60,28.50
14032,37.30,28.50
16036,40.20,28.60
18041,53.60,28.80
20046,57.60,28.90
22050,65.10,29.10
24055,68.60,29.10
26061,73.40,29.30
28066,73.90,29.30
30071,77.40,29.50
32075,78.60,29.50
34079,81.10,29.70
36083,78.10,29.60
38087,80.90,29.80
40091,79.30,29.80
42096,81.80,29.90
44102,81.40,30.00
46107,82.00,30.00
48111,80.80,30.20
50115,81.80,30.20
52119,81.00,30.20
54123,81.30,30.30
56127,80.90,30.30
58132,80.10,30.40
60137,82.10,30.40
62143,81.30,30.50
64148,80.80,30.50
66152,82.20,30.60
68156,80.60,30.60
70160,78.50,30.60