Time,Humidity,Temperature
3,36.30,25.10
2007,36.70,25.10
4011,37.00,25.10
6017,37.10,25.00
8020,36.90,25.10
10024,37.10,25.10
12028,37.40,25.00
14034,39.80,25.00
16038,47.90,25.20
18042,53.70,25.20
20046,60.10,25.30
22052,63.40,25.30
24056,67.80,25.40
26060,71.30,25.50
28065,73.40,25.50
30070,75.70,25.60
32074,77.20,25.60
34079,78.10,25.70
36084,78.90,25.70
38089,79.20,25.70
40094,80.40,25.80
42099,80.70,25.90
44105,81.20,25.90
46110,80.60,26.00
48114,80.10,26.00
50119,79.80,26.00
52125,79.90,26.10
54130,79.70,26.10
56135,80.00,26.20
58140,80.70,26.20
60145,80.50,26.30
62149,80.90,26.30
64153,81.10,26.40
66157,81.20,26.40
68161,81.40,26.50
70165,80.90,26.40