Time,Humidity,Temperature
3,36.60,23.80
2007,36.60,23.80
4011,36.70,23.80
6014,36.80,23.80
8019,36.70,23.80
10023,36.70,23.80
12027,36.90,23.80
14031,41.90,23.80
16037,51.10,24.00
18042,59.20,24.20
20047,65.20,24.30
22051,70.60,24.40
24055,74.90,24.60
26059,78.40,24.70
28063,81.20,24.70
30068,83.40,24.90
32074,85.10,25.00
34078,86.50,25.10
36082,87.50,25.20
38088,87.90,25.30
40092,88.00,25.30
42096,87.80,25.50
44100,86.90,25.60
46104,86.10,25.60
48109,85.30,25.80
50115,85.50,25.90
52120,84.40,26.00
54124,83.30,26.00
56130,83.70,26.10
58135,83.40,26.10
60140,83.50,26.20
62144,83.60,26.30
64148,83.00,26.40
66152,84.40,26.40
68156,84.10,26.50
70160,83.40,26.50