Time,Humidity,Temperature
4,32.90,28.60
2009,32.90,28.60
4014,32.90,28.60
6018,33.10,28.50
8022,33.20,28.40
10025,34.20,28.40
12029,35.30,28.40
14033,44.80,28.50
16038,55.50,28.60
18043,64.10,28.60
20049,70.20,28.70
22053,75.10,28.80
24058,78.50,28.80
26062,80.90,28.90
28066,81.40,28.90
30070,83.00,28.90
32074,84.90,29.00
34078,85.60,29.00
36083,85.90,29.10
38088,86.10,29.10
40094,86.40,29.10
42099,86.80,29.20
44104,87.20,29.20
46109,86.90,29.20
48113,86.80,29.30
50117,86.30,29.30
52121,86.90,29.40
54125,87.10,29.40
56130,87.20,29.40
58136,86.90,29.40
60140,87.80,29.50
62144,87.50,29.50
64148,86.80,29.60
66152,86.00,29.60
68156,85.00,29.60
70160,84.40,29.60