Time,Humidity,Temperature
0.0,45.7,24.3
2004.0,45.6,24.3
4008.0,45.7,24.3
6012.0,45.7,24.3
8016.0,45.7,24.3
10020.0,45.7,24.3
12024.0,45.8,24.3
14028.0,52.4,24.8
16032.0,60.3,25.3
18036.0,67.6,25.6
20040.0,73.5,26.0
22044.0,78.3,26.3
24048.0,82.1,26.4
26052.0,85.4,26.6
28056.0,88.1,26.8
30060.0,90.2,26.8
32064.0,91.9,27.0
34068.0,93.6,27.3
36072.0,94.6,27.3
38076.0,95.9,27.6
40080.0,96.7,27.7
42084.0,97.4,27.8
44088.0,98.1,28.0
46092.0,98.5,28.1
48096.0,98.7,28.2
50100.0,99.3,28.3
52104.0,99.5,28.4
54108.0,99.4,28.3
56112.0,99.4,28.4
58116.0,99.3,28.5
60120.0,99.1,28.5
62124.0,99.1,28.6
64128.0,98.9,28.6
66132.0,97.9,28.6
68136.0,97.2,28.6
70140.0,96.5,28.7
