Time,Humidity,Temperature
0.0,41.2,26.0
2004.0,41.1,26.0
4008.0,41.1,26.0
6012.0,40.9,26.0
8016.0,41.0,26.0
10020.0,41.0,26.0
12024.0,41.2,26.0
14028.0,51.4,26.8
16032.0,61.8,27.5
18036.0,69.9,27.8
20040.0,76.1,28.1
22044.0,81.0,28.2
24048.0,84.5,28.2
26052.0,87.4,28.3
28056.0,89.7,28.3
30060.0,91.3,28.3
32064.0,92.7,28.3
34068.0,93.7,28.3
36072.0,94.6,28.3
38076.0,95.2,28.3
40080.0,95.7,28.3
42084.0,95.8,28.3
44088.0,95.9,28.3
46092.0,95.9,28.4
48096.0,95.1,28.3
50100.0,94.8,28.4
52104.0,94.6,28.5
54108.0,92.9,28.4
56112.0,92.5,28.4
58116.0,91.8,28.4
60120.0,90.2,28.4
62124.0,89.7,28.4
64128.0,89.6,28.5
66132.0,87.4,28.4
68136.0,87.8,28.4
70140.0,87.6,28.4
