Time,Humidity,Temperature
0.0,45.9,22.2
2004.0,45.9,22.2
4008.0,46.0,22.2
6012.0,45.9,22.3
8016.0,45.9,22.2
10020.0,45.9,22.3
12024.0,47.9,22.5
14028.0,54.1,23.0
16032.0,60.3,23.8
18036.0,66.1,24.2
20040.0,71.3,24.5
22044.0,75.7,24.8
24048.0,78.8,24.9
26052.0,81.2,24.8
28056.0,83.7,25.2
30060.0,85.2,25.4
32064.0,86.9,25.6
34068.0,88.9,25.9
36072.0,90.1,26.1
38076.0,91.0,26.2
40080.0,92.4,26.4
42084.0,92.8,26.5
44088.0,92.9,26.4
46092.0,93.7,26.7
48096.0,93.7,26.8
50100.0,93.5,26.7
52104.0,94.1,26.9
54108.0,94.0,27.0
56112.0,94.0,27.0
58116.0,94.5,27.1
60120.0,94.5,27.2
62124.0,94.1,27.2
64128.0,94.4,27.3
66132.0,94.1,27.4
68136.0,92.3,27.3
70140.0,91.5,27.3
