Time,Humidity,Temperature
0.0,43.6,24.2
2004.0,43.5,24.2
4008.0,43.4,24.2
6012.0,43.4,24.2
8016.0,43.6,24.2
10020.0,43.9,24.2
12024.0,44.0,24.2
14028.0,49.8,24.5
16032.0,57.3,24.8
18036.0,64.5,25.0
20040.0,70.1,25.2
22044.0,75.0,25.5
24048.0,79.3,25.6
26052.0,83.0,25.9
28056.0,85.9,26.1
30060.0,88.2,26.2
32064.0,90.1,26.3
34068.0,91.7,26.4
36072.0,93.0,26.5
38076.0,94.3,26.6
40080.0,95.2,26.7
42084.0,96.1,26.7
44088.0,96.8,26.8
46092.0,97.3,26.8
48096.0,97.7,26.8
50100.0,98.1,26.8
52104.0,98.3,26.8
54108.0,98.4,26.7
56112.0,98.4,26.7
58116.0,98.4,26.6
60120.0,98.2,26.6
62124.0,98.0,26.6
64128.0,97.8,26.6
66132.0,97.4,26.6
68136.0,97.2,26.6
70140.0,96.7,26.6
