Time,Humidity,Temperature
0.0,44.7,24.6
2004.0,44.7,24.6
4008.0,44.7,24.6
6012.0,44.6,24.6
8016.0,44.8,24.6
10020.0,44.9,24.6
12024.0,47.4,24.9
14028.0,55.7,25.4
16032.0,64.3,26.1
18036.0,70.4,26.3
20040.0,75.3,26.4
22044.0,79.1,26.5
24048.0,82.2,26.6
26052.0,84.6,26.6
28056.0,87.0,26.8
30060.0,88.6,26.9
32064.0,89.7,26.9
34068.0,91.1,27.1
36072.0,91.8,27.3
38076.0,92.3,27.4
40080.0,93.3,27.6
42084.0,93.5,27.7
44088.0,92.8,27.7
46092.0,93.4,27.8
48096.0,93.3,28.0
50100.0,93.4,28.0
52104.0,93.7,28.1
54108.0,93.6,28.2
56112.0,92.8,28.2
58116.0,93.3,28.4
60120.0,92.7,28.5
62124.0,91.9,28.5
64128.0,92.4,28.6
66132.0,92.3,28.7
68136.0,91.6,28.7
70140.0,91.9,28.8
