Time,Humidity,Temperature
0.0,38.6,26.1
2004.0,38.5,26.1
4008.0,38.5,26.1
6012.0,38.6,26.1
8016.0,38.9,26.1
10020.0,39.0,26.1
12024.0,41.8,26.2
14028.0,49.0,26.3
16032.0,55.7,26.5
18036.0,61.6,26.5
20040.0,66.8,26.6
22044.0,71.3,26.8
24048.0,74.9,26.8
26052.0,77.8,26.9
28056.0,80.3,26.9
30060.0,81.5,27.0
32064.0,82.8,27.1
34068.0,85.2,27.3
36072.0,87.1,27.5
38076.0,88.7,27.6
40080.0,90.3,27.8
42084.0,91.2,27.9
44088.0,91.6,28.0
46092.0,92.2,28.1
48096.0,92.4,28.2
50100.0,92.3,28.2
52104.0,92.5,28.3
54108.0,92.8,28.4
56112.0,92.8,28.5
58116.0,93.4,28.6
60120.0,93.1,28.7
62124.0,92.7,28.8
64128.0,92.6,28.8
66132.0,92.2,28.9
68136.0,91.3,28.9
70140.0,90.9,28.9
