Time,Humidity,Temperature
0.0,44.8,24.5
2004.0,44.8,24.5
4008.0,44.8,24.5
6012.0,45.0,24.5
8016.0,45.4,24.5
10020.0,45.7,24.5
12024.0,52.9,25.0
14028.0,60.7,25.3
16032.0,67.9,25.7
18036.0,73.7,26.0
20040.0,78.3,26.1
22044.0,82.1,26.3
24048.0,85.3,26.4
26052.0,87.8,26.5
28056.0,90.0,26.6
30060.0,91.5,26.6
32064.0,92.7,26.5
34068.0,93.5,26.4
36072.0,94.1,26.4
38076.0,94.4,26.3
40080.0,94.8,26.3
42084.0,95.8,26.8
44088.0,96.9,27.1
46092.0,97.8,27.3
48096.0,98.6,27.6
50100.0,99.0,27.6
52104.0,99.4,27.6
54108.0,99.7,27.6
56112.0,99.7,27.5
58116.0,99.9,27.4
60120.0,99.9,27.5
62124.0,99.9,27.5
64128.0,99.9,27.5
66132.0,99.9,27.6
68136.0,99.9,27.6
70140.0,99.9,27.6
