Time,Humidity,Temperature
0.0,44.5,24.6
2004.0,44.4,24.5
4008.0,44.3,24.5
6012.0,44.5,24.5
8016.0,44.8,24.5
10020.0,45.0,24.5
12024.0,51.3,25.3
14028.0,60.5,25.7
16032.0,67.8,26.2
18036.0,74.4,26.8
20040.0,79.2,27.1
22044.0,83.4,27.3
24048.0,86.9,27.6
26052.0,89.4,27.7
28056.0,91.4,27.7
30060.0,93.4,28.0
32064.0,94.6,28.1
34068.0,95.8,28.2
36072.0,97.0,28.5
38076.0,97.6,28.5
40080.0,98.3,28.6
42084.0,98.9,28.8
44088.0,99.2,28.9
46092.0,99.5,28.9
48096.0,99.9,29.2
50100.0,99.9,29.3
52104.0,99.9,29.3
54108.0,99.9,29.5
56112.0,99.9,29.6
58116.0,99.9,29.6
60120.0,99.9,29.8
62124.0,99.9,29.8
64128.0,99.9,29.8
66132.0,99.9,30.0
68136.0,99.9,29.9
70140.0,99.5,29.9
