Time,Humidity,Temperature
0.0,39.1,26.1
2004.0,39.2,26.1
4008.0,39.2,26.1
6012.0,39.2,26.1
8016.0,39.4,26.1
10020.0,39.5,26.1
12024.0,42.5,26.3
14028.0,52.9,26.8
16032.0,61.5,27.2
18036.0,68.1,27.3
20040.0,73.7,27.4
22044.0,78.2,27.5
24048.0,81.6,27.6
26052.0,84.2,27.5
28056.0,86.3,27.5
30060.0,87.8,27.5
32064.0,89.1,27.6
34068.0,90.1,27.6
36072.0,90.7,27.7
38076.0,91.2,27.7
40080.0,91.9,27.8
42084.0,92.1,27.8
44088.0,92.1,27.8
46092.0,92.0,27.8
48096.0,91.6,27.8
50100.0,90.9,27.8
52104.0,91.1,27.8
54108.0,91.1,27.9
56112.0,91.1,27.9
58116.0,91.1,27.9
60120.0,90.6,27.9
62124.0,90.5,27.9
64128.0,91.0,27.9
66132.0,91.0,28.0
68136.0,91.2,27.9
70140.0,91.8,28.0
