Time,Humidity,Temperature
0.0,51.9,23.7
2004.0,51.9,23.7
4008.0,51.8,23.7
6012.0,51.7,23.7
8016.0,51.7,23.7
10020.0,51.7,23.7
12024.0,52.3,23.8
14028.0,58.9,24.2
16032.0,66.2,24.5
18036.0,72.4,24.8
20040.0,77.6,25.2
22044.0,81.8,25.4
24048.0,85.3,25.6
26052.0,88.2,25.8
28056.0,90.6,26.0
30060.0,92.7,26.1
32064.0,94.4,26.2
34068.0,95.7,26.3
36072.0,96.8,26.4
38076.0,97.8,26.4
40080.0,98.6,26.4
42084.0,99.2,26.5
44088.0,99.8,26.6
46092.0,99.9,26.6
48096.0,99.9,26.6
50100.0,99.9,26.7
52104.0,99.9,26.6
54108.0,99.9,26.6
56112.0,99.9,26.6
58116.0,99.9,26.6
60120.0,99.9,26.6
62124.0,99.9,26.6
64128.0,99.9,26.6
66132.0,99.9,26.6
68136.0,99.9,26.6
70140.0,99.9,26.7
