Time,Humidity,Temperature
0.0,42.8,24.6
2004.0,42.8,24.6
4008.0,42.8,24.6
6012.0,42.8,24.6
8016.0,42.9,24.6
10020.0,43.1,24.6
12024.0,46.2,25.0
14028.0,55.8,25.6
16032.0,64.4,26.0
18036.0,70.7,26.2
20040.0,75.9,26.4
22044.0,80.3,26.6
24048.0,83.8,26.8
26052.0,86.8,27.0
28056.0,89.3,27.2
30060.0,91.1,27.3
32064.0,92.7,27.4
34068.0,94.1,27.5
36072.0,95.2,27.6
38076.0,96.0,27.6
40080.0,96.8,27.7
42084.0,97.3,27.7
44088.0,97.6,27.6
46092.0,97.9,27.6
48096.0,98.1,27.6
50100.0,98.3,27.7
52104.0,98.4,27.7
54108.0,98.4,27.7
56112.0,98.4,27.7
58116.0,98.4,27.8
60120.0,98.1,27.8
62124.0,97.9,27.8
64128.0,97.8,27.9
66132.0,97.4,27.9
68136.0,96.8,27.9
70140.0,96.8,28.1
