Time,Humidity,Temperature
0.0,46.6,23.9
2004.0,46.4,23.9
4008.0,46.4,23.9
6012.0,46.3,23.9
8016.0,46.4,24.0
10020.0,46.4,24.0
12024.0,47.7,24.1
14028.0,55.2,24.6
16032.0,63.0,25.2
18036.0,69.5,25.5
20040.0,74.9,25.8
22044.0,79.4,26.1
24048.0,82.9,26.2
26052.0,85.8,26.3
28056.0,88.2,26.3
30060.0,90.1,26.4
32064.0,91.6,26.4
34068.0,92.9,26.5
36072.0,94.0,26.5
38076.0,94.9,26.5
40080.0,95.6,26.6
42084.0,96.2,26.6
44088.0,96.8,26.7
46092.0,97.2,26.7
48096.0,97.6,26.8
50100.0,97.9,26.8
52104.0,98.1,26.9
54108.0,98.3,27.0
56112.0,98.6,27.1
58116.0,98.8,27.2
60120.0,98.9,27.3
62124.0,99.1,27.4
64128.0,99.3,27.5
66132.0,99.3,27.5
68136.0,99.2,27.6
70140.0,99.2,27.6
