Time,Humidity,Temperature
0.0,48.0,24.0
2004.0,48.1,24.0
4008.0,48.2,24.0
6012.0,48.2,24.0
8016.0,48.3,24.0
10020.0,48.4,24.0
12024.0,53.4,24.6
14028.0,62.3,25.2
16032.0,70.1,25.6
18036.0,75.9,26.0
20040.0,80.6,26.2
22044.0,84.4,26.4
24048.0,87.5,26.5
26052.0,89.9,26.6
28056.0,91.9,26.6
30060.0,93.5,26.7
32064.0,94.8,26.8
34068.0,95.9,26.8
36072.0,96.8,26.9
38076.0,97.5,26.9
40080.0,98.1,26.9
42084.0,98.6,27.0
44088.0,99.0,27.0
46092.0,99.3,27.0
48096.0,99.6,27.1
50100.0,99.9,27.1
52104.0,99.9,27.1
54108.0,99.9,27.1
56112.0,99.9,27.3
58116.0,99.9,27.5
60120.0,99.9,28.0
62124.0,99.9,28.2
64128.0,99.9,28.4
66132.0,99.9,28.6
68136.0,99.9,28.7
70140.0,99.9,28.8
