Time,Humidity,Temperature
0.0,50.2,24.2
2004.0,50.2,24.2
4008.0,50.3,24.2
6012.0,50.2,24.2
8016.0,50.1,24.2
10020.0,50.1,24.2
12024.0,51.8,24.3
14028.0,59.2,24.6
16032.0,67.0,25.1
18036.0,72.8,25.4
20040.0,77.8,25.6
22044.0,82.1,25.9
24048.0,85.5,26.1
26052.0,88.3,26.2
28056.0,90.7,26.4
30060.0,92.8,26.7
32064.0,94.5,26.8
34068.0,96.0,27.1
36072.0,97.3,27.3
38076.0,98.3,27.4
40080.0,99.2,27.7
42084.0,99.9,27.8
44088.0,99.9,27.8
46092.0,99.9,28.0
48096.0,99.9,28.2
50100.0,99.9,28.2
52104.0,99.9,28.3
54108.0,99.9,28.5
56112.0,99.9,28.5
58116.0,99.9,28.6
60120.0,99.9,28.6
62124.0,99.9,28.7
64128.0,99.9,28.7
66132.0,99.9,28.9
68136.0,99.9,28.9
70140.0,99.9,29.1
