Time,Humidity,Temperature
0.0,44.4,25.2
2004.0,44.3,25.3
4008.0,44.3,25.2
6012.0,44.4,25.2
8016.0,44.5,25.2
10020.0,44.5,25.2
12024.0,48.4,25.5
14028.0,56.6,25.8
16032.0,64.7,26.5
18036.0,71.3,26.7
20040.0,76.5,26.9
22044.0,80.7,27.0
24048.0,83.7,27.0
26052.0,85.9,26.9
28056.0,88.0,27.0
30060.0,89.5,27.0
32064.0,90.7,27.0
34068.0,91.7,27.0
36072.0,92.0,27.1
38076.0,92.0,27.1
40080.0,92.0,27.1
42084.0,91.3,27.2
44088.0,91.0,27.2
46092.0,91.9,27.4
48096.0,92.1,27.4
50100.0,90.9,27.4
52104.0,91.4,27.5
54108.0,91.0,27.5
56112.0,90.4,27.5
58116.0,90.7,27.6
60120.0,89.9,27.6
62124.0,88.8,27.6
64128.0,89.3,27.6
66132.0,88.8,27.7
68136.0,87.8,27.6
70140.0,88.2,27.6
