Time,Humidity,Temperature
0.0,51.0,23.8
2004.0,50.9,23.8
4008.0,50.7,23.8
6012.0,50.4,23.8
8016.0,50.3,23.8
10020.0,50.2,23.8
12024.0,52.5,24.0
14028.0,58.0,24.1
16032.0,64.0,24.3
18036.0,69.4,24.5
20040.0,73.7,24.6
22044.0,77.3,24.7
24048.0,79.8,24.7
26052.0,81.7,24.8
28056.0,83.6,25.0
30060.0,84.7,25.1
32064.0,85.8,25.2
34068.0,87.1,25.4
36072.0,88.2,25.5
38076.0,89.2,25.6
40080.0,90.3,25.9
42084.0,91.2,26.0
44088.0,92.0,26.1
46092.0,92.6,26.2
48096.0,92.9,26.4
50100.0,93.0,26.4
52104.0,93.8,26.7
54108.0,94.1,26.8
56112.0,94.2,26.9
58116.0,94.8,27.1
60120.0,95.3,27.3
62124.0,95.9,27.3
64128.0,96.8,27.6
66132.0,97.3,27.6
68136.0,97.6,27.6
70140.0,98.0,27.7
