Time,Humidity,Temperature
0.0,53.0,23.0
2004.0,53.0,23.0
4008.0,52.9,23.0
6012.0,52.8,23.1
8016.0,52.5,23.1
10020.0,52.3,23.0
12024.0,52.1,23.1
14028.0,56.0,23.4
16032.0,61.1,23.6
18036.0,66.2,23.8
20040.0,70.6,23.9
22044.0,73.8,24.0
24048.0,76.1,24.1
26052.0,78.5,24.2
28056.0,80.3,24.3
30060.0,81.4,24.4
32064.0,84.0,24.7
34068.0,86.0,24.9
36072.0,87.4,25.1
38076.0,88.8,25.3
40080.0,90.2,25.4
42084.0,91.2,25.5
44088.0,92.2,25.6
46092.0,92.8,25.7
48096.0,93.1,25.7
50100.0,93.4,25.8
52104.0,93.3,25.9
54108.0,93.0,25.9
56112.0,92.7,26.0
58116.0,92.1,26.0
60120.0,91.4,26.1
62124.0,91.1,26.1
64128.0,90.8,26.2
66132.0,90.2,26.2
68136.0,91.5,26.3
70140.0,91.9,26.4
