Time,Humidity,Temperature
0.0,48.2,24.2
2004.0,48.1,24.2
4008.0,48.0,24.2
6012.0,47.9,24.2
8016.0,47.8,24.2
10020.0,47.9,24.2
12024.0,54.3,24.7
14028.0,61.7,25.0
16032.0,68.3,25.3
18036.0,73.4,25.6
20040.0,77.8,25.7
22044.0,81.2,25.7
24048.0,84.0,25.8
26052.0,86.3,25.8
28056.0,88.0,25.8
30060.0,89.5,25.9
32064.0,90.8,25.9
34068.0,91.7,25.9
36072.0,92.5,25.9
38076.0,93.0,25.9
40080.0,93.3,25.9
42084.0,93.6,26.0
44088.0,93.5,26.0
46092.0,93.3,26.0
48096.0,93.2,26.1
50100.0,92.9,26.1
52104.0,92.6,26.1
54108.0,92.6,26.2
56112.0,92.4,26.2
58116.0,92.3,26.3
60120.0,92.8,26.4
62124.0,92.9,26.5
64128.0,93.3,26.5
66132.0,93.8,26.6
68136.0,93.9,26.7
70140.0,93.9,26.7
