Time,Humidity,Temperature
0.0,47.0,24.4
2004.0,46.9,24.3
4008.0,46.9,24.3
6012.0,46.8,24.3
8016.0,46.8,24.3
10020.0,46.7,24.3
12024.0,50.5,24.5
14028.0,56.3,24.8
16032.0,62.8,25.1
18036.0,68.3,25.4
20040.0,72.8,25.6
22044.0,76.8,25.7
24048.0,80.5,26.0
26052.0,83.6,26.2
28056.0,86.3,26.4
30060.0,88.5,26.5
32064.0,90.1,26.6
34068.0,91.7,26.8
36072.0,93.0,27.0
38076.0,93.8,27.0
40080.0,94.8,27.1
42084.0,95.5,27.2
44088.0,96.0,27.3
46092.0,96.4,27.3
48096.0,96.7,27.4
50100.0,96.7,27.4
52104.0,96.7,27.4
54108.0,96.8,27.5
56112.0,96.4,27.5
58116.0,96.2,27.5
60120.0,96.0,27.6
62124.0,95.1,27.7
64128.0,95.3,27.8
66132.0,95.9,28.0
68136.0,95.4,28.0
70140.0,95.3,28.1
