Time,Humidity,Temperature
0.0,38.7,26.7
2004.0,38.7,26.7
4008.0,38.6,26.8
6012.0,38.5,26.8
8016.0,38.8,26.8
10020.0,38.8,26.8
12024.0,43.4,26.9
14028.0,49.2,27.0
16032.0,57.5,27.3
18036.0,65.7,27.8
20040.0,72.0,28.0
22044.0,77.5,28.3
24048.0,81.7,28.4
26052.0,84.9,28.5
28056.0,87.4,28.5
30060.0,89.4,28.6
32064.0,90.8,28.7
34068.0,91.9,28.8
36072.0,92.9,28.9
38076.0,93.6,29.0
40080.0,94.1,29.1
42084.0,94.7,29.2
44088.0,94.4,29.2
46092.0,93.9,29.2
48096.0,93.4,29.2
50100.0,91.8,29.2
52104.0,90.8,29.2
54108.0,91.5,29.3
56112.0,90.6,29.4
58116.0,90.3,29.4
60120.0,91.1,29.4
62124.0,89.8,29.4
64128.0,89.5,29.4
66132.0,89.6,29.4
68136.0,88.8,29.4
70140.0,87.6,29.4
