Time,Humidity,Temperature
0.0,54.5,24.7
2004.0,54.5,24.7
4008.0,54.5,24.7
6012.0,54.4,24.6
8016.0,54.4,24.6
10020.0,56.5,24.7
12024.0,61.0,24.8
14028.0,65.6,24.9
16032.0,70.2,25.1
18036.0,74.1,25.3
20040.0,77.2,25.4
22044.0,80.2,25.5
24048.0,82.6,25.7
26052.0,84.2,25.7
28056.0,86.0,25.8
30060.0,87.6,25.9
32064.0,88.8,26.0
34068.0,89.9,26.1
36072.0,90.8,26.2
38076.0,91.4,26.2
40080.0,91.9,26.3
42084.0,92.6,26.4
44088.0,92.7,26.5
46092.0,92.9,26.5
48096.0,93.2,26.6
50100.0,93.2,26.7
52104.0,93.1,26.7
54108.0,93.4,26.8
56112.0,93.1,26.9
58116.0,92.9,26.9
60120.0,93.2,27.0
62124.0,92.8,27.0
64128.0,92.6,27.1
66132.0,92.9,27.2
68136.0,92.6,27.2
70140.0,92.4,27.2
