Time,Humidity,Temperature
0.0,56.2,24.0
2004.0,56.2,24.0
4008.0,56.2,24.0
6012.0,56.2,24.0
8016.0,56.1,24.0
10020.0,56.1,24.0
12024.0,60.0,24.3
14028.0,64.3,24.4
16032.0,68.4,24.5
18036.0,72.2,24.7
20040.0,74.6,24.8
22044.0,77.5,24.9
24048.0,79.7,25.1
26052.0,81.5,25.1
28056.0,83.5,25.3
30060.0,85.4,25.4
32064.0,86.6,25.5
34068.0,87.9,25.6
36072.0,89.1,25.8
38076.0,89.8,25.8
40080.0,90.0,25.9
42084.0,90.7,26.0
44088.0,90.6,26.1
46092.0,90.3,26.1
48096.0,90.6,26.3
50100.0,89.8,26.3
52104.0,89.0,26.4
54108.0,89.4,26.5
56112.0,88.6,26.6
58116.0,88.0,26.6
60120.0,88.4,26.7
62124.0,87.8,26.7
64128.0,87.1,26.8
66132.0,87.7,26.9
68136.0,87.0,26.9
70140.0,86.5,26.9
