Time,Humidity,Temperature
0.0,57.1,23.8
2004.0,57.0,23.7
4008.0,57.1,23.7
6012.0,57.1,23.7
8016.0,57.0,23.7
10020.0,57.0,23.7
12024.0,57.5,23.7
14028.0,62.4,23.9
16032.0,66.9,24.0
18036.0,70.7,24.1
20040.0,74.1,24.3
22044.0,77.5,24.6
24048.0,80.1,24.7
26052.0,82.6,24.8
28056.0,84.9,25.1
30060.0,86.3,25.1
32064.0,87.9,25.2
34068.0,89.4,25.4
36072.0,90.4,25.5
38076.0,91.2,25.6
40080.0,92.1,25.8
42084.0,92.5,25.8
44088.0,93.0,25.9
46092.0,93.7,26.1
48096.0,93.9,26.1
50100.0,93.9,26.2
52104.0,94.4,26.4
54108.0,94.4,26.4
56112.0,94.7,26.5
58116.0,95.2,26.7
60120.0,95.3,26.7
62124.0,95.3,26.7
64128.0,95.6,26.9
66132.0,95.3,26.9
68136.0,95.0,26.9
70140.0,95.1,27.1
