Time,Humidity,Temperature
0.0,52.2,24.7
2004.0,52.1,24.7
4008.0,52.1,24.7
6012.0,52.1,24.7
8016.0,52.1,24.7
10020.0,52.1,24.7
12024.0,55.2,24.8
14028.0,60.0,24.9
16032.0,64.8,25.1
18036.0,68.6,25.2
20040.0,71.6,25.3
22044.0,74.6,25.4
24048.0,77.3,25.6
26052.0,78.8,25.6
28056.0,80.7,25.6
30060.0,82.6,25.8
32064.0,82.9,25.8
34068.0,83.8,25.9
36072.0,85.1,26.0
38076.0,85.7,26.1
40080.0,86.4,26.2
42084.0,87.6,26.3
44088.0,87.9,26.4
46092.0,88.2,26.4
48096.0,89.0,26.5
50100.0,89.1,26.7
52104.0,88.8,26.6
54108.0,89.5,26.8
56112.0,89.4,26.9
58116.0,89.1,26.8
60120.0,90.0,27.0
62124.0,89.9,27.1
64128.0,89.0,27.0
66132.0,89.3,27.1
68136.0,89.2,27.2
70140.0,88.4,27.2
