Time,Humidity,Temperature
0.0,55.0,24.4
2004.0,55.1,24.4
4008.0,55.1,24.4
6012.0,55.2,24.4
8016.0,55.2,24.4
10020.0,55.3,24.3
12024.0,56.1,24.4
14028.0,61.2,24.6
16032.0,66.2,24.8
18036.0,70.4,24.9
20040.0,74.0,25.0
22044.0,77.4,25.2
24048.0,80.1,25.2
26052.0,82.2,25.3
28056.0,84.3,25.4
30060.0,86.0,25.5
32064.0,87.2,25.6
34068.0,88.6,25.7
36072.0,89.8,25.9
38076.0,90.5,25.9
40080.0,91.3,26.0
42084.0,92.0,26.1
44088.0,92.4,26.2
46092.0,92.8,26.2
48096.0,93.1,26.4
50100.0,93.0,26.4
52104.0,93.0,26.5
54108.0,93.2,26.6
56112.0,92.8,26.7
58116.0,92.4,26.7
60120.0,92.6,26.9
62124.0,92.1,26.8
64128.0,92.4,27.0
66132.0,92.4,27.1
68136.0,91.8,27.1
70140.0,91.7,27.1
