Time,Humidity,Temperature
0.0,56.0,23.7
2004.0,55.8,23.7
4008.0,55.7,23.7
6012.0,55.8,23.7
8016.0,55.8,23.7
10020.0,55.7,23.7
12024.0,56.1,23.7
14028.0,61.7,23.9
16032.0,67.4,24.2
18036.0,72.3,24.4
20040.0,76.7,24.6
22044.0,80.4,24.9
24048.0,83.2,25.1
26052.0,85.8,25.2
28056.0,88.0,25.4
30060.0,89.8,25.5
32064.0,91.2,25.7
34068.0,92.6,26.0
36072.0,93.5,26.1
38076.0,94.4,26.2
40080.0,95.3,26.4
42084.0,95.7,26.5
44088.0,96.3,26.6
46092.0,96.8,26.8
48096.0,97.1,26.8
50100.0,97.3,26.9
52104.0,97.7,27.1
54108.0,97.9,27.1
56112.0,98.0,27.2
58116.0,98.3,27.3
60120.0,98.4,27.4
62124.0,98.3,27.4
64128.0,98.5,27.6
66132.0,98.4,27.6
68136.0,98.2,27.6
70140.0,98.1,27.7
