Time,Humidity,Temperature
0.0,56.1,24.1
2004.0,56.1,24.1
4008.0,56.0,24.1
6012.0,55.9,24.1
8016.0,55.9,24.1
10020.0,57.8,24.1
12024.0,62.6,24.5
14028.0,67.7,24.7
16032.0,72.2,25.0
18036.0,75.9,25.2
20040.0,79.0,25.3
22044.0,82.0,25.5
24048.0,84.4,25.7
26052.0,86.1,25.7
28056.0,87.8,25.9
30060.0,88.9,26.0
32064.0,89.9,26.0
34068.0,90.9,26.1
36072.0,91.7,26.3
38076.0,92.3,26.3
40080.0,92.8,26.4
42084.0,93.3,26.5
44088.0,93.2,26.5
46092.0,93.4,26.6
48096.0,93.5,26.7
50100.0,93.3,26.7
52104.0,93.5,26.8
54108.0,93.6,26.9
56112.0,93.3,26.9
58116.0,93.5,27.0
60120.0,93.3,27.1
62124.0,92.9,27.1
64128.0,93.0,27.2
66132.0,93.0,27.2
68136.0,92.4,27.2
70140.0,92.4,27.3
