Time,Humidity,Temperature
0.0,54.8,24.0
2004.0,54.9,24.0
4008.0,54.7,24.0
6012.0,54.6,24.0
8016.0,54.5,24.0
10020.0,54.2,24.0
12024.0,57.6,24.2
14028.0,62.0,24.3
16032.0,66.6,24.4
18036.0,70.8,24.7
20040.0,74.1,24.8
22044.0,77.3,24.9
24048.0,80.3,25.1
26052.0,82.6,25.2
28056.0,84.5,25.3
30060.0,86.4,25.5
32064.0,87.8,25.6
34068.0,89.0,25.6
36072.0,90.2,25.8
38076.0,90.7,25.8
40080.0,91.3,25.9
42084.0,92.0,26.0
44088.0,92.2,26.1
46092.0,92.3,26.1
48096.0,92.7,26.3
50100.0,92.4,26.3
52104.0,92.2,26.3
54108.0,92.6,26.5
56112.0,92.5,26.5
58116.0,92.4,26.6
60120.0,92.7,26.7
62124.0,92.6,26.8
64128.0,92.3,26.8
66132.0,92.7,26.9
68136.0,92.6,26.9
70140.0,92.1,26.9
