Time,Humidity,Temperature
0.0,52.2,24.3
2004.0,52.2,24.3
4008.0,52.2,24.3
6012.0,52.2,24.3
8016.0,52.2,24.2
10020.0,52.3,24.2
12024.0,55.5,24.3
14028.0,60.8,24.4
16032.0,65.4,24.6
18036.0,69.2,24.7
20040.0,72.7,24.8
22044.0,75.9,24.9
24048.0,78.2,25.0
26052.0,80.4,25.0
28056.0,82.6,25.1
30060.0,83.9,25.2
32064.0,85.1,25.3
34068.0,86.5,25.4
36072.0,87.1,25.5
38076.0,87.6,25.5
40080.0,88.5,25.6
42084.0,88.4,25.6
44088.0,88.3,25.7
46092.0,88.5,25.8
48096.0,87.8,25.8
50100.0,87.0,25.8
52104.0,87.4,25.9
54108.0,86.9,26.0
56112.0,87.0,26.0
58116.0,87.7,26.1
60120.0,87.3,26.1
62124.0,86.9,26.1
64128.0,87.6,26.3
66132.0,87.1,26.3
68136.0,86.6,26.3
70140.0,87.2,26.4
