Time,Humidity,Temperature
0.0,53.4,23.8
2004.0,53.4,23.8
4008.0,53.3,23.8
6012.0,53.3,23.8
8016.0,53.3,23.8
10020.0,53.4,23.8
12024.0,54.3,23.8
14028.0,59.1,24.0
16032.0,62.8,24.1
18036.0,65.9,24.1
20040.0,69.5,24.2
22044.0,71.5,24.3
24048.0,73.9,24.4
26052.0,76.6,24.6
28056.0,78.5,24.8
30060.0,79.9,24.8
32064.0,81.7,24.9
34068.0,82.6,25.0
36072.0,83.0,25.0
38076.0,84.3,25.1
40080.0,84.8,25.3
42084.0,84.8,25.2
44088.0,85.5,25.4
46092.0,85.6,25.5
48096.0,85.4,25.5
50100.0,85.8,25.5
52104.0,85.7,25.6
54108.0,85.1,25.6
56112.0,85.0,25.7
58116.0,85.0,25.8
60120.0,84.1,25.7
62124.0,84.3,25.8
64128.0,84.8,25.9
66132.0,84.4,25.9
68136.0,84.6,26.0
70140.0,85.0,26.1
