Time,Humidity,Temperature
0.0,50.6,24.8
2004.0,50.6,24.8
4008.0,50.6,24.8
6012.0,50.7,24.7
8016.0,50.7,24.7
10020.0,50.7,24.7
12024.0,50.9,24.7
14028.0,55.4,24.8
16032.0,59.5,24.8
18036.0,63.0,24.9
20040.0,67.3,25.0
22044.0,70.9,25.1
24048.0,74.0,25.1
26052.0,77.2,25.3
28056.0,79.9,25.4
30060.0,81.4,25.4
32064.0,82.6,25.5
34068.0,83.9,25.6
36072.0,84.0,25.6
38076.0,84.3,25.6
40080.0,85.3,25.7
42084.0,85.3,25.8
44088.0,85.4,25.8
46092.0,86.4,25.9
48096.0,85.8,26.0
50100.0,85.9,26.0
52104.0,86.9,26.1
54108.0,86.3,26.2
56112.0,86.4,26.2
58116.0,87.2,26.4
60120.0,86.6,26.4
62124.0,86.1,26.5
64128.0,87.1,26.6
66132.0,86.5,26.6
68136.0,86.1,26.7
70140.0,86.7,26.8
