Time,Humidity,Temperature
0.0,52.7,25.0
2004.0,52.7,24.9
4008.0,52.7,24.9
6012.0,52.7,24.9
8016.0,52.7,24.9
10020.0,52.6,24.9
12024.0,54.6,25.0
14028.0,58.8,25.1
16032.0,63.8,25.2
18036.0,67.4,25.3
20040.0,70.2,25.3
22044.0,73.4,25.4
24048.0,75.6,25.6
26052.0,77.0,25.6
28056.0,79.0,25.7
30060.0,80.3,25.8
32064.0,80.7,25.8
34068.0,81.8,25.9
36072.0,82.8,26.0
38076.0,83.4,26.0
40080.0,84.4,26.1
42084.0,85.0,26.2
44088.0,84.8,26.2
46092.0,85.0,26.3
48096.0,86.1,26.4
50100.0,85.6,26.4
52104.0,86.2,26.5
54108.0,86.8,26.6
56112.0,86.5,26.6
58116.0,86.8,26.7
60120.0,87.4,26.8
62124.0,87.0,26.8
64128.0,86.7,26.9
66132.0,87.0,26.9
68136.0,87.1,27.0
70140.0,86.6,27.0
