Time,Humidity,Temperature
0.0,56.0,24.3
2004.0,55.9,24.3
4008.0,56.0,24.3
6012.0,55.9,24.3
8016.0,56.0,24.3
10020.0,56.0,24.3
12024.0,57.4,24.4
14028.0,61.3,24.5
16032.0,66.0,24.7
18036.0,70.1,25.0
20040.0,73.3,25.0
22044.0,76.7,25.1
24048.0,79.4,25.3
26052.0,81.4,25.4
28056.0,83.5,25.5
30060.0,85.0,25.6
32064.0,86.3,25.6
34068.0,87.9,25.8
36072.0,89.1,25.9
38076.0,90.0,26.0
40080.0,91.1,26.1
42084.0,91.8,26.2
44088.0,92.1,26.2
46092.0,92.6,26.3
48096.0,92.9,26.4
50100.0,92.9,26.4
52104.0,93.2,26.5
54108.0,93.2,26.6
56112.0,93.0,26.6
58116.0,93.3,26.8
60120.0,93.5,26.9
62124.0,93.1,26.9
64128.0,93.0,26.9
66132.0,93.3,27.1
68136.0,93.0,27.1
70140.0,93.1,27.1
