Time,Humidity,Temperature
0.0,55.6,24.6
2004.0,55.6,24.6
4008.0,55.6,24.6
6012.0,55.6,24.6
8016.0,55.6,24.6
10020.0,55.6,24.5
12024.0,57.8,24.6
14028.0,62.8,24.8
16032.0,66.9,24.9
18036.0,70.2,24.9
20040.0,73.5,25.0
22044.0,76.8,25.2
24048.0,79.4,25.4
26052.0,81.7,25.4
28056.0,83.9,25.6
30060.0,85.3,25.7
32064.0,86.6,25.7
34068.0,87.9,25.9
36072.0,88.6,25.9
38076.0,89.2,26.0
40080.0,90.0,26.1
42084.0,90.4,26.2
44088.0,90.3,26.2
46092.0,90.7,26.3
48096.0,91.0,26.4
50100.0,90.7,26.5
52104.0,90.9,26.5
54108.0,91.0,26.6
56112.0,90.4,26.6
58116.0,90.5,26.7
60120.0,90.4,26.8
62124.0,89.5,26.8
64128.0,89.4,26.8
66132.0,89.4,27.0
68136.0,88.8,27.0
70140.0,88.7,27.0
