Time,Humidity,Temperature
0.0,51.9,25.0
2004.0,51.8,25.0
4008.0,51.8,25.0
6012.0,51.7,25.0
8016.0,51.6,25.0
10020.0,51.6,25.0
12024.0,53.9,25.0
14028.0,57.5,25.0
16032.0,62.2,25.1
18036.0,65.2,25.1
20040.0,68.1,25.1
22044.0,71.4,25.2
24048.0,73.4,25.2
26052.0,74.8,25.2
28056.0,76.8,25.3
30060.0,77.8,25.3
32064.0,78.5,25.4
34068.0,80.1,25.4
36072.0,80.7,25.5
38076.0,80.5,25.5
40080.0,80.5,25.5
42084.0,81.4,25.6
44088.0,81.2,25.6
46092.0,80.9,25.7
48096.0,81.8,25.8
50100.0,81.9,25.9
52104.0,81.7,25.9
54108.0,82.4,25.9
56112.0,83.3,26.0
58116.0,83.3,26.1
60120.0,83.6,26.1
62124.0,84.6,26.2
64128.0,83.8,26.2
66132.0,84.8,26.3
68136.0,84.0,26.3
70140.0,84.0,26.3
