Time,Humidity,Temperature
0.0,51.0,24.7
2004.0,51.0,24.7
4008.0,51.0,24.8
6012.0,50.9,24.8
8016.0,50.9,24.7
10020.0,51.8,24.8
12024.0,55.1,24.8
14028.0,60.0,24.9
16032.0,64.9,25.1
18036.0,68.4,25.2
20040.0,71.9,25.3
22044.0,75.3,25.5
24048.0,78.1,25.6
26052.0,80.5,25.6
28056.0,82.8,25.8
30060.0,84.2,25.8
32064.0,85.2,25.9
34068.0,86.5,26.0
36072.0,87.1,26.1
38076.0,87.5,26.2
40080.0,88.4,26.3
42084.0,88.6,26.4
44088.0,88.7,26.4
46092.0,89.2,26.6
48096.0,89.4,26.7
50100.0,89.2,26.7
52104.0,89.8,26.8
54108.0,90.0,26.9
56112.0,89.4,26.9
58116.0,89.7,27.0
60120.0,89.9,27.1
62124.0,89.3,27.1
64128.0,89.0,27.1
66132.0,89.1,27.2
68136.0,88.2,27.3
70140.0,87.4,27.2
