Time,Humidity,Temperature
0.0,52.6,24.1
2004.0,52.6,24.1
4008.0,52.7,24.1
6012.0,52.6,24.0
8016.0,52.6,24.1
10020.0,52.5,24.1
12024.0,53.3,24.1
14028.0,58.8,24.3
16032.0,63.6,24.6
18036.0,67.6,24.7
20040.0,71.7,24.8
22044.0,75.3,25.0
24048.0,78.1,25.1
26052.0,80.9,25.2
28056.0,83.3,25.4
30060.0,85.0,25.4
32064.0,86.7,25.5
34068.0,88.2,25.7
36072.0,89.0,25.7
38076.0,89.8,25.7
40080.0,90.8,25.9
42084.0,91.1,26.0
44088.0,90.9,25.9
46092.0,91.4,26.1
48096.0,90.9,26.1
50100.0,90.1,26.1
52104.0,90.5,26.3
54108.0,90.4,26.3
56112.0,90.0,26.3
58116.0,90.5,26.4
60120.0,90.1,26.5
62124.0,89.9,26.5
64128.0,90.4,26.6
66132.0,89.8,26.6
68136.0,88.9,26.6
70140.0,89.2,26.7
