Time,Humidity,Temperature
0.0,50.0,25.1
2004.0,50.1,25.1
4008.0,50.1,25.1
6012.0,50.1,25.1
8016.0,50.0,25.1
10020.0,49.8,25.1
12024.0,50.1,25.1
14028.0,55.5,25.3
16032.0,61.5,25.5
18036.0,67.2,25.6
20040.0,72.9,25.9
22044.0,77.0,26.0
24048.0,80.3,26.1
26052.0,83.2,26.3
28056.0,85.9,26.5
30060.0,88.0,26.6
32064.0,90.3,26.8
34068.0,91.9,26.9
36072.0,93.1,26.9
38076.0,94.0,27.0
40080.0,94.8,27.2
42084.0,95.7,27.4
44088.0,96.6,27.5
46092.0,97.4,27.6
48096.0,98.1,27.7
50100.0,98.8,27.9
52104.0,99.5,28.0
54108.0,99.9,28.1
56112.0,99.9,28.2
58116.0,99.9,28.4
60120.0,99.9,28.4
62124.0,99.9,28.5
64128.0,99.9,28.6
66132.0,99.9,28.7
68136.0,99.9,28.7
70140.0,99.9,28.8
