Time,Humidity,Temperature
0.0,46.1,24.2
2004.0,46.1,24.2
4008.0,46.1,24.2
6012.0,46.1,24.2
8016.0,45.9,24.2
10020.0,45.8,24.2
12024.0,47.5,24.4
14028.0,55.5,24.8
16032.0,64.8,25.3
18036.0,71.8,25.7
20040.0,77.1,25.9
22044.0,81.7,26.2
24048.0,85.4,26.4
26052.0,88.4,26.5
28056.0,91.0,26.8
30060.0,93.0,26.9
32064.0,94.7,27.0
34068.0,96.1,27.1
36072.0,97.2,27.2
38076.0,98.1,27.2
40080.0,99.0,27.3
42084.0,99.7,27.5
44088.0,99.9,27.5
46092.0,99.9,27.7
48096.0,99.9,27.9
50100.0,99.9,28.0
52104.0,99.9,28.2
54108.0,99.9,28.4
56112.0,99.9,28.4
58116.0,99.9,28.5
60120.0,99.9,28.5
62124.0,99.9,28.5
64128.0,99.9,28.5
66132.0,99.9,28.5
68136.0,99.9,28.5
70140.0,99.9,28.5
