Time,Humidity,Temperature
0.0,40.6,24.2
2004.0,40.6,24.2
4008.0,40.6,24.2
6012.0,40.7,24.2
8016.0,40.6,24.2
10020.0,40.6,24.2
12024.0,41.4,24.3
14028.0,49.0,24.7
16032.0,57.7,25.2
18036.0,65.4,25.5
20040.0,71.5,25.8
22044.0,76.8,26.2
24048.0,81.1,26.5
26052.0,84.5,26.6
28056.0,87.8,27.0
30060.0,90.3,27.2
32064.0,92.3,27.3
34068.0,94.3,27.7
36072.0,95.9,27.9
38076.0,97.2,28.0
40080.0,98.5,28.4
42084.0,99.3,28.5
44088.0,99.9,28.5
46092.0,99.9,28.7
48096.0,99.9,28.8
50100.0,99.9,28.8
52104.0,99.9,29.0
54108.0,99.9,29.1
56112.0,99.9,29.1
58116.0,99.9,29.2
60120.0,99.9,29.3
62124.0,99.9,29.3
64128.0,99.9,29.4
66132.0,99.9,29.5
68136.0,99.9,29.4
70140.0,99.9,29.5
