Time,Humidity,Temperature
0.0,50.7,23.4
2004.0,50.7,23.4
4008.0,50.5,23.4
6012.0,50.0,23.4
8016.0,49.7,23.4
10020.0,49.5,23.4
12024.0,52.8,23.7
14028.0,59.6,24.0
16032.0,66.8,24.4
18036.0,72.7,24.8
20040.0,77.6,25.0
22044.0,81.5,25.2
24048.0,84.7,25.3
26052.0,87.4,25.5
28056.0,90.0,25.7
30060.0,92.2,26.0
32064.0,94.0,26.2
34068.0,95.8,26.5
36072.0,97.3,26.9
38076.0,98.6,27.1
40080.0,99.8,27.5
42084.0,99.9,28.0
44088.0,99.9,28.1
46092.0,99.9,28.3
48096.0,99.9,28.6
50100.0,99.9,28.7
52104.0,99.9,29.0
54108.0,99.9,29.2
56112.0,99.9,29.2
58116.0,99.9,29.3
60120.0,99.9,29.5
62124.0,99.9,29.5
64128.0,99.9,29.5
66132.0,99.9,29.7
68136.0,99.9,29.6
70140.0,99.9,29.7
