Time,Humidity,Temperature
0.0,50.0,24.4
2004.0,50.0,24.4
4008.0,50.0,24.4
6012.0,49.8,24.4
8016.0,49.8,24.4
10020.0,49.8,24.4
12024.0,50.7,24.5
14028.0,56.6,24.6
16032.0,63.4,24.8
18036.0,69.7,25.0
20040.0,75.2,25.3
22044.0,79.7,25.6
24048.0,83.5,25.7
26052.0,86.6,25.9
28056.0,89.3,26.1
30060.0,91.6,26.3
32064.0,93.6,26.4
34068.0,95.1,26.6
36072.0,96.3,26.6
38076.0,97.3,26.7
40080.0,98.2,26.8
42084.0,98.8,26.8
44088.0,99.4,26.8
46092.0,99.8,26.8
48096.0,99.9,26.8
50100.0,99.9,26.9
52104.0,99.9,26.9
54108.0,99.9,26.9
56112.0,99.9,26.9
58116.0,99.9,27.0
60120.0,99.9,27.0
62124.0,99.9,27.0
64128.0,99.9,27.0
66132.0,99.7,27.1
68136.0,99.4,27.1
70140.0,99.0,27.1
