Time,Humidity,Temperature
0.0,48.1,24.1
2004.0,48.0,24.1
4008.0,48.0,24.1
6012.0,48.0,24.1
8016.0,48.0,24.1
10020.0,47.8,24.1
12024.0,49.2,24.2
14028.0,54.5,24.3
16032.0,60.2,24.4
18036.0,66.0,24.5
20040.0,71.9,24.7
22044.0,76.7,24.9
24048.0,80.6,25.1
26052.0,84.2,25.3
28056.0,87.2,25.6
30060.0,89.7,25.7
32064.0,91.9,25.9
34068.0,93.8,26.1
36072.0,95.3,26.2
38076.0,96.6,26.3
40080.0,97.8,26.5
42084.0,98.7,26.7
44088.0,99.6,26.8
46092.0,99.9,27.0
48096.0,99.9,27.1
50100.0,99.9,27.1
52104.0,99.9,27.3
54108.0,99.9,27.3
56112.0,99.9,27.3
58116.0,99.9,27.4
60120.0,99.9,27.4
62124.0,99.9,27.4
64128.0,99.9,27.4
66132.0,99.9,27.3
68136.0,99.9,27.3
70140.0,99.9,27.3
