Time,Humidity,Temperature
0.0,41.1,22.8
2004.0,41.1,22.8
4008.0,41.2,22.8
6012.0,41.3,22.8
8016.0,41.4,22.8
10020.0,41.4,22.8
12024.0,42.8,22.9
14028.0,49.6,23.2
16032.0,57.2,23.7
18036.0,64.8,24.0
20040.0,71.4,24.4
22044.0,76.5,24.7
24048.0,80.4,24.8
26052.0,83.6,25.0
28056.0,86.3,25.1
30060.0,88.6,25.2
32064.0,90.7,25.3
34068.0,92.4,25.4
36072.0,93.8,25.5
38076.0,95.1,25.6
40080.0,96.1,25.8
42084.0,97.0,25.9
44088.0,97.8,25.9
46092.0,98.5,26.1
48096.0,99.1,26.1
50100.0,99.6,26.2
52104.0,99.9,26.3
54108.0,99.9,26.3
56112.0,99.9,26.4
58116.0,99.9,26.5
60120.0,99.9,26.6
62124.0,99.9,26.7
64128.0,99.9,26.7
66132.0,99.9,26.7
68136.0,99.9,26.8
70140.0,99.9,26.9
