Time,Humidity,Temperature
0.0,48.3,25.0
2004.0,48.2,25.0
4008.0,48.1,25.0
6012.0,48.1,25.0
8016.0,48.1,25.0
10020.0,48.1,25.0
12024.0,48.2,25.0
14028.0,54.8,25.3
16032.0,62.7,25.6
18036.0,70.0,25.9
20040.0,75.4,26.1
22044.0,79.8,26.2
24048.0,83.6,26.3
26052.0,86.8,26.5
28056.0,89.4,26.7
30060.0,91.4,26.8
32064.0,93.3,27.0
34068.0,94.8,27.1
36072.0,95.9,27.1
38076.0,96.9,27.2
40080.0,97.8,27.4
42084.0,98.5,27.5
44088.0,99.4,27.7
46092.0,99.9,27.8
48096.0,99.9,27.9
50100.0,99.9,28.1
52104.0,99.9,28.2
54108.0,99.9,28.3
56112.0,99.9,28.4
58116.0,99.9,28.4
60120.0,99.9,28.4
62124.0,99.9,28.5
64128.0,99.9,28.5
66132.0,99.9,28.5
68136.0,99.9,28.5
70140.0,99.9,28.5
