Time,Humidity,Temperature
0.0,50.6,24.0
2004.0,50.6,24.0
4008.0,50.5,24.0
6012.0,50.5,24.0
8016.0,50.2,24.0
10020.0,49.9,24.0
12024.0,51.0,24.1
14028.0,58.7,24.5
16032.0,67.4,25.1
18036.0,73.8,25.5
20040.0,79.2,25.8
22044.0,83.8,26.1
24048.0,87.4,26.3
26052.0,90.4,26.5
28056.0,92.8,26.6
30060.0,94.8,26.8
32064.0,96.4,26.8
34068.0,97.8,27.0
36072.0,98.9,27.1
38076.0,99.8,27.2
40080.0,99.9,27.2
42084.0,99.9,27.3
44088.0,99.9,27.4
46092.0,99.9,27.6
48096.0,99.9,27.7
50100.0,99.9,27.7
52104.0,99.9,27.8
54108.0,99.9,27.9
56112.0,99.9,27.9
58116.0,99.9,27.9
60120.0,99.9,27.9
62124.0,99.9,27.9
64128.0,99.9,27.9
66132.0,99.9,27.9
68136.0,99.9,27.8
70140.0,99.9,27.8
