Time,Humidity,Temperature
0.0,44.8,23.6
2004.0,44.8,23.5
4008.0,44.9,23.6
6012.0,45.3,23.5
8016.0,45.6,23.6
10020.0,46.0,23.6
12024.0,48.0,23.7
14028.0,54.7,24.0
16032.0,62.4,24.4
18036.0,69.4,24.8
20040.0,75.2,25.2
22044.0,80.0,25.5
24048.0,83.8,25.8
26052.0,87.0,25.9
28056.0,89.8,26.2
30060.0,92.0,26.4
32064.0,94.0,26.5
34068.0,95.7,26.9
36072.0,97.1,27.0
38076.0,98.1,27.1
40080.0,99.1,27.3
42084.0,99.8,27.3
44088.0,99.9,27.4
46092.0,99.9,27.6
48096.0,99.9,27.6
50100.0,99.9,27.7
52104.0,99.9,27.8
54108.0,99.9,27.9
56112.0,99.9,28.0
58116.0,99.9,28.1
60120.0,99.9,28.2
62124.0,99.9,28.2
64128.0,99.9,28.3
66132.0,99.9,28.3
68136.0,99.9,28.3
70140.0,99.9,28.4
