Time,Humidity,Temperature
0.0,46.4,25.0
2004.0,46.4,25.0
4008.0,46.3,25.0
6012.0,46.4,25.0
8016.0,46.3,25.0
10020.0,46.1,25.0
12024.0,50.5,25.2
14028.0,56.7,25.4
16032.0,65.3,25.8
18036.0,72.7,26.3
20040.0,78.3,26.6
22044.0,83.3,27.0
24048.0,87.5,27.4
26052.0,90.7,27.7
28056.0,93.4,27.9
30060.0,95.7,28.2
32064.0,97.5,28.3
34068.0,99.1,28.4
36072.0,99.9,28.7
38076.0,99.9,28.8
40080.0,99.9,28.8
42084.0,99.9,29.1
44088.0,99.9,29.1
46092.0,99.9,29.2
48096.0,99.9,29.4
50100.0,99.9,29.5
52104.0,99.9,29.5
54108.0,99.9,29.7
56112.0,99.9,29.7
58116.0,99.9,29.7
60120.0,99.9,29.9
62124.0,99.9,29.9
64128.0,99.9,29.9
66132.0,99.9,30.0
68136.0,99.9,30.0
70140.0,99.9,30.0
