Time,Humidity,Temperature
0.0,46.1,24.0
2004.0,46.2,24.0
4008.0,46.3,24.0
6012.0,46.3,24.0
8016.0,46.2,24.0
10020.0,46.1,24.0
12024.0,46.3,24.0
14028.0,54.0,24.5
16032.0,63.4,25.1
18036.0,70.7,25.4
20040.0,76.3,25.6
22044.0,80.9,25.8
24048.0,84.4,25.8
26052.0,87.5,26.0
28056.0,90.4,26.3
30060.0,92.5,26.3
32064.0,94.5,26.5
34068.0,96.1,26.7
36072.0,97.3,26.8
38076.0,98.4,26.9
40080.0,99.5,27.1
42084.0,99.9,27.1
44088.0,99.9,27.1
46092.0,99.9,27.4
48096.0,99.9,27.5
50100.0,99.9,27.5
52104.0,99.9,27.6
54108.0,99.9,27.7
56112.0,99.9,27.7
58116.0,99.9,27.8
60120.0,99.9,27.8
62124.0,99.9,27.9
64128.0,99.9,28.0
66132.0,99.9,28.0
68136.0,99.9,28.0
70140.0,99.9,28.0
