Time,Humidity,Temperature
0.0,45.7,25.0
2004.0,45.7,25.0
4008.0,45.7,25.0
6012.0,45.8,25.0
8016.0,46.0,25.0
10020.0,46.2,25.0
12024.0,49.1,25.1
14028.0,55.7,25.3
16032.0,62.6,25.5
18036.0,68.7,25.7
20040.0,73.7,25.9
22044.0,77.8,26.0
24048.0,81.2,26.1
26052.0,83.8,26.1
28056.0,85.8,26.2
30060.0,87.1,26.2
32064.0,87.8,26.1
34068.0,88.2,26.2
36072.0,88.5,26.3
38076.0,88.8,26.3
40080.0,89.5,26.4
42084.0,90.2,26.5
44088.0,91.1,26.6
46092.0,92.0,26.7
48096.0,92.7,26.8
50100.0,93.0,26.8
52104.0,93.3,26.9
54108.0,93.3,26.9
56112.0,93.4,26.9
58116.0,93.8,27.0
60120.0,94.0,27.1
62124.0,94.4,27.1
64128.0,95.0,27.2
66132.0,95.5,27.3
68136.0,95.9,27.3
70140.0,96.5,27.5
