Time,Humidity,Temperature
0.0,47.4,25.1
2004.0,47.4,25.0
4008.0,47.4,25.0
6012.0,47.4,25.0
8016.0,47.3,25.0
10020.0,47.2,25.0
12024.0,53.1,25.4
14028.0,61.1,25.6
16032.0,68.5,25.8
18036.0,74.4,26.2
20040.0,79.3,26.5
22044.0,83.3,26.7
24048.0,86.7,26.9
26052.0,89.4,27.1
28056.0,91.6,27.2
30060.0,93.5,27.4
32064.0,95.0,27.5
34068.0,96.3,27.6
36072.0,97.5,27.8
38076.0,98.4,27.9
40080.0,99.3,28.0
42084.0,99.9,28.2
44088.0,99.9,28.3
46092.0,99.9,28.3
48096.0,99.9,28.5
50100.0,99.9,28.6
52104.0,99.9,28.6
54108.0,99.9,28.9
56112.0,99.9,29.0
58116.0,99.9,29.1
60120.0,99.9,29.2
62124.0,99.9,29.3
64128.0,99.9,29.3
66132.0,99.9,29.4
68136.0,99.9,29.4
70140.0,99.9,29.4
