Time,Humidity,Temperature
0.0,45.2,24.8
2004.0,45.2,24.8
4008.0,45.2,24.8
6012.0,45.1,24.8
8016.0,45.2,24.8
10020.0,45.3,24.8
12024.0,47.6,24.9
14028.0,54.8,25.1
16032.0,62.1,25.4
18036.0,68.3,25.5
20040.0,73.0,25.6
22044.0,77.1,25.7
24048.0,80.3,25.7
26052.0,82.9,25.7
28056.0,85.2,25.8
30060.0,87.0,25.9
32064.0,88.3,25.9
34068.0,89.5,25.9
36072.0,90.1,25.9
38076.0,90.7,26.0
40080.0,91.4,26.1
42084.0,92.0,26.1
44088.0,92.5,26.2
46092.0,93.4,26.4
48096.0,94.0,26.4
50100.0,94.3,26.5
52104.0,94.8,26.5
54108.0,94.9,26.6
56112.0,94.8,26.6
58116.0,95.1,26.7
60120.0,95.1,26.7
62124.0,95.0,26.7
64128.0,95.2,26.8
66132.0,95.5,26.9
68136.0,95.6,27.0
70140.0,95.9,27.1
