Time,Humidity,Temperature
0.0,48.1,25.1
2004.0,48.3,25.1
4008.0,48.4,25.1
6012.0,48.4,25.1
8016.0,48.3,25.1
10020.0,48.1,25.1
12024.0,49.9,25.2
14028.0,57.5,25.5
16032.0,65.2,25.8
18036.0,71.3,25.9
20040.0,76.0,26.0
22044.0,79.9,26.1
24048.0,83.0,26.1
26052.0,85.5,26.2
28056.0,87.4,26.2
30060.0,88.9,26.2
32064.0,89.9,26.2
34068.0,90.5,26.2
36072.0,90.8,26.2
38076.0,90.9,26.2
40080.0,91.0,26.3
42084.0,91.3,26.5
44088.0,91.9,26.5
46092.0,92.5,26.7
48096.0,92.8,26.7
50100.0,93.4,26.7
52104.0,94.4,26.9
54108.0,95.3,27.1
56112.0,96.2,27.2
58116.0,97.0,27.3
60120.0,97.7,27.4
62124.0,98.3,27.5
64128.0,98.9,27.6
66132.0,99.3,27.6
68136.0,99.6,27.7
70140.0,99.9,27.8
