Time,Humidity,Temperature
0.0,45.8,23.5
2004.0,45.9,23.5
4008.0,45.8,23.5
6012.0,45.7,23.5
8016.0,45.9,23.5
10020.0,46.0,23.5
12024.0,46.3,23.5
14028.0,53.7,24.2
16032.0,62.4,24.8
18036.0,69.6,25.2
20040.0,75.2,25.6
22044.0,79.6,25.8
24048.0,83.1,26.0
26052.0,86.5,26.3
28056.0,89.4,26.7
30060.0,91.6,26.8
32064.0,93.5,27.0
34068.0,94.9,27.2
36072.0,96.0,27.2
38076.0,96.9,27.3
40080.0,97.7,27.4
42084.0,98.3,27.4
44088.0,98.9,27.5
46092.0,99.3,27.6
48096.0,99.7,27.6
50100.0,99.9,27.8
52104.0,99.9,27.9
54108.0,99.9,27.9
56112.0,99.9,28.1
58116.0,99.9,28.2
60120.0,99.9,28.2
62124.0,99.9,28.3
64128.0,99.9,28.4
66132.0,99.9,28.4
68136.0,99.9,28.5
70140.0,99.9,28.6
