Time,Humidity,Temperature
0.0,51.0,24.5
2004.0,50.9,24.5
4008.0,50.8,24.5
6012.0,50.6,24.5
8016.0,50.5,24.5
10020.0,50.4,24.5
12024.0,51.6,24.7
14028.0,59.3,25.2
16032.0,67.6,25.6
18036.0,73.8,25.9
20040.0,78.5,26.1
22044.0,82.4,26.2
24048.0,85.6,26.2
26052.0,88.2,26.3
28056.0,90.4,26.4
30060.0,92.2,26.5
32064.0,93.8,26.5
34068.0,95.2,26.7
36072.0,96.3,26.8
38076.0,97.4,26.9
40080.0,98.3,27.1
42084.0,99.1,27.2
44088.0,99.8,27.2
46092.0,99.9,27.4
48096.0,99.9,27.5
50100.0,99.9,27.6
52104.0,99.9,27.6
54108.0,99.9,27.7
56112.0,99.9,27.8
58116.0,99.9,27.8
60120.0,99.9,27.8
62124.0,99.9,27.9
64128.0,99.9,27.9
66132.0,99.9,27.9
68136.0,99.9,27.9
70140.0,99.9,27.9
