Time,Humidity,Temperature
0.0,45.3,24.1
2004.0,45.1,24.1
4008.0,45.0,24.1
6012.0,45.1,24.1
8016.0,45.3,24.1
10020.0,45.5,24.1
12024.0,50.5,24.5
14028.0,58.8,24.8
16032.0,67.2,25.3
18036.0,73.7,25.7
20040.0,78.7,25.9
22044.0,82.9,26.1
24048.0,86.5,26.4
26052.0,89.4,26.6
28056.0,91.9,26.8
30060.0,93.9,26.9
32064.0,95.4,27.0
34068.0,96.6,27.1
36072.0,97.8,27.4
38076.0,98.7,27.5
40080.0,99.5,27.6
42084.0,99.9,27.9
44088.0,99.9,27.9
46092.0,99.9,28.0
48096.0,99.9,28.1
50100.0,99.9,28.2
52104.0,99.9,28.2
54108.0,99.9,28.3
56112.0,99.9,28.4
58116.0,99.9,28.4
60120.0,99.9,28.6
62124.0,99.9,28.6
64128.0,99.9,28.7
66132.0,99.9,28.8
68136.0,99.9,28.7
70140.0,99.9,28.7
