Time,Humidity,Temperature
0.0,48.9,24.6
2004.0,49.0,24.6
4008.0,48.9,24.6
6012.0,48.9,24.6
8016.0,48.8,24.6
10020.0,48.9,24.5
12024.0,51.4,24.6
14028.0,58.1,24.8
16032.0,63.7,24.9
18036.0,68.5,25.0
20040.0,72.8,25.1
22044.0,76.7,25.3
24048.0,79.6,25.4
26052.0,82.1,25.5
28056.0,84.5,25.6
30060.0,86.3,25.7
32064.0,87.7,25.8
34068.0,89.2,25.9
36072.0,90.2,26.0
38076.0,91.0,26.0
40080.0,91.9,26.2
42084.0,92.4,26.3
44088.0,92.6,26.3
46092.0,93.0,26.4
48096.0,92.9,26.5
50100.0,92.7,26.5
52104.0,92.9,26.7
54108.0,92.8,26.7
56112.0,92.3,26.8
58116.0,92.5,26.9
60120.0,92.0,27.0
62124.0,91.1,26.9
64128.0,91.1,27.0
66132.0,90.9,27.1
68136.0,90.2,27.1
70140.0,89.7,27.2
