Time,Humidity,Temperature
0.0,47.7,24.9
2004.0,47.7,24.9
4008.0,47.7,24.9
6012.0,47.6,24.9
8016.0,47.5,24.9
10020.0,47.6,24.8
12024.0,52.7,25.0
14028.0,60.4,25.2
16032.0,67.1,25.4
18036.0,72.4,25.6
20040.0,76.9,25.7
22044.0,80.8,25.9
24048.0,83.9,26.0
26052.0,86.2,26.0
28056.0,88.3,26.1
30060.0,90.1,26.2
32064.0,91.4,26.2
34068.0,92.5,26.3
36072.0,93.7,26.4
38076.0,94.5,26.5
40080.0,95.3,26.5
42084.0,96.1,26.7
44088.0,96.5,26.7
46092.0,97.0,26.8
48096.0,97.6,27.0
50100.0,97.9,27.0
52104.0,98.1,27.0
54108.0,98.4,27.1
56112.0,98.5,27.2
58116.0,98.7,27.2
60120.0,98.9,27.3
62124.0,99.1,27.3
64128.0,99.1,27.3
66132.0,99.4,27.5
68136.0,99.4,27.5
70140.0,99.3,27.5
