Time,Humidity,Temperature
0.0,46.8,23.5
2004.0,46.8,23.4
4008.0,46.8,23.5
6012.0,46.8,23.5
8016.0,46.8,23.5
10020.0,46.8,23.5
12024.0,48.3,23.5
14028.0,52.7,23.6
16032.0,57.9,23.8
18036.0,61.4,23.9
20040.0,64.6,23.9
22044.0,68.4,24.1
24048.0,70.7,24.2
26052.0,72.9,24.3
28056.0,75.6,24.4
30060.0,77.0,24.5
32064.0,78.0,24.5
34068.0,79.7,24.7
36072.0,80.6,24.8
38076.0,80.7,24.8
40080.0,81.8,24.9
42084.0,82.1,25.0
44088.0,82.0,25.1
46092.0,82.4,25.1
48096.0,83.0,25.2
50100.0,82.2,25.2
52104.0,82.1,25.3
54108.0,82.4,25.4
56112.0,81.1,25.4
58116.0,81.4,25.4
60120.0,81.1,25.5
62124.0,80.5,25.6
64128.0,80.7,25.6
66132.0,80.7,25.7
68136.0,80.5,25.7
70140.0,81.0,25.8
