Time,Humidity,Temperature
0.0,44.8,24.6
2004.0,44.8,24.6
4008.0,44.8,24.6
6012.0,44.8,24.6
8016.0,44.9,24.6
10020.0,44.9,24.6
12024.0,48.3,24.6
14028.0,53.0,24.7
16032.0,58.2,24.7
18036.0,62.1,24.7
20040.0,65.2,24.8
22044.0,68.1,24.8
24048.0,70.5,24.9
26052.0,71.5,24.9
28056.0,73.8,25.0
30060.0,75.6,25.1
32064.0,76.6,25.1
34068.0,77.8,25.1
36072.0,79.5,25.3
38076.0,80.1,25.3
40080.0,80.9,25.3
42084.0,82.3,25.5
44088.0,82.7,25.5
46092.0,83.1,25.5
48096.0,84.2,25.6
50100.0,83.9,25.7
52104.0,83.4,25.7
54108.0,84.6,25.8
56112.0,84.7,25.9
58116.0,84.7,25.9
60120.0,85.4,26.0
62124.0,85.2,26.0
64128.0,84.5,26.0
66132.0,85.6,26.1
68136.0,85.3,26.2
70140.0,84.9,26.2
