Time,Humidity,Temperature
0.0,49.6,23.4
2004.0,49.6,23.4
4008.0,49.7,23.4
6012.0,49.9,23.4
8016.0,49.9,23.4
10020.0,49.9,23.4
12024.0,54.7,23.6
14028.0,60.1,23.8
16032.0,65.4,23.9
18036.0,70.3,24.2
20040.0,74.0,24.3
22044.0,77.3,24.4
24048.0,80.3,24.6
26052.0,82.7,24.8
28056.0,84.7,24.8
30060.0,86.6,25.0
32064.0,87.9,25.2
34068.0,89.1,25.2
36072.0,90.4,25.5
38076.0,91.1,25.5
40080.0,91.6,25.6
42084.0,92.4,25.8
44088.0,92.7,25.9
46092.0,93.0,26.0
48096.0,93.5,26.2
50100.0,93.5,26.3
52104.0,93.5,26.2
54108.0,93.7,26.5
56112.0,93.3,26.6
58116.0,92.8,26.6
60120.0,93.2,26.7
62124.0,92.4,26.8
64128.0,91.4,26.8
66132.0,91.7,26.9
68136.0,91.1,27.0
70140.0,90.2,27.0
