Time,Humidity,Temperature
0.0,49.9,24.5
2004.0,49.9,24.5
4008.0,49.9,24.5
6012.0,49.9,24.5
8016.0,49.9,24.5
10020.0,50.1,24.5
12024.0,55.7,24.7
14028.0,60.9,24.9
16032.0,65.9,24.9
18036.0,70.5,25.2
20040.0,74.2,25.3
22044.0,77.3,25.4
24048.0,80.3,25.6
26052.0,82.4,25.6
28056.0,84.1,25.7
30060.0,85.9,25.8
32064.0,87.0,26.0
34068.0,87.7,26.0
36072.0,88.6,26.1
38076.0,89.2,26.2
40080.0,89.4,26.2
42084.0,89.8,26.3
44088.0,90.2,26.5
46092.0,89.5,26.5
48096.0,89.2,26.5
50100.0,89.0,26.6
52104.0,87.8,26.6
54108.0,87.7,26.7
56112.0,88.1,26.8
58116.0,87.4,26.7
60120.0,87.0,26.8
62124.0,87.3,26.9
64128.0,86.4,26.9
66132.0,86.3,26.9
68136.0,86.4,27.0
70140.0,85.6,27.0
