Time,Humidity,Temperature
0.0,49.0,24.2
2004.0,49.0,24.2
4008.0,49.0,24.2
6012.0,49.0,24.2
8016.0,49.1,24.2
10020.0,49.4,24.2
12024.0,53.0,24.3
14028.0,58.2,24.5
16032.0,64.0,24.7
18036.0,69.0,24.9
20040.0,72.7,25.0
22044.0,76.5,25.2
24048.0,79.7,25.4
26052.0,82.1,25.5
28056.0,84.4,25.6
30060.0,86.5,25.8
32064.0,87.9,25.9
34068.0,89.2,26.0
36072.0,90.5,26.2
38076.0,91.3,26.2
40080.0,92.0,26.3
42084.0,92.9,26.5
44088.0,93.2,26.6
46092.0,93.6,26.6
48096.0,94.2,26.8
50100.0,94.2,26.8
52104.0,94.0,26.9
54108.0,94.4,27.1
56112.0,94.2,27.1
58116.0,93.7,27.1
60120.0,93.6,27.3
62124.0,92.8,27.3
64128.0,92.5,27.3
66132.0,92.7,27.5
68136.0,91.8,27.5
70140.0,91.4,27.5
