Time,Humidity,Temperature
0.0,47.2,24.8
2004.0,47.2,24.8
4008.0,47.2,24.8
6012.0,47.2,24.8
8016.0,47.1,24.8
10020.0,49.1,24.8
12024.0,53.7,24.9
14028.0,60.0,25.0
16032.0,65.3,25.2
18036.0,69.6,25.3
20040.0,73.4,25.4
22044.0,76.6,25.5
24048.0,79.0,25.5
26052.0,81.3,25.6
28056.0,83.6,25.7
30060.0,85.1,25.8
32064.0,86.5,25.8
34068.0,87.9,25.9
36072.0,88.8,26.0
38076.0,89.5,26.0
40080.0,90.5,26.2
42084.0,91.1,26.3
44088.0,91.1,26.2
46092.0,91.8,26.4
48096.0,92.0,26.5
50100.0,91.8,26.5
52104.0,92.1,26.6
54108.0,92.2,26.7
56112.0,91.8,26.7
58116.0,91.9,26.8
60120.0,91.9,26.9
62124.0,91.2,26.9
64128.0,91.2,27.0
66132.0,90.8,27.1
68136.0,89.8,27.0
70140.0,90.1,27.1
