Time,Humidity,Temperature
0.0,50.4,24.6
2004.0,50.5,24.6
4008.0,50.4,24.6
6012.0,50.4,24.5
8016.0,50.3,24.5
10020.0,51.3,24.5
12024.0,55.6,24.6
14028.0,61.7,24.9
16032.0,66.7,25.1
18036.0,70.8,25.2
20040.0,74.4,25.4
22044.0,77.5,25.5
24048.0,79.7,25.6
26052.0,81.4,25.6
28056.0,83.2,25.9
30060.0,84.2,25.9
32064.0,84.9,25.9
34068.0,86.3,26.2
36072.0,86.7,26.2
38076.0,87.0,26.2
40080.0,87.9,26.4
42084.0,87.6,26.4
44088.0,87.8,26.5
46092.0,88.7,26.7
48096.0,88.4,26.7
50100.0,88.4,26.7
52104.0,89.1,26.8
54108.0,88.8,26.9
56112.0,88.4,26.9
58116.0,89.1,27.0
60120.0,88.6,27.0
62124.0,88.0,27.0
64128.0,88.6,27.1
66132.0,87.7,27.2
68136.0,86.9,27.1
70140.0,87.5,27.2
