Time,Humidity,Temperature
0.0,47.4,24.8
2004.0,47.4,24.8
4008.0,47.5,24.8
6012.0,47.5,24.8
8016.0,47.4,24.8
10020.0,48.6,24.8
12024.0,53.9,25.0
14028.0,60.1,25.2
16032.0,65.6,25.3
18036.0,70.5,25.7
20040.0,74.3,25.8
22044.0,77.3,25.8
24048.0,80.2,25.9
26052.0,81.8,26.0
28056.0,83.2,26.0
30060.0,84.9,26.2
32064.0,85.8,26.2
34068.0,86.4,26.3
36072.0,87.5,26.5
38076.0,87.9,26.5
40080.0,88.2,26.4
42084.0,89.1,26.7
44088.0,89.6,26.8
46092.0,89.9,26.9
48096.0,90.5,27.0
50100.0,90.5,27.1
52104.0,90.4,27.1
54108.0,90.5,27.1
56112.0,90.6,27.3
58116.0,90.2,27.2
60120.0,90.5,27.3
62124.0,90.1,27.4
64128.0,89.4,27.4
66132.0,89.7,27.4
68136.0,89.7,27.5
70140.0,88.9,27.5
