Time,Humidity,Temperature
0.0,45.5,24.4
2004.0,45.6,24.4
4008.0,45.6,24.4
6012.0,45.6,24.4
8016.0,45.8,24.4
10020.0,45.9,24.4
12024.0,48.4,24.4
14028.0,53.5,24.5
16032.0,58.7,24.6
18036.0,62.7,24.7
20040.0,65.6,24.7
22044.0,68.9,24.8
24048.0,71.4,24.9
26052.0,73.1,25.0
28056.0,75.8,25.1
30060.0,77.5,25.2
32064.0,78.9,25.3
34068.0,80.2,25.3
36072.0,81.5,25.5
38076.0,81.7,25.5
40080.0,82.2,25.6
42084.0,83.4,25.7
44088.0,83.3,25.8
46092.0,83.9,25.8
48096.0,84.5,26.0
50100.0,84.1,26.0
52104.0,84.4,26.0
54108.0,84.9,26.1
56112.0,84.5,26.1
58116.0,84.5,26.2
60120.0,85.2,26.3
62124.0,84.7,26.3
64128.0,84.2,26.4
66132.0,84.9,26.5
68136.0,84.5,26.5
70140.0,83.4,26.5
