Time,Humidity,Temperature
0.0,47.0,24.8
2004.0,47.0,24.8
4008.0,47.0,24.8
6012.0,47.0,24.7
8016.0,47.0,24.7
10020.0,47.1,24.7
12024.0,52.2,24.9
14028.0,58.9,25.0
16032.0,65.3,25.1
18036.0,70.3,25.3
20040.0,74.5,25.3
22044.0,78.3,25.5
24048.0,81.3,25.6
26052.0,83.7,25.6
28056.0,85.9,25.7
30060.0,87.7,25.9
32064.0,89.1,25.9
34068.0,90.4,26.0
36072.0,91.7,26.2
38076.0,92.4,26.2
40080.0,93.3,26.3
42084.0,94.1,26.4
44088.0,94.5,26.5
46092.0,94.9,26.5
48096.0,95.3,26.7
50100.0,95.3,26.6
52104.0,95.3,26.6
54108.0,95.3,26.8
56112.0,94.7,26.8
58116.0,94.6,26.9
60120.0,94.5,27.0
62124.0,93.7,27.0
64128.0,93.2,27.0
66132.0,93.2,27.1
68136.0,91.6,27.1
70140.0,91.3,27.2
