Time,Humidity,Temperature
0.0,45.5,24.3
2004.0,45.5,24.3
4008.0,45.5,24.3
6012.0,45.5,24.3
8016.0,45.4,24.3
10020.0,45.5,24.3
12024.0,51.1,24.5
14028.0,56.4,24.5
16032.0,62.3,24.6
18036.0,66.6,24.7
20040.0,70.3,24.7
22044.0,74.1,24.9
24048.0,76.9,25.0
26052.0,79.1,25.0
28056.0,81.4,25.1
30060.0,82.9,25.2
32064.0,83.7,25.2
34068.0,85.1,25.3
36072.0,86.2,25.4
38076.0,86.3,25.4
40080.0,87.0,25.5
42084.0,88.0,25.6
44088.0,88.0,25.6
46092.0,88.7,25.7
48096.0,89.3,25.9
50100.0,89.1,25.8
52104.0,89.6,25.9
54108.0,89.8,26.0
56112.0,89.6,26.0
58116.0,89.8,26.1
60120.0,90.1,26.2
62124.0,89.4,26.2
64128.0,89.0,26.2
66132.0,89.2,26.3
68136.0,88.5,26.3
70140.0,87.8,26.4
