Time,Humidity,Temperature
0.0,46.1,24.9
2004.0,46.1,24.8
4008.0,46.2,24.9
6012.0,46.2,24.8
8016.0,46.2,24.8
10020.0,46.5,24.8
12024.0,49.7,24.9
14028.0,56.2,25.1
16032.0,62.3,25.4
18036.0,67.5,25.5
20040.0,72.1,25.7
22044.0,76.3,25.9
24048.0,79.5,26.0
26052.0,82.1,26.1
28056.0,84.7,26.3
30060.0,86.4,26.5
32064.0,87.7,26.5
34068.0,89.4,26.7
36072.0,90.3,26.9
38076.0,91.3,26.9
40080.0,92.3,27.1
42084.0,92.8,27.2
44088.0,93.3,27.2
46092.0,94.0,27.4
48096.0,94.3,27.5
50100.0,94.5,27.6
52104.0,94.9,27.7
54108.0,94.9,27.8
56112.0,94.7,27.8
58116.0,94.9,27.9
60120.0,94.2,27.9
62124.0,93.4,27.9
64128.0,93.6,28.1
66132.0,93.3,28.1
68136.0,93.0,28.2
70140.0,93.2,28.3
