Time,Humidity,Temperature
0.0,47.1,24.8
2004.0,47.2,24.8
4008.0,47.2,24.8
6012.0,47.2,24.8
8016.0,47.3,24.8
10020.0,47.5,24.8
12024.0,49.4,24.8
14028.0,54.6,24.9
16032.0,59.0,25.1
18036.0,62.6,25.1
20040.0,66.1,25.2
22044.0,69.5,25.4
24048.0,71.2,25.4
26052.0,73.0,25.5
28056.0,75.6,25.6
30060.0,76.4,25.7
32064.0,77.2,25.7
34068.0,79.0,25.9
36072.0,79.2,25.9
38076.0,78.5,25.9
40080.0,79.5,26.0
42084.0,79.6,26.1
44088.0,79.3,26.1
46092.0,80.5,26.3
48096.0,81.0,26.4
50100.0,80.7,26.3
52104.0,81.9,26.5
54108.0,82.3,26.6
56112.0,81.8,26.6
58116.0,82.6,26.7
60120.0,83.0,26.8
62124.0,82.3,26.8
64128.0,83.1,26.9
66132.0,82.9,26.9
68136.0,82.3,27.0
70140.0,82.8,27.0
