Time,Humidity,Temperature
0.0,48.2,24.9
2004.0,48.2,25.0
4008.0,48.2,24.9
6012.0,48.1,24.9
8016.0,48.2,24.9
10020.0,48.1,24.9
12024.0,52.1,25.1
14028.0,57.9,25.2
16032.0,63.5,25.5
18036.0,67.9,25.6
20040.0,71.8,25.6
22044.0,75.5,25.9
24048.0,78.4,26.0
26052.0,80.9,26.1
28056.0,83.4,26.2
30060.0,84.8,26.3
32064.0,86.4,26.4
34068.0,88.0,26.6
36072.0,88.8,26.7
38076.0,89.5,26.8
40080.0,90.5,26.9
42084.0,90.9,27.0
44088.0,91.1,27.1
46092.0,91.6,27.2
48096.0,91.5,27.2
50100.0,91.2,27.2
52104.0,91.6,27.4
54108.0,91.2,27.4
56112.0,90.7,27.4
58116.0,90.9,27.5
60120.0,90.5,27.6
62124.0,89.7,27.6
64128.0,89.6,27.7
66132.0,89.7,27.8
68136.0,88.9,27.8
70140.0,88.2,27.8
