Time,Humidity,Temperature
0.0,44.7,24.6
2004.0,44.6,24.6
4008.0,44.6,24.6
6012.0,44.7,24.6
8016.0,44.7,24.6
10020.0,44.7,24.6
12024.0,47.6,24.6
14028.0,54.3,24.9
16032.0,60.5,25.1
18036.0,65.5,25.2
20040.0,69.9,25.4
22044.0,73.4,25.5
24048.0,76.0,25.6
26052.0,78.6,25.7
28056.0,80.7,25.8
30060.0,82.1,25.9
32064.0,83.5,25.9
34068.0,84.8,26.1
36072.0,84.9,26.1
38076.0,85.6,26.2
40080.0,86.3,26.3
42084.0,86.1,26.4
44088.0,86.4,26.4
46092.0,86.8,26.5
48096.0,86.3,26.6
50100.0,86.1,26.6
52104.0,86.7,26.8
54108.0,86.2,26.8
56112.0,86.4,26.9
58116.0,87.0,27.0
60120.0,87.1,27.0
62124.0,87.4,27.1
64128.0,88.0,27.2
66132.0,87.2,27.2
68136.0,86.9,27.2
70140.0,87.3,27.3
