Time,Humidity,Temperature
0.0,51.8,24.7
2004.0,51.8,24.7
4008.0,51.8,24.7
6012.0,51.7,24.7
8016.0,51.7,24.7
10020.0,51.8,24.7
12024.0,54.1,24.8
14028.0,60.8,25.3
16032.0,66.5,25.6
18036.0,71.5,25.8
20040.0,76.1,26.2
22044.0,79.7,26.4
24048.0,82.6,26.5
26052.0,85.1,26.6
28056.0,87.3,26.9
30060.0,88.8,27.0
32064.0,90.2,27.1
34068.0,91.4,27.3
36072.0,92.2,27.3
38076.0,93.0,27.5
40080.0,93.8,27.6
42084.0,94.0,27.6
44088.0,94.3,27.7
46092.0,94.7,27.9
48096.0,94.4,27.9
50100.0,94.2,27.9
52104.0,94.4,28.1
54108.0,93.6,28.1
56112.0,93.3,28.2
58116.0,93.5,28.3
60120.0,92.5,28.3
62124.0,91.7,28.3
64128.0,92.1,28.5
66132.0,91.1,28.5
68136.0,90.6,28.5
70140.0,91.0,28.6
