Time,Humidity,Temperature
0.0,48.0,24.1
2004.0,48.0,24.1
4008.0,48.1,24.1
6012.0,48.2,24.1
8016.0,48.2,24.1
10020.0,48.3,24.1
12024.0,49.0,24.1
14028.0,54.6,24.2
16032.0,58.9,24.3
18036.0,63.2,24.4
20040.0,68.0,24.6
22044.0,71.3,24.7
24048.0,73.6,24.7
26052.0,76.1,24.8
28056.0,78.0,24.9
30060.0,78.6,24.9
32064.0,80.3,25.1
34068.0,81.3,25.2
36072.0,81.7,25.2
38076.0,82.9,25.4
40080.0,83.8,25.5
42084.0,83.3,25.5
44088.0,83.7,25.5
46092.0,84.5,25.7
48096.0,84.7,25.7
50100.0,84.7,25.8
52104.0,85.6,25.9
54108.0,85.4,26.0
56112.0,85.4,26.0
58116.0,86.3,26.1
60120.0,85.9,26.2
62124.0,85.5,26.2
64128.0,86.2,26.3
66132.0,85.7,26.3
68136.0,85.4,26.3
70140.0,86.2,26.5
