Time,Humidity,Temperature
0.0,49.1,24.9
2004.0,49.1,24.9
4008.0,49.0,24.9
6012.0,48.9,24.9
8016.0,48.8,24.9
10020.0,51.2,25.0
12024.0,58.6,25.4
14028.0,65.4,25.6
16032.0,70.8,25.8
18036.0,75.5,25.9
20040.0,79.2,26.0
22044.0,82.3,26.1
24048.0,85.0,26.2
26052.0,87.0,26.3
28056.0,88.8,26.3
30060.0,90.3,26.5
32064.0,91.4,26.6
34068.0,92.3,26.6
36072.0,93.3,26.7
38076.0,93.9,26.8
40080.0,94.5,26.9
42084.0,95.2,27.0
44088.0,95.5,27.1
46092.0,95.9,27.2
48096.0,96.3,27.3
50100.0,96.5,27.4
52104.0,96.6,27.4
54108.0,96.9,27.5
56112.0,97.1,27.6
58116.0,97.0,27.6
60120.0,97.2,27.8
62124.0,97.2,27.8
64128.0,96.9,27.8
66132.0,96.9,27.9
68136.0,96.8,28.0
70140.0,96.0,28.0
