Time,Humidity,Temperature
0.0,45.3,23.6
2004.0,45.4,23.6
4008.0,45.4,23.6
6012.0,45.4,23.6
8016.0,45.4,23.6
10020.0,46.1,23.6
12024.0,52.0,23.9
14028.0,58.2,24.1
16032.0,64.1,24.3
18036.0,69.3,24.6
20040.0,73.3,24.7
22044.0,76.6,24.7
24048.0,79.7,24.9
26052.0,81.9,24.9
28056.0,84.0,25.0
30060.0,86.0,25.2
32064.0,87.5,25.3
34068.0,88.9,25.4
36072.0,90.2,25.6
38076.0,91.0,25.6
40080.0,91.8,25.7
42084.0,92.7,25.8
44088.0,93.3,25.9
46092.0,93.7,26.0
48096.0,94.4,26.1
50100.0,94.8,26.2
52104.0,95.0,26.2
54108.0,95.5,26.4
56112.0,95.7,26.4
58116.0,95.8,26.4
60120.0,96.2,26.5
62124.0,96.3,26.6
64128.0,96.3,26.6
66132.0,96.6,26.7
68136.0,96.6,26.8
70140.0,96.6,26.8
