Time,Humidity,Temperature
0.0,44.6,24.5
2004.0,44.5,24.5
4008.0,44.5,24.5
6012.0,44.6,24.5
8016.0,44.6,24.5
10020.0,44.6,24.5
12024.0,44.6,24.5
14028.0,49.6,24.6
16032.0,54.4,24.7
18036.0,57.9,24.8
20040.0,62.5,24.9
22044.0,65.2,25.0
24048.0,67.6,25.0
26052.0,70.6,25.1
28056.0,72.4,25.2
30060.0,73.6,25.3
32064.0,75.6,25.4
34068.0,76.7,25.5
36072.0,77.5,25.5
38076.0,78.9,25.6
40080.0,79.8,25.7
42084.0,79.4,25.7
44088.0,80.1,25.8
46092.0,80.8,25.9
48096.0,80.4,25.9
50100.0,80.9,26.0
52104.0,81.6,26.1
54108.0,81.2,26.1
56112.0,81.7,26.2
58116.0,82.2,26.3
60120.0,81.7,26.3
62124.0,81.7,26.4
64128.0,82.6,26.5
66132.0,82.2,26.6
68136.0,82.2,26.6
70140.0,82.8,26.7
