Time,Humidity,Temperature
0.0,49.7,24.8
2004.0,49.7,24.8
4008.0,49.7,24.8
6012.0,49.8,24.7
8016.0,49.8,24.7
10020.0,50.0,24.8
12024.0,54.8,25.1
14028.0,60.5,25.3
16032.0,65.8,25.5
18036.0,70.4,25.7
20040.0,73.7,25.9
22044.0,76.5,25.9
24048.0,79.5,26.1
26052.0,81.8,26.2
28056.0,83.5,26.3
30060.0,85.4,26.4
32064.0,86.4,26.5
34068.0,87.1,26.6
36072.0,88.1,26.7
38076.0,88.4,26.8
40080.0,88.1,26.8
42084.0,88.8,26.9
44088.0,89.0,27.0
46092.0,88.6,27.0
48096.0,88.7,27.0
50100.0,88.7,27.1
52104.0,88.0,27.1
54108.0,87.9,27.1
56112.0,87.9,27.3
58116.0,86.9,27.3
60120.0,87.2,27.3
62124.0,87.2,27.4
64128.0,86.6,27.4
66132.0,86.5,27.4
68136.0,86.9,27.5
70140.0,86.3,27.5
