Time,Humidity,Temperature
0.0,51.0,23.9
2004.0,50.9,23.9
4008.0,50.8,23.9
6012.0,50.8,23.9
8016.0,50.7,23.9
10020.0,50.6,23.9
12024.0,52.4,24.0
14028.0,59.4,24.3
16032.0,69.5,25.2
18036.0,76.8,26.1
20040.0,82.5,26.4
22044.0,87.3,26.9
24048.0,91.0,27.3
26052.0,93.8,27.4
28056.0,96.3,27.7
30060.0,98.3,27.9
32064.0,99.8,28.0
34068.0,99.9,28.1
36072.0,99.9,28.3
38076.0,99.9,28.4
40080.0,99.9,28.4
42084.0,99.9,28.6
44088.0,99.9,28.7
46092.0,99.9,28.8
48096.0,99.9,28.9
50100.0,99.9,29.0
52104.0,99.9,29.0
54108.0,99.9,29.2
56112.0,99.9,29.2
58116.0,99.9,29.3
60120.0,99.9,29.4
62124.0,99.9,29.4
64128.0,99.9,29.4
66132.0,99.9,29.4
68136.0,99.9,29.5
70140.0,99.9,29.5
