Time,Humidity,Temperature
0.0,52.7,23.0
2004.0,52.7,23.0
4008.0,52.6,23.0
6012.0,52.6,23.0
8016.0,52.5,23.0
10020.0,52.2,23.0
12024.0,53.2,23.1
14028.0,59.2,23.4
16032.0,67.7,24.2
18036.0,74.7,24.7
20040.0,80.0,25.0
22044.0,84.3,25.3
24048.0,87.7,25.5
26052.0,90.6,25.6
28056.0,93.0,25.9
30060.0,95.3,26.2
32064.0,97.1,26.4
34068.0,98.8,26.7
36072.0,99.9,27.0
38076.0,99.9,27.1
40080.0,99.9,27.3
42084.0,99.9,27.6
44088.0,99.9,27.6
46092.0,99.9,27.8
48096.0,99.9,28.0
50100.0,99.9,28.0
52104.0,99.9,28.0
54108.0,99.9,28.2
56112.0,99.9,28.2
58116.0,99.9,28.2
60120.0,99.9,28.3
62124.0,99.9,28.3
64128.0,99.9,28.4
66132.0,99.9,28.4
68136.0,99.9,28.4
70140.0,99.9,28.5
