Time,Humidity,Temperature
0.0,60.3,23.5
2004.0,60.4,23.5
4008.0,60.3,23.5
6012.0,60.3,23.5
8016.0,59.9,23.5
10020.0,59.7,23.5
12024.0,60.4,23.5
14028.0,65.2,23.7
16032.0,71.0,23.9
18036.0,76.2,24.1
20040.0,80.9,24.4
22044.0,85.0,24.7
24048.0,88.2,24.9
26052.0,91.1,25.2
28056.0,93.7,25.5
30060.0,95.8,25.7
32064.0,97.6,25.9
34068.0,99.3,26.3
36072.0,99.9,26.5
38076.0,99.9,26.6
40080.0,99.9,26.9
42084.0,99.9,27.0
44088.0,99.9,27.1
46092.0,99.9,27.3
48096.0,99.9,27.4
50100.0,99.9,27.5
52104.0,99.9,27.7
54108.0,99.9,27.8
56112.0,99.9,27.9
58116.0,99.9,28.0
60120.0,99.9,28.2
62124.0,99.9,28.1
64128.0,99.9,28.3
66132.0,99.9,28.3
68136.0,99.9,28.3
70140.0,99.9,28.4
