Time,Humidity,Temperature
0.0,49.3,24.7
2004.0,49.3,24.7
4008.0,49.2,24.7
6012.0,49.0,24.6
8016.0,48.7,24.6
10020.0,48.6,24.6
12024.0,50.2,24.7
14028.0,56.8,25.0
16032.0,64.7,25.4
18036.0,71.3,25.5
20040.0,76.4,25.7
22044.0,80.6,25.8
24048.0,83.8,25.8
26052.0,86.5,25.8
28056.0,88.7,25.8
30060.0,90.6,25.9
32064.0,92.2,25.9
34068.0,93.7,26.0
36072.0,94.9,26.1
38076.0,96.1,26.2
40080.0,97.1,26.4
42084.0,97.9,26.5
44088.0,98.6,26.5
46092.0,99.3,26.6
48096.0,99.7,26.6
50100.0,99.9,26.6
52104.0,99.9,26.6
54108.0,99.9,26.6
56112.0,99.9,26.6
58116.0,99.9,26.6
60120.0,99.9,26.6
62124.0,99.7,26.5
64128.0,98.4,26.5
66132.0,96.5,26.5
68136.0,95.0,26.5
70140.0,94.5,26.5
