Time,Humidity,Temperature
0.0,52.3,23.3
2004.0,52.3,23.3
4008.0,52.3,23.3
6012.0,52.4,23.3
8016.0,52.3,23.3
10020.0,52.1,23.3
12024.0,52.2,23.3
14028.0,58.0,23.8
16032.0,66.5,24.4
18036.0,73.9,24.9
20040.0,79.7,25.4
22044.0,84.0,25.5
24048.0,87.6,25.7
26052.0,91.1,26.1
28056.0,93.6,26.3
30060.0,95.7,26.4
32064.0,97.5,26.7
34068.0,98.9,26.9
36072.0,99.9,26.9
38076.0,99.9,27.1
40080.0,99.9,27.2
42084.0,99.9,27.2
44088.0,99.9,27.4
46092.0,99.9,27.5
48096.0,99.9,27.6
50100.0,99.9,27.8
52104.0,99.9,28.0
54108.0,99.9,28.1
56112.0,99.9,28.2
58116.0,99.9,28.3
60120.0,99.9,28.4
62124.0,99.9,28.5
64128.0,99.9,28.6
66132.0,99.9,28.6
68136.0,99.9,28.7
70140.0,99.9,28.8
