Time,Humidity,Temperature
0.0,53.0,24.8
2004.0,53.0,24.8
4008.0,52.9,24.8
6012.0,52.9,24.8
8016.0,52.5,24.8
10020.0,52.1,24.8
12024.0,52.3,24.9
14028.0,57.2,24.9
16032.0,64.2,25.5
18036.0,72.4,25.9
20040.0,78.5,26.3
22044.0,83.6,26.6
24048.0,87.5,26.7
26052.0,90.5,26.9
28056.0,93.2,27.0
30060.0,95.2,27.2
32064.0,97.0,27.3
34068.0,98.5,27.5
36072.0,99.6,27.6
38076.0,99.9,27.7
40080.0,99.9,27.8
42084.0,99.9,27.8
44088.0,99.9,27.8
46092.0,99.9,27.9
48096.0,99.9,27.9
50100.0,99.9,27.9
52104.0,99.9,28.0
54108.0,99.9,28.0
56112.0,99.9,28.0
58116.0,99.9,28.1
60120.0,99.9,28.2
62124.0,99.9,28.2
64128.0,99.9,28.2
66132.0,99.9,28.2
68136.0,99.9,28.2
70140.0,99.9,28.2
