Time,Humidity,Temperature
0.0,50.9,22.8
2004.0,50.9,22.8
4008.0,50.8,22.8
6012.0,50.8,22.8
8016.0,50.7,22.8
10020.0,50.6,22.8
12024.0,50.5,22.8
14028.0,55.5,23.1
16032.0,62.0,23.5
18036.0,69.3,23.9
20040.0,75.4,24.4
22044.0,80.2,24.8
24048.0,84.2,25.0
26052.0,87.5,25.3
28056.0,90.4,25.6
30060.0,92.7,25.7
32064.0,94.6,25.9
34068.0,96.1,26.0
36072.0,97.4,26.1
38076.0,98.7,26.3
40080.0,99.5,26.4
42084.0,99.9,26.4
44088.0,99.9,26.4
46092.0,99.9,26.4
48096.0,99.9,26.4
50100.0,99.9,26.5
52104.0,99.9,26.6
54108.0,99.9,26.6
56112.0,99.9,26.7
58116.0,99.9,26.8
60120.0,99.9,26.8
62124.0,99.9,26.9
64128.0,99.9,27.0
66132.0,99.9,27.0
68136.0,99.9,27.0
70140.0,99.9,27.0
