Time,Humidity,Temperature
0.0,52.0,24.6
2004.0,51.9,24.6
4008.0,51.8,24.6
6012.0,51.7,24.6
8016.0,51.4,24.6
10020.0,51.2,24.6
12024.0,56.5,25.1
14028.0,65.0,25.4
16032.0,72.3,25.7
18036.0,77.9,26.0
20040.0,82.4,26.1
22044.0,85.9,26.2
24048.0,88.9,26.3
26052.0,91.4,26.4
28056.0,93.4,26.4
30060.0,95.1,26.5
32064.0,96.5,26.5
34068.0,97.6,26.5
36072.0,98.6,26.6
38076.0,99.5,26.7
40080.0,99.9,26.8
42084.0,99.9,26.8
44088.0,99.9,26.9
46092.0,99.9,27.0
48096.0,99.9,27.2
50100.0,99.9,27.3
52104.0,99.9,27.4
54108.0,99.9,27.5
56112.0,99.9,27.6
58116.0,99.9,27.7
60120.0,99.9,27.8
62124.0,99.9,28.0
64128.0,99.9,28.0
66132.0,99.9,28.1
68136.0,99.9,28.2
70140.0,99.9,28.2
