Time,Humidity,Temperature
0.0,49.7,24.2
2004.0,49.7,24.2
4008.0,49.7,24.2
6012.0,49.7,24.2
8016.0,49.5,24.2
10020.0,49.2,24.2
12024.0,49.4,24.2
14028.0,54.9,24.4
16032.0,60.6,24.4
18036.0,65.7,24.5
20040.0,70.5,24.6
22044.0,73.9,24.6
24048.0,76.2,24.7
26052.0,78.1,24.7
28056.0,79.8,24.7
30060.0,81.1,24.8
32064.0,82.4,24.8
34068.0,83.6,24.9
36072.0,84.8,25.0
38076.0,86.3,25.1
40080.0,87.3,25.2
42084.0,88.0,25.2
44088.0,89.0,25.3
46092.0,89.5,25.3
48096.0,89.3,25.4
50100.0,89.0,25.4
52104.0,89.2,25.5
54108.0,89.2,25.6
56112.0,90.2,25.7
58116.0,90.9,25.8
60120.0,91.5,25.9
62124.0,92.5,26.0
64128.0,93.3,26.2
66132.0,94.0,26.3
68136.0,94.9,26.5
70140.0,95.7,26.6
