Time,Humidity,Temperature
0.0,51.7,24.3
2004.0,51.7,24.3
4008.0,51.6,24.3
6012.0,51.6,24.3
8016.0,51.3,24.3
10020.0,51.0,24.3
12024.0,50.9,24.3
14028.0,56.5,24.7
16032.0,65.0,25.3
18036.0,72.9,25.7
20040.0,78.8,26.1
22044.0,83.6,26.5
24048.0,87.5,26.7
26052.0,90.8,27.0
28056.0,93.3,27.2
30060.0,95.4,27.2
32064.0,97.2,27.4
34068.0,98.7,27.6
36072.0,99.9,27.7
38076.0,99.9,27.8
40080.0,99.9,28.0
42084.0,99.9,28.0
44088.0,99.9,28.1
46092.0,99.9,28.2
48096.0,99.9,28.3
50100.0,99.9,28.4
52104.0,99.9,28.5
54108.0,99.9,28.6
56112.0,99.9,28.7
58116.0,99.9,28.8
60120.0,99.9,28.9
62124.0,99.9,29.0
64128.0,99.9,29.1
66132.0,99.9,29.1
68136.0,99.9,29.1
70140.0,99.9,29.2
