Time,Humidity,Temperature
0.0,54.0,24.2
2004.0,53.9,24.3
4008.0,54.0,24.2
6012.0,53.6,24.2
8016.0,53.3,24.2
10020.0,53.0,24.2
12024.0,56.5,24.5
14028.0,64.1,24.8
16032.0,71.9,25.2
18036.0,77.7,25.5
20040.0,82.3,25.7
22044.0,86.1,25.9
24048.0,89.1,25.9
26052.0,91.5,26.0
28056.0,93.6,26.1
30060.0,95.5,26.2
32064.0,96.9,26.3
34068.0,98.2,26.4
36072.0,99.4,26.6
38076.0,99.9,26.7
40080.0,99.9,26.7
42084.0,99.9,26.9
44088.0,99.9,27.0
46092.0,99.9,27.1
48096.0,99.9,27.2
50100.0,99.9,27.4
52104.0,99.9,27.4
54108.0,99.9,27.5
56112.0,99.9,27.6
58116.0,99.9,27.6
60120.0,99.9,27.6
62124.0,99.9,27.7
64128.0,99.9,27.7
66132.0,99.9,27.7
68136.0,99.9,27.8
70140.0,99.9,27.8
