Time,Humidity,Temperature
0.0,53.8,23.9
2004.0,53.7,23.9
4008.0,53.7,23.9
6012.0,53.7,23.8
8016.0,53.4,23.8
10020.0,53.1,23.8
12024.0,53.0,23.9
14028.0,57.7,24.1
16032.0,64.4,24.5
18036.0,71.6,24.8
20040.0,77.5,25.2
22044.0,82.2,25.5
24048.0,86.1,25.7
26052.0,89.3,26.0
28056.0,92.1,26.2
30060.0,94.2,26.4
32064.0,96.1,26.5
34068.0,97.7,26.7
36072.0,99.0,26.8
38076.0,99.9,26.9
40080.0,99.9,27.1
42084.0,99.9,27.2
44088.0,99.9,27.4
46092.0,99.9,27.6
48096.0,99.9,27.7
50100.0,99.9,27.9
52104.0,99.9,28.0
54108.0,99.9,28.1
56112.0,99.9,28.1
58116.0,99.9,28.2
60120.0,99.9,28.2
62124.0,99.9,28.2
64128.0,99.9,28.3
66132.0,99.9,28.2
68136.0,99.9,28.2
70140.0,99.9,28.2
