Time,Humidity,Temperature
0.0,53.2,23.6
2004.0,53.1,23.6
4008.0,53.1,23.6
6012.0,53.0,23.6
8016.0,52.7,23.6
10020.0,52.4,23.6
12024.0,55.5,23.7
14028.0,61.1,23.9
16032.0,68.2,24.2
18036.0,73.9,24.4
20040.0,78.4,24.6
22044.0,82.3,24.7
24048.0,85.4,24.9
26052.0,88.0,24.9
28056.0,90.1,25.0
30060.0,91.7,25.0
32064.0,92.8,25.0
34068.0,94.1,25.0
36072.0,95.4,25.3
38076.0,96.7,25.5
40080.0,97.9,25.7
42084.0,99.0,26.0
44088.0,99.9,26.2
46092.0,99.9,26.4
48096.0,99.9,26.7
50100.0,99.9,26.9
52104.0,99.9,27.0
54108.0,99.9,27.2
56112.0,99.9,27.3
58116.0,99.9,27.4
60120.0,99.9,27.6
62124.0,99.9,27.7
64128.0,99.9,27.8
66132.0,99.9,27.9
68136.0,99.9,28.0
70140.0,99.9,28.0
