Time,Humidity,Temperature
0.0,44.9,24.6
2004.0,45.0,24.6
4008.0,45.0,24.6
6012.0,44.9,24.6
8016.0,45.1,24.6
10020.0,45.0,24.6
12024.0,47.7,24.8
14028.0,55.3,25.0
16032.0,63.9,25.3
18036.0,70.8,25.6
20040.0,76.1,25.8
22044.0,81.3,26.2
24048.0,85.5,26.6
26052.0,88.9,26.8
28056.0,91.7,27.0
30060.0,94.0,27.2
32064.0,95.7,27.3
34068.0,97.3,27.4
36072.0,98.5,27.6
38076.0,99.6,27.6
40080.0,99.9,27.6
42084.0,99.9,27.6
44088.0,99.9,27.6
46092.0,99.9,27.6
48096.0,99.9,27.7
50100.0,99.9,27.7
52104.0,99.9,27.8
54108.0,99.9,27.9
56112.0,99.9,28.0
58116.0,99.9,28.0
60120.0,99.9,28.1
62124.0,99.9,28.1
64128.0,99.9,28.2
66132.0,99.9,28.2
68136.0,99.9,28.2
70140.0,99.9,28.2
