Time,Humidity,Temperature
0.0,51.4,24.3
2004.0,51.4,24.2
4008.0,51.4,24.2
6012.0,51.4,24.2
8016.0,51.1,24.2
10020.0,50.8,24.2
12024.0,55.0,24.4
14028.0,61.0,24.6
16032.0,68.5,24.9
18036.0,74.4,25.2
20040.0,78.9,25.3
22044.0,82.6,25.4
24048.0,85.7,25.6
26052.0,88.5,25.7
28056.0,90.7,25.8
30060.0,92.7,26.0
32064.0,94.3,26.1
34068.0,95.7,26.2
36072.0,96.9,26.3
38076.0,97.9,26.4
40080.0,98.9,26.5
42084.0,99.7,26.6
44088.0,99.9,26.8
46092.0,99.9,26.9
48096.0,99.9,27.0
50100.0,99.9,27.1
52104.0,99.9,27.2
54108.0,99.9,27.4
56112.0,99.9,27.6
58116.0,99.9,27.7
60120.0,99.9,27.8
62124.0,99.9,27.9
64128.0,99.9,28.0
66132.0,99.9,28.0
68136.0,99.9,28.2
70140.0,99.9,28.2
