Time,Humidity,Temperature
0.0,57.3,23.9
2004.0,57.3,23.9
4008.0,57.2,23.9
6012.0,57.1,23.9
8016.0,57.0,23.9
10020.0,56.3,23.9
12024.0,55.6,23.9
14028.0,58.7,24.1
16032.0,65.2,24.4
18036.0,73.4,24.8
20040.0,79.9,25.4
22044.0,85.2,26.0
24048.0,89.4,26.5
26052.0,93.1,27.0
28056.0,95.9,27.5
30060.0,98.1,27.7
32064.0,99.9,28.0
34068.0,99.9,28.3
36072.0,99.9,28.4
38076.0,99.9,28.5
40080.0,99.9,28.8
42084.0,99.9,28.8
44088.0,99.9,28.9
46092.0,99.9,29.2
48096.0,99.9,29.2
50100.0,99.9,29.4
52104.0,99.9,29.5
54108.0,99.9,29.4
56112.0,99.9,29.4
58116.0,99.9,29.5
60120.0,99.9,29.5
62124.0,99.9,29.5
64128.0,99.9,29.7
66132.0,99.9,29.7
68136.0,99.9,29.6
70140.0,99.9,29.8
