Time,Humidity,Temperature
0.0,42.2,23.3
2004.0,42.1,23.3
4008.0,42.0,23.3
6012.0,42.0,23.3
8016.0,42.0,23.3
10020.0,42.1,23.2
12024.0,42.8,23.3
14028.0,51.0,24.0
16032.0,60.8,24.6
18036.0,68.8,25.0
20040.0,74.9,25.5
22044.0,79.9,25.8
24048.0,83.9,26.0
26052.0,87.3,26.1
28056.0,89.9,26.2
30060.0,92.0,26.2
32064.0,93.9,26.4
34068.0,95.4,26.5
36072.0,96.6,26.5
38076.0,97.6,26.5
40080.0,98.4,26.6
42084.0,99.0,26.6
44088.0,99.6,26.6
46092.0,99.9,26.6
48096.0,99.9,26.6
50100.0,99.9,26.7
52104.0,99.9,26.7
54108.0,99.9,26.7
56112.0,99.9,26.7
58116.0,99.9,26.7
60120.0,99.9,26.7
62124.0,99.9,26.8
64128.0,99.9,27.0
66132.0,99.9,27.1
68136.0,99.9,27.2
70140.0,99.9,27.3
