Time,Humidity,Temperature
0.0,44.5,23.4
2004.0,44.6,23.4
4008.0,44.7,23.4
6012.0,44.6,23.4
8016.0,44.7,23.4
10020.0,44.8,23.4
12024.0,48.0,23.5
14028.0,52.8,23.6
16032.0,57.8,23.7
18036.0,61.7,23.8
20040.0,65.4,23.9
22044.0,69.0,24.1
24048.0,71.6,24.2
26052.0,73.8,24.3
28056.0,76.5,24.5
30060.0,78.2,24.5
32064.0,79.4,24.6
34068.0,81.0,24.7
36072.0,81.7,24.8
38076.0,82.3,24.8
40080.0,83.5,25.0
42084.0,83.7,25.1
44088.0,83.7,25.0
46092.0,84.5,25.2
48096.0,84.4,25.3
50100.0,84.4,25.3
52104.0,85.1,25.4
54108.0,84.8,25.5
56112.0,84.3,25.5
58116.0,84.7,25.5
60120.0,84.0,25.6
62124.0,83.3,25.6
64128.0,83.8,25.7
66132.0,83.5,25.8
68136.0,83.0,25.8
70140.0,83.6,25.9
