Time,Humidity,Temperature
0.0,42.6,23.6
2004.0,42.6,23.6
4008.0,42.4,23.6
6012.0,42.4,23.6
8016.0,42.4,23.6
10020.0,42.3,23.6
12024.0,43.8,23.7
14028.0,50.8,24.0
16032.0,56.5,24.2
18036.0,61.6,24.3
20040.0,66.6,24.5
22044.0,70.3,24.6
24048.0,73.4,24.7
26052.0,76.7,25.0
28056.0,79.0,25.1
30060.0,81.2,25.2
32064.0,83.3,25.4
34068.0,84.9,25.5
36072.0,86.1,25.6
38076.0,87.3,25.7
40080.0,87.9,25.8
42084.0,87.9,25.8
44088.0,88.5,25.9
46092.0,88.3,26.0
48096.0,88.0,26.0
50100.0,88.2,26.1
52104.0,88.1,26.2
54108.0,87.3,26.3
56112.0,87.8,26.4
58116.0,87.8,26.5
60120.0,87.7,26.5
62124.0,87.9,26.6
64128.0,88.2,26.7
66132.0,87.9,26.7
68136.0,88.4,26.8
70140.0,88.6,26.9
