Time,Humidity,Temperature
0.0,40.9,24.2
2004.0,41.0,24.2
4008.0,41.0,24.2
6012.0,41.0,24.2
8016.0,41.0,24.2
10020.0,41.0,24.1
12024.0,41.8,24.1
14028.0,47.8,24.3
16032.0,53.3,24.5
18036.0,57.6,24.5
20040.0,62.4,24.6
22044.0,65.7,24.7
24048.0,68.7,24.8
26052.0,71.7,24.9
28056.0,73.8,25.0
30060.0,75.4,25.1
32064.0,77.3,25.2
34068.0,78.5,25.3
36072.0,79.3,25.4
38076.0,80.5,25.5
40080.0,81.3,25.6
42084.0,81.7,25.7
44088.0,82.7,25.8
46092.0,83.5,25.9
48096.0,83.4,25.9
50100.0,84.3,26.0
52104.0,84.8,26.2
54108.0,84.8,26.2
56112.0,85.6,26.3
58116.0,85.7,26.4
60120.0,85.5,26.4
62124.0,85.9,26.5
64128.0,86.1,26.6
66132.0,85.5,26.6
68136.0,85.8,26.7
70140.0,86.2,26.8
