Time,Humidity,Temperature
0.0,53.7,22.9
2004.0,53.7,22.9
4008.0,53.7,22.9
6012.0,53.6,22.9
8016.0,53.5,22.9
10020.0,53.4,22.9
12024.0,57.1,23.1
14028.0,61.3,23.1
16032.0,65.2,23.2
18036.0,69.1,23.4
20040.0,72.1,23.5
22044.0,74.6,23.6
24048.0,77.3,23.8
26052.0,78.9,23.9
28056.0,79.8,23.9
30060.0,81.6,24.0
32064.0,82.8,24.2
34068.0,83.6,24.2
36072.0,84.8,24.3
38076.0,85.6,24.5
40080.0,86.0,24.5
42084.0,86.8,24.6
44088.0,87.2,24.8
46092.0,87.6,24.8
48096.0,88.1,24.9
50100.0,88.4,25.0
52104.0,88.2,25.1
54108.0,88.8,25.2
56112.0,89.1,25.3
58116.0,88.8,25.4
60120.0,89.2,25.5
62124.0,89.3,25.6
64128.0,89.1,25.6
66132.0,89.1,25.7
68136.0,89.3,25.8
70140.0,88.5,25.8
