Time,Humidity,Temperature
0.0,46.9,23.9
2004.0,46.7,23.9
4008.0,46.5,23.9
6012.0,46.4,23.9
8016.0,46.2,23.9
10020.0,49.1,23.9
12024.0,53.5,23.9
14028.0,58.5,24.1
16032.0,62.3,24.2
18036.0,64.9,24.3
20040.0,68.2,24.3
22044.0,71.0,24.5
24048.0,72.5,24.5
26052.0,74.8,24.6
28056.0,76.8,24.8
30060.0,78.0,24.8
32064.0,79.6,24.9
34068.0,80.9,25.1
36072.0,81.5,25.2
38076.0,82.2,25.2
40080.0,83.3,25.3
42084.0,83.2,25.4
44088.0,83.3,25.4
46092.0,84.1,25.6
48096.0,84.0,25.6
50100.0,84.2,25.7
52104.0,85.0,25.8
54108.0,84.6,25.9
56112.0,84.9,25.9
58116.0,85.5,26.1
60120.0,84.8,26.1
62124.0,84.6,26.1
64128.0,85.2,26.3
66132.0,85.0,26.3
68136.0,85.0,26.3
70140.0,85.6,26.5
