Time,Humidity,Temperature
0.0,43.0,23.6
2004.0,43.1,23.6
4008.0,43.0,23.6
6012.0,43.1,23.6
8016.0,43.1,23.6
10020.0,43.1,23.6
12024.0,43.8,23.6
14028.0,49.9,23.8
16032.0,55.1,24.0
18036.0,60.4,24.2
20040.0,65.7,24.4
22044.0,70.0,24.7
24048.0,73.4,24.8
26052.0,76.9,25.1
28056.0,79.4,25.2
30060.0,81.5,25.2
32064.0,83.7,25.5
34068.0,85.1,25.6
36072.0,86.0,25.6
38076.0,86.9,25.7
40080.0,87.5,25.9
42084.0,87.2,25.8
44088.0,88.0,26.0
46092.0,88.2,26.1
48096.0,88.0,26.1
50100.0,88.4,26.2
52104.0,88.6,26.3
54108.0,87.8,26.3
56112.0,87.5,26.3
58116.0,87.6,26.5
60120.0,86.4,26.5
62124.0,86.1,26.5
64128.0,86.6,26.6
66132.0,85.8,26.6
68136.0,85.1,26.6
70140.0,85.6,26.8
