Time,Humidity,Temperature
0.0,51.5,23.9
2004.0,51.4,23.9
4008.0,51.5,23.9
6012.0,51.4,23.9
8016.0,51.3,23.9
10020.0,51.3,23.9
12024.0,51.2,23.9
14028.0,55.1,24.0
16032.0,59.8,24.1
18036.0,64.3,24.1
20040.0,68.6,24.2
22044.0,71.8,24.3
24048.0,74.5,24.4
26052.0,77.4,24.5
28056.0,79.6,24.6
30060.0,81.3,24.7
32064.0,83.1,24.8
34068.0,84.5,24.9
36072.0,85.6,24.9
38076.0,86.8,25.1
40080.0,87.8,25.2
42084.0,88.5,25.3
44088.0,89.4,25.4
46092.0,89.9,25.6
48096.0,90.2,25.6
50100.0,90.5,25.7
52104.0,90.9,25.8
54108.0,90.9,25.8
56112.0,91.2,25.9
58116.0,91.6,26.0
60120.0,91.4,26.1
62124.0,91.6,26.1
64128.0,91.9,26.3
66132.0,91.7,26.3
68136.0,92.0,26.4
70140.0,92.0,26.5
