Time,Humidity,Temperature
0.0,42.1,23.0
2004.0,42.0,23.0
4008.0,42.0,23.0
6012.0,42.0,23.0
8016.0,42.1,23.0
10020.0,42.6,23.0
12024.0,45.7,23.1
14028.0,51.2,23.2
16032.0,57.1,23.5
18036.0,61.9,23.6
20040.0,66.3,23.7
22044.0,70.3,24.0
24048.0,73.6,24.1
26052.0,76.7,24.1
28056.0,79.8,24.3
30060.0,82.3,24.5
32064.0,84.3,24.5
34068.0,86.3,24.6
36072.0,87.9,24.8
38076.0,89.2,24.8
40080.0,90.4,25.0
42084.0,91.4,25.1
44088.0,92.2,25.1
46092.0,92.9,25.2
48096.0,93.6,25.3
50100.0,93.9,25.4
52104.0,94.4,25.5
54108.0,94.7,25.5
56112.0,94.7,25.5
58116.0,94.9,25.6
60120.0,94.9,25.7
62124.0,94.4,25.7
64128.0,94.3,25.8
66132.0,94.0,25.9
68136.0,93.1,25.9
70140.0,92.8,26.0
