Time,Humidity,Temperature
0.0,42.9,23.9
2004.0,42.8,23.9
4008.0,42.7,23.9
6012.0,42.7,23.9
8016.0,42.7,23.9
10020.0,42.7,23.9
12024.0,44.2,23.9
14028.0,49.5,24.0
16032.0,54.1,24.0
18036.0,57.7,24.1
20040.0,61.8,24.1
22044.0,65.4,24.2
24048.0,67.7,24.2
26052.0,70.4,24.3
28056.0,72.6,24.4
30060.0,73.6,24.5
32064.0,74.9,24.5
34068.0,76.4,24.6
36072.0,76.7,24.7
38076.0,77.4,24.8
40080.0,78.4,24.9
42084.0,78.6,25.0
44088.0,78.9,25.0
46092.0,79.7,25.1
48096.0,79.6,25.2
50100.0,79.4,25.2
52104.0,80.2,25.4
54108.0,79.9,25.4
56112.0,79.9,25.5
58116.0,80.7,25.6
60120.0,80.2,25.7
62124.0,80.1,25.7
64128.0,80.7,25.8
66132.0,80.2,25.9
68136.0,80.1,25.9
70140.0,80.9,26.0
