Time,Humidity,Temperature
0.0,40.8,23.8
2004.0,40.7,23.8
4008.0,40.7,23.8
6012.0,40.7,23.8
8016.0,40.8,23.8
10020.0,42.1,23.8
12024.0,46.4,23.8
14028.0,51.6,23.9
16032.0,56.2,24.0
18036.0,59.9,24.0
20040.0,63.8,24.1
22044.0,67.1,24.3
24048.0,69.6,24.3
26052.0,71.8,24.4
28056.0,74.2,24.5
30060.0,75.6,24.6
32064.0,77.3,24.6
34068.0,78.9,24.8
36072.0,79.8,24.8
38076.0,80.4,24.9
40080.0,81.5,25.0
42084.0,81.8,25.1
44088.0,82.0,25.1
46092.0,82.9,25.3
48096.0,82.9,25.4
50100.0,83.4,25.4
52104.0,84.0,25.6
54108.0,84.1,25.6
56112.0,84.0,25.6
58116.0,84.6,25.7
60120.0,84.2,25.8
62124.0,83.8,25.8
64128.0,84.5,26.0
66132.0,84.0,26.0
68136.0,83.7,26.0
70140.0,84.2,26.1
