Time,Humidity,Temperature
0.0,40.5,23.7
2004.0,40.5,23.7
4008.0,40.4,23.7
6012.0,40.5,23.7
8016.0,40.5,23.7
10020.0,40.5,23.7
12024.0,44.9,23.8
14028.0,49.8,23.8
16032.0,55.3,23.9
18036.0,59.6,24.0
20040.0,63.3,24.0
22044.0,66.9,24.1
24048.0,69.8,24.3
26052.0,71.7,24.3
28056.0,74.0,24.4
30060.0,76.0,24.6
32064.0,77.5,24.7
34068.0,79.1,24.7
36072.0,80.4,24.9
38076.0,81.4,25.0
40080.0,82.0,25.0
42084.0,82.7,25.1
44088.0,83.0,25.2
46092.0,83.7,25.2
48096.0,84.4,25.4
50100.0,84.4,25.4
52104.0,84.8,25.5
54108.0,85.2,25.6
56112.0,85.1,25.6
58116.0,85.4,25.7
60120.0,86.0,25.8
62124.0,85.6,25.8
64128.0,85.3,25.9
66132.0,85.7,26.0
68136.0,84.8,26.0
70140.0,84.7,26.0
