Time,Humidity,Temperature
0.0,41.5,24.1
2004.0,41.5,24.1
4008.0,41.5,24.1
6012.0,41.5,24.1
8016.0,41.5,24.0
10020.0,41.5,24.0
12024.0,47.0,24.3
14028.0,53.2,24.5
16032.0,59.4,24.7
18036.0,64.7,24.9
20040.0,68.8,25.0
22044.0,72.3,25.1
24048.0,75.7,25.4
26052.0,78.3,25.5
28056.0,80.6,25.6
30060.0,82.8,25.8
32064.0,84.3,25.9
34068.0,85.4,25.9
36072.0,86.7,26.1
38076.0,87.5,26.2
40080.0,88.1,26.2
42084.0,88.9,26.4
44088.0,89.1,26.5
46092.0,88.8,26.5
48096.0,89.1,26.6
50100.0,89.4,26.8
52104.0,89.2,26.8
54108.0,89.4,26.9
56112.0,89.3,27.0
58116.0,88.8,27.0
60120.0,88.6,27.0
62124.0,88.7,27.0
64128.0,87.9,27.1
66132.0,87.6,27.1
68136.0,87.7,27.2
70140.0,87.4,27.2
