Time,Humidity,Temperature
0.0,42.2,24.7
2004.0,42.2,24.7
4008.0,42.2,24.6
6012.0,42.2,24.6
8016.0,42.2,24.6
10020.0,42.6,24.6
12024.0,47.9,24.8
14028.0,54.7,25.0
16032.0,61.2,25.2
18036.0,66.5,25.4
20040.0,70.9,25.5
22044.0,74.9,25.6
24048.0,78.1,25.7
26052.0,80.5,25.8
28056.0,82.7,25.9
30060.0,84.2,26.0
32064.0,85.2,26.1
34068.0,86.2,26.1
36072.0,87.3,26.3
38076.0,87.6,26.3
40080.0,88.3,26.4
42084.0,88.8,26.5
44088.0,88.7,26.6
46092.0,88.7,26.6
48096.0,89.0,26.7
50100.0,88.7,26.8
52104.0,88.6,26.8
54108.0,88.9,26.9
56112.0,88.6,27.0
58116.0,88.3,27.0
60120.0,89.0,27.2
62124.0,88.5,27.2
64128.0,88.4,27.2
66132.0,88.7,27.3
68136.0,88.2,27.3
70140.0,87.8,27.3
