Time,Humidity,Temperature
0.0,42.4,24.3
2004.0,42.4,24.3
4008.0,42.4,24.2
6012.0,42.5,24.2
8016.0,42.5,24.2
10020.0,42.5,24.2
12024.0,47.4,24.3
14028.0,53.5,24.4
16032.0,59.7,24.6
18036.0,64.7,24.6
20040.0,68.6,24.7
22044.0,72.5,24.8
24048.0,75.6,24.9
26052.0,77.9,24.9
28056.0,80.2,25.1
30060.0,82.2,25.2
32064.0,83.6,25.2
34068.0,85.3,25.3
36072.0,86.4,25.4
38076.0,87.1,25.5
40080.0,88.0,25.6
42084.0,88.8,25.7
44088.0,89.0,25.7
46092.0,89.4,25.8
48096.0,90.0,25.9
50100.0,90.0,25.9
52104.0,90.0,26.0
54108.0,90.5,26.1
56112.0,90.1,26.1
58116.0,89.7,26.1
60120.0,90.2,26.3
62124.0,89.5,26.3
64128.0,88.9,26.3
66132.0,89.4,26.4
68136.0,88.6,26.5
70140.0,88.1,26.5
