Time,Humidity,Temperature
0.0,41.3,24.0
2004.0,41.3,24.0
4008.0,41.4,24.0
6012.0,41.4,24.0
8016.0,41.4,24.0
10020.0,41.9,24.0
12024.0,48.4,24.1
14028.0,55.1,24.2
16032.0,61.3,24.3
18036.0,66.5,24.4
20040.0,70.5,24.4
22044.0,74.2,24.5
24048.0,77.4,24.5
26052.0,79.7,24.6
28056.0,81.8,24.7
30060.0,83.8,24.8
32064.0,85.3,24.8
34068.0,86.4,24.9
36072.0,87.6,25.0
38076.0,88.3,25.0
40080.0,89.1,25.1
42084.0,89.9,25.2
44088.0,90.3,25.3
46092.0,90.7,25.3
48096.0,91.2,25.4
50100.0,91.3,25.5
52104.0,91.3,25.5
54108.0,91.7,25.6
56112.0,91.5,25.7
58116.0,91.3,25.7
60120.0,91.5,25.8
62124.0,90.8,25.8
64128.0,90.2,25.9
66132.0,90.3,26.0
68136.0,89.6,26.0
70140.0,88.7,26.0
