Time,Humidity,Temperature
0.0,40.4,23.8
2004.0,40.4,23.8
4008.0,40.4,23.8
6012.0,40.4,23.7
8016.0,40.5,23.7
10020.0,40.5,23.7
12024.0,40.6,23.7
14028.0,45.1,23.9
16032.0,48.7,23.9
18036.0,53.3,24.0
20040.0,57.9,24.1
22044.0,61.4,24.3
24048.0,64.8,24.3
26052.0,68.3,24.5
28056.0,70.8,24.6
30060.0,72.4,24.7
32064.0,74.4,24.8
34068.0,76.0,25.0
36072.0,77.1,25.0
38076.0,78.8,25.2
40080.0,79.8,25.3
42084.0,80.2,25.3
44088.0,80.9,25.4
46092.0,81.9,25.6
48096.0,82.1,25.6
50100.0,83.0,25.7
52104.0,83.9,25.9
54108.0,84.2,25.9
56112.0,84.7,26.0
58116.0,84.9,26.1
60120.0,84.3,26.1
62124.0,84.1,26.1
64128.0,84.3,26.3
66132.0,83.6,26.3
68136.0,82.9,26.3
70140.0,83.6,26.5
