Time,Humidity,Temperature
0.0,41.3,23.8
2004.0,41.2,23.8
4008.0,41.2,23.8
6012.0,41.3,23.8
8016.0,41.3,23.8
10020.0,41.4,23.8
12024.0,41.4,23.8
14028.0,47.5,24.1
16032.0,54.0,24.3
18036.0,60.0,24.4
20040.0,65.2,24.6
22044.0,69.5,24.7
24048.0,73.2,24.8
26052.0,76.6,25.0
28056.0,79.3,25.1
30060.0,81.6,25.2
32064.0,83.7,25.4
34068.0,85.4,25.5
36072.0,86.6,25.6
38076.0,87.9,25.7
40080.0,88.7,25.8
42084.0,89.4,25.9
44088.0,90.1,26.0
46092.0,90.6,26.1
48096.0,90.7,26.2
50100.0,91.2,26.3
52104.0,91.2,26.4
54108.0,90.9,26.4
56112.0,91.0,26.5
58116.0,90.8,26.6
60120.0,90.3,26.7
62124.0,90.1,26.7
64128.0,89.7,26.8
66132.0,89.0,26.8
68136.0,88.9,26.9
70140.0,88.6,27.0
