Time,Humidity,Temperature
0,55.7,24.5
2000,56.0,24.7
4000,55.4,24.7
6000,55.8,24.6
8000,55.8,24.5
10000,55.9,24.7
12000,56.3,24.6
14000,60.4,24.8
16000,66.1,24.9
18000,71.9,25.2
20000,76.9,25.7
22000,81.0,25.8
24000,84.3,25.9
26000,86.7,26.2
28000,89.0,26.2
30000,90.9,26.6
32000,93.2,26.6
34000,95.2,26.9
36000,96.1,26.9
38000,97.5,27.2
40000,98.3,27.2
42000,99.2,27.3
44000,99.9,27.6
46000,99.9,27.4
48000,99.9,27.6
50000,99.9,27.4
52000,99.9,27.9
54000,99.9,27.7
56000,99.9,28.0
58000,99.9,28.2
60000,99.9,28.2
62000,99.9,28.3
64000,99.9,28.4
66000,99.9,28.3
68000,99.9,28.5
70000,99.9,28.6
