Time,Humidity,Temperature
0,53.4,24.7
2000,53.1,24.6
4000,52.7,24.7
6000,53.2,24.6
8000,52.9,24.5
10000,53.7,24.5
12000,53.9,24.6
14000,56.6,25.0
16000,63.2,25.1
18000,67.5,25.5
20000,70.9,25.7
22000,74.2,25.8
24000,76.1,26.1
26000,78.6,26.2
28000,80.6,26.3
30000,81.8,26.4
32000,83.8,26.7
34000,84.8,26.9
36000,86.0,26.9
38000,86.8,27.3
40000,87.4,27.4
42000,88.2,27.4
44000,88.5,27.6
46000,88.9,27.8
48000,89.7,27.8
50000,90.1,27.8
52000,89.6,27.9
54000,90.6,28.1
56000,90.6,28.1
58000,90.9,28.3
60000,91.4,28.2
62000,90.9,28.5
64000,90.7,28.7
66000,91.2,28.7
68000,92.1,28.8
70000,92.7,28.7
