Time,Humidity,Temperature
0,51.9,29.4
2000,51.8,29.4
4000,51.8,29.4
6000,52.3,29.4
8000,51.6,29.3
10000,52.0,29.4
12000,52.6,29.4
14000,57.4,29.5
16000,65.0,29.8
18000,71.6,30.0
20000,77.5,30.2
22000,82.5,30.5
24000,86.3,30.6
26000,89.7,30.9
28000,92.5,31.1
30000,94.1,31.1
32000,95.8,31.2
34000,98.8,31.4
36000,98.8,31.6
38000,99.9,31.6
40000,99.9,31.8
42000,99.9,31.8
44000,99.9,32.0
46000,99.9,32.1
48000,99.9,32.2
50000,99.9,32.3
52000,99.9,32.4
54000,99.9,32.5
56000,99.9,32.6
58000,99.9,32.6
60000,99.9,32.8
62000,99.9,32.8
64000,99.9,32.9
66000,99.9,32.9
68000,99.9,32.9
70000,99.9,33.1
