Time,Humidity,Temperature
0,53.2,26.5
2000,53.4,26.6
4000,53.1,26.6
6000,52.6,26.7
8000,53.3,26.7
10000,53.0,26.6
12000,52.8,26.7
14000,55.9,26.8
16000,61.8,27.1
18000,69.2,27.2
20000,75.9,27.7
22000,80.8,27.7
24000,83.9,27.9
26000,87.4,28.0
28000,90.2,28.3
30000,92.0,28.2
32000,93.9,28.5
34000,95.2,28.6
36000,96.8,28.8
38000,97.8,28.8
40000,99.1,29.0
42000,99.9,29.2
44000,99.9,29.4
46000,99.9,29.3
48000,99.9,29.4
50000,99.9,29.6
52000,99.9,29.8
54000,99.9,29.8
56000,99.9,29.9
58000,99.9,29.9
60000,99.9,29.7
62000,99.9,29.7
64000,99.9,30.1
66000,99.9,30.1
68000,99.9,29.9
70000,99.9,30.2
