Time,Humidity,Temperature
0,52.1,25.8
2000,52.2,25.8
4000,52.2,25.7
6000,52.5,25.8
8000,52.5,25.7
10000,52.3,25.8
12000,53.1,25.8
14000,57.0,25.9
16000,64.2,26.3
18000,69.5,26.6
20000,74.6,26.8
22000,78.4,27.1
24000,81.9,27.4
26000,85.2,27.6
28000,87.6,27.7
30000,89.0,28.1
32000,90.8,28.1
34000,92.1,28.3
36000,93.2,28.5
38000,94.3,28.6
40000,95.0,28.8
42000,95.9,28.9
44000,96.5,29.0
46000,97.2,29.1
48000,97.9,29.1
50000,98.4,29.3
52000,98.1,29.5
54000,98.7,29.5
56000,98.4,29.5
58000,99.0,29.6
60000,99.1,29.7
62000,98.9,29.8
64000,99.6,29.8
66000,99.9,29.9
68000,99.8,30.0
70000,99.9,30.1
