Time,Humidity,Temperature
0,53.3,23.7
2000,52.8,23.7
4000,52.9,23.6
6000,53.2,23.6
8000,52.6,23.7
10000,52.7,23.6
12000,54.7,23.7
14000,59.6,24.0
16000,69.7,24.1
18000,77.8,24.2
20000,84.2,24.5
22000,88.8,24.7
24000,92.6,24.8
26000,94.8,25.1
28000,98.0,25.1
30000,99.3,25.3
32000,99.9,25.5
34000,99.9,25.5
36000,99.9,25.6
38000,99.9,25.9
40000,99.9,25.9
42000,99.9,26.0
44000,99.9,26.1
46000,99.9,26.3
48000,99.9,26.2
50000,99.9,26.4
52000,99.9,26.4
54000,99.9,26.4
56000,99.9,26.5
58000,99.9,26.7
60000,99.9,26.7
62000,99.9,26.7
64000,99.9,26.8
66000,99.9,26.9
68000,99.9,26.9
70000,99.9,27.0
