Time,Humidity,Temperature
0,51.5,24.8
2000,51.9,24.8
4000,51.8,24.9
6000,51.9,24.9
8000,52.0,24.9
10000,52.1,24.8
12000,53.3,24.9
14000,57.3,25.2
16000,64.5,25.3
18000,70.8,25.6
20000,75.8,25.8
22000,79.9,26.1
24000,83.6,26.2
26000,86.5,26.6
28000,89.1,26.7
30000,91.1,27.0
32000,92.5,27.0
34000,93.9,27.3
36000,95.7,27.4
38000,96.5,27.2
40000,97.6,27.5
42000,97.2,27.4
44000,98.1,27.7
46000,98.6,28.0
48000,99.3,28.0
50000,99.4,28.1
52000,99.5,28.3
54000,99.8,28.0
56000,99.7,28.2
58000,99.8,28.4
60000,99.9,28.4
62000,99.9,28.6
64000,99.9,28.7
66000,99.9,28.8
68000,99.9,29.0
70000,99.9,29.0
