Time,Humidity,Temperature
0,52.9,29.1
2000,52.4,29.2
4000,53.2,29.1
6000,52.8,29.1
8000,52.8,29.1
10000,53.4,29.1
12000,54.1,29.2
14000,59.0,29.4
16000,66.4,29.6
18000,73.0,29.9
20000,78.2,30.0
22000,82.7,30.4
24000,86.7,30.6
26000,90.1,30.7
28000,91.9,30.9
30000,93.8,31.0
32000,95.7,31.1
34000,97.0,31.3
36000,98.9,31.5
38000,99.9,31.6
40000,99.9,31.8
42000,99.9,31.8
44000,99.9,31.9
46000,99.9,32.0
48000,99.9,32.2
50000,99.9,32.2
52000,99.9,32.3
54000,99.9,32.4
56000,99.9,32.4
58000,99.9,32.5
60000,99.9,32.6
62000,99.9,32.7
64000,99.9,32.7
66000,99.9,32.8
68000,99.9,32.9
70000,99.9,33.0
