Time,Humidity,Temperature
0,58.5,26.0
2000,58.7,26.0
4000,58.6,25.9
6000,58.7,26.0
8000,58.5,26.0
10000,58.9,25.9
12000,58.5,25.8
14000,61.7,26.1
16000,68.1,26.3
18000,74.3,26.7
20000,78.3,26.9
22000,82.0,27.1
24000,86.2,27.2
26000,88.9,27.5
28000,91.7,27.8
30000,92.6,27.8
32000,94.9,28.0
34000,96.2,28.1
36000,97.9,28.4
38000,99.3,28.7
40000,99.9,28.7
42000,99.9,28.8
44000,99.9,29.0
46000,99.9,29.0
48000,99.9,29.1
50000,99.9,29.2
52000,99.9,29.3
54000,99.9,29.4
56000,99.9,29.5
58000,99.9,29.6
60000,99.9,29.8
62000,99.9,29.8
64000,99.9,29.8
66000,99.9,29.9
68000,99.9,30.0
70000,99.9,30.0
