Time,Humidity,Temperature
0,46.9,27.4
2000,47.1,27.3
4000,46.9,27.2
6000,46.4,27.3
8000,46.5,27.2
10000,46.5,27.3
12000,48.8,27.4
14000,53.7,27.7
16000,60.7,27.8
18000,67.4,28.2
20000,71.3,28.3
22000,75.7,28.5
24000,78.8,28.6
26000,81.8,28.9
28000,84.2,29.1
30000,85.1,29.4
32000,87.1,29.3
34000,89.0,29.5
36000,89.9,29.6
38000,91.3,29.8
40000,92.3,29.9
42000,93.0,30.0
44000,92.6,30.1
46000,93.6,30.2
48000,94.5,30.3
50000,94.6,30.4
52000,95.5,30.6
54000,95.0,30.6
56000,95.2,30.6
58000,95.5,30.7
60000,95.8,30.8
62000,95.2,30.8
64000,96.1,30.8
66000,96.4,31.0
68000,96.6,31.0
70000,96.6,31.1
