Time,Humidity,Temperature
0,52.6,26.3
2000,53.1,26.5
4000,53.5,26.4
6000,52.8,26.4
8000,53.4,26.4
10000,52.5,26.3
12000,53.6,26.4
14000,59.0,26.6
16000,68.5,26.8
18000,77.3,27.2
20000,82.3,27.4
22000,85.9,27.5
24000,89.3,27.8
26000,91.5,27.9
28000,93.2,28.0
30000,94.6,28.2
32000,96.2,28.5
34000,96.5,28.5
36000,96.6,28.7
38000,98.1,28.9
40000,97.5,28.9
42000,97.9,29.1
44000,97.8,29.2
46000,98.2,29.4
48000,98.2,29.5
50000,98.5,29.6
52000,98.8,29.6
54000,97.9,29.7
56000,98.5,29.8
58000,98.7,29.9
60000,98.1,30.1
62000,98.8,30.0
64000,98.5,30.1
66000,98.4,30.2
68000,98.6,30.3
70000,99.5,30.3
