Time,Humidity,Temperature
0,50.6,27.6
2000,51.6,27.5
4000,50.9,27.5
6000,50.9,27.5
8000,51.0,27.6
10000,51.1,27.6
12000,52.2,27.6
14000,56.0,27.9
16000,61.4,28.1
18000,66.3,28.2
20000,70.0,28.5
22000,74.0,28.6
24000,77.2,28.7
26000,79.8,29.0
28000,82.6,29.2
30000,84.8,29.4
32000,85.8,29.4
34000,87.9,29.6
36000,89.3,29.7
38000,90.6,29.8
40000,91.8,29.8
42000,92.5,30.0
44000,93.4,30.0
46000,94.5,30.2
48000,94.7,30.2
50000,95.1,30.4
52000,96.6,30.4
54000,96.6,30.6
56000,97.2,30.6
58000,97.2,30.6
60000,97.4,30.7
62000,97.9,30.8
64000,98.7,30.9
66000,98.1,30.9
68000,98.2,31.0
70000,98.9,31.0
