Time,Humidity,Temperature
0,55.7,26.2
2000,55.8,26.0
4000,55.5,26.1
6000,55.9,26.1
8000,55.6,26.0
10000,55.5,26.2
12000,57.6,26.2
14000,62.5,26.5
16000,69.8,26.9
18000,75.0,27.1
20000,78.3,27.1
22000,82.0,27.4
24000,85.2,27.6
26000,88.0,27.8
28000,90.0,27.9
30000,91.9,28.1
32000,93.6,28.4
34000,95.0,28.4
36000,96.4,28.6
38000,97.3,28.7
40000,98.6,28.8
42000,98.8,28.9
44000,99.9,28.9
46000,99.9,29.0
48000,99.9,29.2
50000,99.9,29.5
52000,99.9,29.4
54000,99.9,29.4
56000,99.9,29.6
58000,99.9,29.5
60000,99.9,29.6
62000,99.9,29.9
64000,99.9,30.0
66000,99.9,29.9
68000,99.9,30.0
70000,99.9,30.0
