Time,Humidity,Temperature
0,49.8,28.9
2000,49.9,29.0
4000,50.3,29.0
6000,50.5,28.9
8000,50.3,29.0
10000,50.4,29.0
12000,50.4,28.9
14000,53.3,29.0
16000,61.0,29.2
18000,67.8,29.4
20000,74.3,29.7
22000,78.2,29.9
24000,82.2,30.0
26000,85.2,30.2
28000,87.4,30.3
30000,89.7,30.4
32000,91.7,30.6
34000,93.2,30.8
36000,94.1,31.0
38000,96.0,31.0
40000,95.9,31.1
42000,97.4,31.3
44000,98.0,31.4
46000,97.8,31.4
48000,98.7,31.6
50000,99.3,31.7
52000,99.2,31.7
54000,99.6,31.8
56000,99.7,31.8
58000,99.3,31.9
60000,99.9,32.1
62000,99.8,32.1
64000,99.9,32.2
66000,99.7,32.3
68000,99.9,32.4
70000,99.9,32.4
