Time,Humidity,Temperature
0,53.4,26.8
2000,53.1,27.0
4000,53.1,26.9
6000,52.8,26.9
8000,53.2,26.9
10000,53.5,27.0
12000,54.7,27.0
14000,58.1,27.2
16000,64.8,27.4
18000,70.0,27.8
20000,74.7,28.0
22000,78.3,28.2
24000,80.9,28.5
26000,83.7,28.7
28000,86.0,28.8
30000,88.0,29.1
32000,89.1,29.1
34000,90.9,29.4
36000,92.3,29.5
38000,92.7,29.7
40000,93.1,29.7
42000,94.7,29.8
44000,95.0,30.0
46000,95.6,30.1
48000,96.1,30.2
50000,96.2,30.3
52000,96.4,30.5
54000,96.9,30.7
56000,96.7,30.6
58000,97.1,30.6
60000,97.2,30.7
62000,97.4,30.8
64000,97.7,30.8
66000,97.9,30.9
68000,98.3,31.0
70000,98.6,31.0
