Time,Humidity,Temperature
0,38.4,22.4
2000,39.6,22.4
4000,38.6,22.4
6000,38.3,22.5
8000,38.0,22.4
10000,38.0,22.4
12000,39.9,22.5
14000,44.8,22.6
16000,53.0,22.5
18000,57.2,22.7
20000,61.9,22.7
22000,65.3,22.8
24000,68.4,22.9
26000,70.3,23.0
28000,72.6,23.0
30000,74.3,23.1
32000,76.8,23.0
34000,77.0,23.1
36000,78.6,23.1
38000,79.6,23.2
40000,80.1,23.3
42000,80.2,23.4
44000,81.1,23.5
46000,80.4,23.6
48000,82.5,23.5
50000,82.6,23.5
52000,82.2,23.7
54000,83.3,23.6
56000,82.8,23.6
58000,83.2,23.7
60000,83.2,23.8
62000,83.2,23.8
64000,83.2,23.8
66000,84.3,23.8
68000,84.0,23.8
70000,84.1,24.1
