Time,Humidity,Temperature
0,49.3,24.7
2000,49.3,24.6
4000,49.8,24.6
6000,49.5,24.6
8000,49.8,24.7
10000,49.7,24.8
12000,50.4,24.8
14000,55.7,24.6
16000,65.3,24.8
18000,72.9,24.7
20000,78.7,25.0
22000,82.8,25.0
24000,86.6,25.1
26000,90.0,25.4
28000,90.9,25.3
30000,93.0,25.3
32000,94.7,25.1
34000,96.3,25.4
36000,97.2,25.6
38000,97.3,25.2
40000,97.6,25.6
42000,98.1,25.5
44000,99.6,25.7
46000,99.0,25.6
48000,98.4,25.6
50000,98.8,25.8
52000,98.1,25.7
54000,98.9,25.8
56000,98.8,25.9
58000,98.9,25.8
60000,98.4,26.1
62000,99.0,25.8
64000,98.9,26.0
66000,99.5,26.2
68000,99.2,25.9
70000,99.9,26.1
