Time,Humidity,Temperature
0,42.0,19.6
2000,42.2,19.5
4000,42.0,19.3
6000,41.5,19.7
8000,41.8,19.2
10000,41.5,19.5
12000,42.6,19.3
14000,46.0,19.5
16000,53.7,19.7
18000,59.9,19.6
20000,64.2,19.7
22000,67.9,19.8
24000,70.9,19.9
26000,75.5,20.1
28000,77.2,20.1
30000,78.9,20.1
32000,80.4,20.1
34000,81.5,20.4
36000,83.8,20.1
38000,84.6,20.4
40000,85.2,20.3
42000,86.2,20.4
44000,86.9,20.6
46000,87.2,20.5
48000,88.0,20.6
50000,87.5,20.6
52000,87.4,20.7
54000,88.3,20.7
56000,88.2,20.7
58000,88.5,20.6
60000,89.0,20.7
62000,88.4,20.7
64000,88.4,20.9
66000,89.4,21.1
68000,89.6,21.0
70000,90.6,21.0
