Time,Humidity,Temperature
0,40.9,23.1
2000,41.8,23.4
4000,41.1,23.3
6000,41.3,23.1
8000,41.8,23.3
10000,41.1,23.3
12000,41.7,23.3
14000,44.6,23.6
16000,50.0,23.6
18000,57.7,23.5
20000,62.8,23.6
22000,67.2,23.5
24000,71.6,23.5
26000,74.2,23.8
28000,76.1,23.7
30000,78.4,23.8
32000,80.7,23.8
34000,81.9,23.9
36000,83.0,24.0
38000,84.1,24.1
40000,85.4,23.9
42000,86.0,24.3
44000,87.5,24.1
46000,87.0,24.1
48000,87.0,24.2
50000,87.7,24.2
52000,87.6,24.3
54000,87.5,24.3
56000,88.0,24.3
58000,89.1,24.5
60000,88.4,24.3
62000,89.0,24.1
64000,89.0,24.6
66000,89.1,24.5
68000,89.9,24.3
70000,90.3,24.4
