Time,Humidity,Temperature
0,48.2,25.0
2000,48.4,24.8
4000,47.1,24.8
6000,47.9,25.0
8000,48.2,25.1
10000,47.9,24.8
12000,47.8,24.8
14000,49.4,24.8
16000,53.4,24.8
18000,60.5,25.0
20000,64.9,25.5
22000,69.0,25.0
24000,72.4,25.3
26000,76.0,25.1
28000,78.0,25.2
30000,80.9,24.8
32000,82.5,25.3
34000,83.8,25.2
36000,84.7,25.5
38000,86.2,25.4
40000,87.3,25.3
42000,88.0,25.5
44000,88.3,25.5
46000,89.5,25.9
48000,89.3,25.7
50000,89.4,25.5
52000,90.6,25.8
54000,91.0,25.8
56000,91.0,25.7
58000,91.2,25.8
60000,91.4,25.9
62000,91.5,25.7
64000,92.0,26.1
66000,92.1,26.1
68000,92.2,26.0
70000,93.0,25.8
