Time,Humidity,Temperature
0,50.6,26.1
2000,50.3,26.1
4000,51.0,26.2
6000,50.5,26.0
8000,50.0,26.0
10000,50.8,26.2
12000,50.4,26.0
14000,53.8,26.3
16000,59.9,26.2
18000,68.0,26.4
20000,74.0,26.5
22000,80.0,26.5
24000,83.9,26.4
26000,87.4,26.6
28000,89.6,26.7
30000,92.0,26.9
32000,94.4,26.6
34000,96.3,26.7
36000,97.7,26.7
38000,98.1,26.9
40000,98.9,26.9
42000,99.7,26.9
44000,99.9,27.1
46000,99.9,26.8
48000,99.9,27.1
50000,99.9,27.3
52000,99.9,27.3
54000,99.9,27.4
56000,99.9,27.4
58000,99.9,27.3
60000,99.9,27.2
62000,99.9,27.3
64000,99.9,27.3
66000,99.9,27.6
68000,99.9,27.6
70000,99.9,27.4
