Time,Humidity,Temperature
0,40.1,22.5
2000,40.5,22.3
4000,39.7,22.7
6000,40.2,22.3
8000,39.6,22.4
10000,40.7,22.5
12000,39.6,22.4
14000,43.4,22.3
16000,50.1,22.6
18000,57.0,22.5
20000,62.3,22.8
22000,68.6,23.0
24000,72.1,22.9
26000,74.9,22.8
28000,77.5,23.1
30000,79.9,22.8
32000,81.3,22.9
34000,83.8,23.2
36000,84.4,23.1
38000,85.0,23.2
40000,85.7,23.0
42000,86.8,23.0
44000,86.8,23.2
46000,87.5,23.2
48000,88.1,23.3
50000,89.6,23.5
52000,89.8,23.3
54000,89.5,23.4
56000,89.3,23.5
58000,90.0,23.2
60000,89.9,23.6
62000,90.0,23.3
64000,90.1,23.4
66000,90.7,23.8
68000,90.3,23.7
70000,91.2,23.8
