Time,Humidity,Temperature
0,47.5,26.4
2000,47.3,26.5
4000,47.6,26.3
6000,47.3,26.1
8000,47.5,26.4
10000,47.3,26.3
12000,48.1,26.4
14000,49.3,26.5
16000,54.8,26.4
18000,60.5,26.5
20000,65.6,26.6
22000,69.8,26.4
24000,73.1,26.7
26000,75.7,26.7
28000,79.8,26.9
30000,81.3,26.7
32000,83.9,26.9
34000,84.9,27.0
36000,87.3,27.0
38000,88.0,27.1
40000,89.5,27.0
42000,89.8,27.1
44000,90.7,27.2
46000,91.6,27.1
48000,93.3,27.2
50000,93.9,27.3
52000,94.1,27.3
54000,95.3,27.3
56000,94.9,27.5
58000,95.0,27.3
60000,95.2,27.5
62000,95.9,27.3
64000,95.7,27.2
66000,96.8,27.4
68000,96.6,27.4
70000,97.7,27.3
