Time,Humidity,Temperature
0,40.6,21.7
2000,40.1,21.6
4000,40.7,21.7
6000,40.2,21.7
8000,40.9,21.6
10000,40.3,21.6
12000,41.6,21.6
14000,45.2,21.6
16000,52.2,21.9
18000,59.3,21.9
20000,65.1,21.8
22000,69.4,21.9
24000,73.2,22.0
26000,76.6,22.1
28000,79.2,22.1
30000,81.4,22.3
32000,83.2,22.2
34000,86.1,22.3
36000,87.0,22.4
38000,88.0,22.4
40000,89.0,22.4
42000,89.9,22.3
44000,90.0,22.3
46000,92.2,22.5
48000,92.8,22.6
50000,93.1,22.6
52000,93.1,22.6
54000,94.2,22.7
56000,94.1,22.6
58000,95.3,22.7
60000,94.5,22.6
62000,95.1,22.7
64000,95.3,22.8
66000,95.4,22.8
68000,96.2,22.8
70000,96.7,22.8
