Time,Humidity,Temperature
0,45.7,24.9
2000,45.6,24.8
4000,45.8,24.8
6000,46.0,24.7
8000,45.4,24.7
10000,45.8,24.7
12000,46.4,24.6
14000,48.0,24.6
16000,53.2,24.9
18000,60.4,25.1
20000,64.7,25.0
22000,70.6,24.9
24000,74.4,24.9
26000,78.0,25.2
28000,80.4,25.1
30000,82.9,25.2
32000,85.3,25.2
34000,87.1,25.1
36000,88.6,25.5
38000,90.1,25.3
40000,90.3,25.3
42000,91.7,25.5
44000,92.2,25.5
46000,93.2,25.8
48000,94.1,25.6
50000,94.6,25.3
52000,94.4,25.9
54000,94.9,25.8
56000,95.0,25.6
58000,95.8,26.1
60000,95.9,25.7
62000,95.6,26.0
64000,96.1,25.8
66000,96.2,26.1
68000,96.7,25.8
70000,97.2,25.9
