Time,Humidity,Temperature
0,46.4,24.7
2000,46.7,24.6
4000,46.8,24.7
6000,46.6,24.7
8000,46.1,24.6
10000,46.9,24.8
12000,47.0,24.6
14000,51.0,24.7
16000,56.4,24.7
18000,63.6,24.8
20000,69.0,25.0
22000,72.6,25.0
24000,75.8,25.1
26000,78.4,25.1
28000,80.0,25.1
30000,82.5,24.9
32000,83.8,25.2
34000,86.1,25.1
36000,86.3,25.1
38000,88.0,25.2
40000,88.8,25.3
42000,89.2,25.2
44000,89.4,25.3
46000,90.1,25.6
48000,90.8,25.3
50000,90.6,25.5
52000,91.2,25.5
54000,90.7,25.6
56000,91.5,25.6
58000,91.9,25.6
60000,91.6,25.5
62000,90.8,25.6
64000,91.8,25.6
66000,92.1,25.8
68000,92.4,25.7
70000,93.8,25.7
