Time,Humidity,Temperature
0,56.1,25.6
2000,56.3,25.5
4000,56.9,25.6
6000,56.9,25.5
8000,57.4,25.5
10000,57.3,25.6
12000,58.2,25.6
14000,61.4,25.6
16000,67.2,25.7
18000,73.7,25.8
20000,79.0,25.7
22000,82.8,25.9
24000,83.5,25.9
26000,86.2,26.0
28000,90.1,26.0
30000,90.8,26.1
32000,92.6,26.1
34000,92.8,26.1
36000,94.5,26.3
38000,96.3,26.3
40000,95.8,26.3
42000,96.4,26.3
44000,97.4,26.4
46000,98.1,26.3
48000,98.1,26.5
50000,98.2,26.4
52000,97.8,26.4
54000,98.8,26.5
56000,99.0,26.5
58000,99.1,26.6
60000,99.3,26.6
62000,99.3,26.7
64000,98.9,26.7
66000,98.5,26.6
68000,99.4,26.6
70000,99.9,26.8
