Time,Humidity,Temperature
0,48.1,26.8
2000,48.0,26.9
4000,48.1,27.2
6000,47.4,26.8
8000,47.1,27.0
10000,47.6,27.0
12000,46.9,27.2
14000,50.1,27.3
16000,57.0,26.9
18000,62.5,27.2
20000,66.9,27.1
22000,70.6,27.3
24000,74.0,27.1
26000,77.4,27.4
28000,80.4,27.7
30000,81.3,27.3
32000,83.6,27.6
34000,85.9,27.6
36000,86.0,27.8
38000,88.0,27.7
40000,88.5,27.7
42000,89.6,27.8
44000,90.8,28.0
46000,91.2,27.8
48000,91.8,27.8
50000,91.2,27.9
52000,91.9,27.7
54000,93.1,27.8
56000,92.3,27.8
58000,93.3,28.0
60000,93.9,27.9
62000,93.9,28.0
64000,93.4,28.1
66000,93.9,27.9
68000,94.6,28.1
70000,94.7,28.3
