Time,Humidity,Temperature
0,45.3,24.5
2000,45.4,24.6
4000,45.4,24.4
6000,44.9,24.6
8000,45.2,24.4
10000,45.5,24.5
12000,45.7,24.8
14000,49.1,24.6
16000,55.6,24.5
18000,61.5,25.1
20000,66.3,24.9
22000,70.6,24.9
24000,74.4,24.9
26000,77.4,25.0
28000,79.5,25.0
30000,81.9,24.9
32000,83.8,25.2
34000,85.5,25.2
36000,86.5,25.1
38000,87.9,25.1
40000,89.8,25.3
42000,90.3,25.2
44000,91.4,25.3
46000,91.7,25.2
48000,92.8,25.2
50000,92.5,25.6
52000,93.2,25.5
54000,93.5,25.5
56000,93.8,25.5
58000,93.5,25.3
60000,94.5,25.5
62000,94.7,25.5
64000,95.2,25.5
66000,94.9,25.6
68000,95.2,25.8
70000,95.9,25.6
