Time,Humidity,Temperature
0,39.2,25.0
2000,39.6,24.7
4000,38.6,24.8
6000,39.8,24.8
8000,39.1,25.1
10000,39.7,24.6
12000,40.9,24.6
14000,44.4,24.6
16000,50.7,25.0
18000,57.3,25.0
20000,61.8,25.4
22000,66.1,25.3
24000,69.6,25.1
26000,72.2,25.4
28000,74.0,25.5
30000,75.7,25.5
32000,78.0,25.5
34000,79.5,25.5
36000,79.6,25.7
38000,81.1,25.6
40000,81.6,25.8
42000,82.1,25.9
44000,83.1,25.8
46000,83.1,25.9
48000,84.0,25.9
50000,83.9,25.9
52000,84.5,26.1
54000,84.4,25.7
56000,84.8,25.8
58000,84.2,26.1
60000,84.4,26.2
62000,85.2,26.1
64000,84.9,26.3
66000,84.9,26.1
68000,85.5,26.2
70000,85.3,26.3
