Time,Humidity,Temperature
0,38.0,25.1
2000,38.3,24.9
4000,38.2,25.0
6000,38.4,25.0
8000,38.4,25.0
10000,38.2,25.0
12000,38.0,25.0
14000,44.6,25.2
16000,55.7,25.4
18000,66.5,25.6
20000,74.7,25.9
22000,80.2,26.2
24000,84.4,26.3
26000,87.7,26.5
28000,89.7,26.5
30000,92.2,26.7
32000,94.1,26.9
34000,95.8,27.1
36000,96.6,27.2
38000,97.6,27.2
40000,98.2,27.5
42000,98.7,27.6
44000,99.1,27.7
46000,99.1,27.7
48000,99.5,27.9
50000,99.9,28.0
52000,99.9,28.0
54000,99.9,28.1
56000,99.9,28.2
58000,99.9,28.2
60000,99.9,28.4
62000,99.9,28.4
64000,99.9,28.4
66000,99.9,28.5
68000,99.9,28.6
70000,99.9,28.7
