Time,Humidity,Temperature
0,46.1,20.8
2000,45.5,20.8
4000,46.0,20.8
6000,45.7,20.8
8000,45.9,20.8
10000,45.8,20.8
12000,47.6,20.8
14000,56.9,21.1
16000,69.0,21.4
18000,77.9,21.6
20000,85.8,21.8
22000,91.6,22.0
24000,95.7,22.2
26000,98.3,22.4
28000,99.4,22.6
30000,99.9,22.7
32000,99.9,22.8
34000,99.9,23.0
36000,99.9,23.2
38000,99.9,23.3
40000,99.9,23.5
42000,99.9,23.6
44000,99.9,23.7
46000,99.9,23.8
48000,99.9,23.9
50000,99.9,24.0
52000,99.9,24.0
54000,99.9,24.1
56000,99.9,24.2
58000,99.9,24.2
60000,99.9,24.4
62000,99.9,24.4
64000,99.9,24.5
66000,99.9,24.7
68000,99.9,24.6
70000,99.9,24.8
