Time,Humidity,Temperature
0,43.3,22.6
2000,43.1,22.5
4000,43.1,22.5
6000,43.2,22.4
8000,43.1,22.5
10000,43.3,22.6
12000,44.0,22.6
14000,51.7,22.6
16000,65.3,22.9
18000,77.9,23.2
20000,85.1,23.4
22000,90.3,23.5
24000,93.8,23.8
26000,97.6,24.0
28000,99.5,24.2
30000,99.9,24.3
32000,99.9,24.5
34000,99.9,24.6
36000,99.9,24.9
38000,99.9,25.0
40000,99.9,25.0
42000,99.9,25.1
44000,99.9,25.4
46000,99.9,25.4
48000,99.9,25.5
50000,99.9,25.5
52000,99.9,25.8
54000,99.9,25.9
56000,99.9,26.0
58000,99.9,26.0
60000,99.9,26.3
62000,99.9,26.2
64000,99.9,26.4
66000,99.9,26.4
68000,99.9,26.5
70000,99.9,26.5
