Time,Humidity,Temperature
0,42.4,20.1
2000,42.2,20.3
4000,42.1,20.1
6000,42.1,20.3
8000,42.5,20.1
10000,42.1,20.1
12000,43.8,20.3
14000,50.6,20.5
16000,60.6,20.9
18000,68.1,21.1
20000,74.4,21.5
22000,80.1,21.8
24000,84.6,21.9
26000,88.0,22.2
28000,90.6,22.5
30000,92.7,22.6
32000,94.4,22.9
34000,95.7,23.0
36000,97.3,23.1
38000,97.9,23.2
40000,98.8,23.6
42000,99.2,23.5
44000,99.1,23.8
46000,99.6,23.7
48000,99.9,23.9
50000,99.9,24.1
52000,99.9,24.2
54000,99.9,24.3
56000,99.9,24.3
58000,99.9,24.5
60000,99.9,24.4
62000,99.9,24.4
64000,99.9,24.6
66000,99.9,24.8
68000,99.9,24.7
70000,99.9,24.8
