Time,Humidity,Temperature
0,43.2,18.8
2000,43.6,18.8
4000,42.9,18.6
6000,43.3,18.7
8000,43.2,18.8
10000,43.0,18.7
12000,44.7,18.8
14000,53.2,19.1
16000,66.0,19.5
18000,74.9,19.7
20000,81.2,19.9
22000,85.9,20.2
24000,89.0,20.4
26000,91.9,20.8
28000,93.9,20.8
30000,95.3,21.1
32000,96.4,21.2
34000,96.8,21.4
36000,97.5,21.6
38000,98.2,21.7
40000,98.4,22.0
42000,98.5,22.0
44000,98.6,22.2
46000,98.8,22.2
48000,99.2,22.5
50000,98.7,22.6
52000,99.1,22.6
54000,98.9,22.7
56000,99.1,23.0
58000,99.0,23.0
60000,99.3,22.9
62000,98.5,23.2
64000,98.7,23.1
66000,99.4,23.3
68000,99.6,23.2
70000,99.9,23.5
