Time,Humidity,Temperature
0,34.5,21.4
2000,34.3,21.5
4000,34.5,21.4
6000,34.4,21.3
8000,34.6,21.4
10000,34.1,21.5
12000,36.4,21.6
14000,46.6,21.9
16000,58.7,22.2
18000,68.8,22.7
20000,77.1,22.8
22000,83.0,23.0
24000,87.2,23.3
26000,91.5,23.7
28000,94.3,23.9
30000,97.6,24.1
32000,99.3,24.2
34000,99.9,24.3
36000,99.9,24.5
38000,99.9,24.6
40000,99.9,24.8
42000,99.9,24.9
44000,99.9,25.0
46000,99.9,25.2
48000,99.9,25.2
50000,99.9,25.4
52000,99.9,25.3
54000,99.9,25.5
56000,99.9,25.4
58000,99.9,25.5
60000,99.9,25.7
62000,99.9,25.8
64000,99.9,25.9
66000,99.9,26.0
68000,99.9,26.1
70000,99.9,26.1
