Time,Humidity,Temperature
0,41.5,16.6
2000,41.1,17.0
4000,41.3,16.7
6000,41.9,16.9
8000,41.6,16.8
10000,42.0,16.8
12000,43.3,16.9
14000,48.4,17.1
16000,58.7,17.5
18000,66.0,17.5
20000,72.6,17.9
22000,77.4,17.9
24000,80.5,18.1
26000,82.8,18.4
28000,85.4,18.5
30000,88.6,18.4
32000,89.6,18.7
34000,90.6,18.7
36000,91.8,18.8
38000,92.6,19.0
40000,93.3,19.2
42000,93.7,19.1
44000,94.1,19.3
46000,94.9,19.4
48000,94.9,19.5
50000,95.5,19.6
52000,95.4,19.8
54000,95.6,19.8
56000,95.7,19.8
58000,95.2,19.9
60000,95.6,19.8
62000,95.9,19.9
64000,95.4,20.0
66000,95.8,20.2
68000,96.7,20.2
70000,97.3,20.2
