Time,Humidity,Temperature
0,43.3,24.1
2000,42.7,24.2
4000,42.6,24.1
6000,42.7,24.2
8000,43.1,24.1
10000,43.7,24.1
12000,47.1,24.4
14000,56.4,24.6
16000,67.8,24.8
18000,76.7,25.1
20000,83.3,25.3
22000,87.9,25.5
24000,92.4,25.8
26000,95.3,26.1
28000,98.2,26.2
30000,99.8,26.5
32000,99.9,26.4
34000,99.9,26.6
36000,99.9,27.0
38000,99.9,27.2
40000,99.9,27.2
42000,99.9,27.3
44000,99.9,27.4
46000,99.9,27.5
48000,99.9,27.8
50000,99.9,27.8
52000,99.9,27.7
54000,99.9,27.9
56000,99.9,28.2
58000,99.9,28.2
60000,99.9,28.3
62000,99.9,28.4
64000,99.9,28.3
66000,99.9,28.3
68000,99.9,28.6
70000,99.9,28.5
