Time,Humidity,Temperature
0,35.4,21.9
2000,35.1,21.8
4000,35.0,21.9
6000,34.9,21.9
8000,35.9,21.9
10000,35.2,21.7
12000,34.8,21.8
14000,39.6,22.1
16000,50.3,22.3
18000,60.1,22.5
20000,66.6,22.8
22000,72.2,22.8
24000,76.8,23.1
26000,80.2,23.2
28000,82.9,23.4
30000,85.6,23.5
32000,86.7,23.8
34000,87.8,23.8
36000,89.0,24.0
38000,90.5,24.2
40000,91.1,24.3
42000,91.5,24.4
44000,92.0,24.4
46000,91.9,24.4
48000,91.5,24.7
50000,92.5,24.9
52000,92.5,25.1
54000,93.4,25.0
56000,92.6,24.9
58000,93.1,25.0
60000,93.0,24.9
62000,92.7,25.1
64000,93.1,25.1
66000,93.6,25.3
68000,93.6,25.4
70000,94.5,25.6
