Time,Humidity,Temperature
0,32.3,21.5
2000,32.5,21.8
4000,32.5,21.5
6000,32.1,21.5
8000,32.4,21.6
10000,32.1,21.7
12000,34.1,21.7
14000,41.1,21.9
16000,53.3,22.3
18000,64.6,22.8
20000,71.0,23.1
22000,74.9,23.3
24000,79.1,23.5
26000,81.8,23.9
28000,83.1,24.1
30000,85.0,24.4
32000,86.2,24.4
34000,87.1,24.5
36000,87.8,24.7
38000,88.3,24.9
40000,87.8,25.1
42000,88.4,25.0
44000,88.9,25.3
46000,88.4,25.3
48000,89.0,25.6
50000,88.6,25.8
52000,89.0,25.7
54000,89.1,25.8
56000,89.4,26.0
58000,89.3,25.9
60000,88.6,26.0
62000,89.8,26.0
64000,88.8,26.0
66000,90.2,26.2
68000,89.0,26.2
70000,90.2,26.3
