Time,Humidity,Temperature
0,33.7,19.3
2000,34.5,19.3
4000,34.1,19.3
6000,34.4,19.3
8000,34.0,19.2
10000,34.1,19.3
12000,33.7,19.4
14000,38.2,19.6
16000,46.7,20.0
18000,55.2,20.5
20000,62.5,20.9
22000,66.6,21.2
24000,70.5,21.5
26000,73.5,22.0
28000,76.3,22.1
30000,78.1,22.4
32000,79.4,22.6
34000,80.5,22.8
36000,81.5,23.1
38000,82.7,23.3
40000,83.0,23.4
42000,83.5,23.6
44000,83.3,23.8
46000,83.9,23.8
48000,84.0,24.1
50000,84.5,24.1
52000,84.3,24.3
54000,84.7,24.3
56000,84.8,24.5
58000,84.9,24.5
60000,85.1,24.7
62000,84.9,24.7
64000,84.7,24.7
66000,85.0,25.0
68000,85.6,25.0
70000,85.8,25.2
