Time,Humidity,Temperature
0,33.8,23.9
2000,34.0,23.9
4000,33.4,23.6
6000,33.4,23.9
8000,33.8,23.9
10000,33.8,23.8
12000,35.0,24.0
14000,40.5,24.1
16000,49.9,24.3
18000,58.1,24.7
20000,63.3,24.7
22000,68.5,25.2
24000,72.3,25.4
26000,75.4,25.6
28000,77.4,25.8
30000,78.2,25.8
32000,80.6,25.8
34000,82.0,26.2
36000,82.5,26.2
38000,83.8,26.6
40000,83.8,26.5
42000,84.1,26.7
44000,85.4,26.9
46000,85.7,26.8
48000,85.8,27.0
50000,86.2,27.1
52000,86.3,27.4
54000,85.9,27.3
56000,87.1,27.2
58000,86.5,27.3
60000,87.0,27.4
62000,86.3,27.4
64000,86.7,27.5
66000,86.4,27.6
68000,86.5,27.7
70000,88.3,27.8
