Time,Humidity,Temperature
0,35.6,23.2
2000,35.4,23.1
4000,35.8,23.0
6000,35.8,23.1
8000,35.8,23.0
10000,35.7,23.2
12000,36.1,23.2
14000,42.0,23.2
16000,53.1,23.7
18000,62.1,24.0
20000,69.3,24.3
22000,74.5,24.5
24000,77.5,24.7
26000,79.9,24.9
28000,81.6,25.1
30000,83.5,25.3
32000,84.6,25.3
34000,85.4,25.6
36000,86.4,25.9
38000,86.7,25.8
40000,87.3,26.0
42000,87.5,26.1
44000,88.0,26.3
46000,88.0,26.4
48000,88.1,26.5
50000,88.4,26.5
52000,88.5,26.6
54000,88.5,26.7
56000,88.4,26.7
58000,88.3,26.9
60000,88.4,27.0
62000,88.6,27.1
64000,88.3,27.1
66000,88.5,27.2
68000,89.4,27.2
70000,89.7,27.4
