Time,Humidity,Temperature
0,34.1,23.4
2000,34.3,23.4
4000,34.9,23.4
6000,35.3,23.4
8000,34.2,23.3
10000,33.9,23.3
12000,36.5,23.2
14000,40.3,23.4
16000,48.0,23.8
18000,52.4,24.1
20000,57.0,24.4
22000,60.1,24.6
24000,63.2,24.7
26000,66.6,24.8
28000,68.3,25.0
30000,70.2,25.2
32000,72.8,25.3
34000,73.1,25.5
36000,74.0,25.8
38000,74.3,25.8
40000,75.1,26.0
42000,75.7,26.0
44000,76.5,26.1
46000,77.2,26.4
48000,77.8,26.3
50000,78.5,26.5
52000,78.3,26.3
54000,79.5,26.6
56000,79.0,26.7
58000,78.5,26.7
60000,79.2,26.7
62000,79.1,26.9
64000,80.1,27.1
66000,80.0,27.2
68000,79.9,27.3
70000,81.1,27.4
