Time,Humidity,Temperature
0,36.9,19.3
2000,37.0,19.3
4000,37.0,19.3
6000,36.6,19.5
8000,36.5,19.6
10000,37.1,19.6
12000,37.4,19.5
14000,40.1,19.5
16000,46.1,19.7
18000,50.7,19.8
20000,55.0,20.1
22000,58.0,20.5
24000,61.2,20.5
26000,63.1,20.5
28000,65.1,20.8
30000,67.1,20.9
32000,69.3,20.9
34000,71.1,21.1
36000,71.9,21.2
38000,73.5,21.1
40000,74.4,21.4
42000,75.6,21.7
44000,75.9,21.6
46000,77.2,21.9
48000,77.9,22.0
50000,77.7,21.7
52000,79.1,22.2
54000,78.6,22.1
56000,79.5,22.3
58000,80.1,22.5
60000,80.0,22.5
62000,80.5,22.4
64000,80.4,22.5
66000,80.9,22.5
68000,81.0,22.6
70000,81.8,22.9
