Time,Humidity,Temperature
0,48.6,27.8
2000,48.3,27.7
4000,48.7,27.9
6000,48.0,27.8
8000,47.8,27.8
10000,47.9,27.9
12000,48.6,27.7
14000,51.6,27.9
16000,56.6,28.2
18000,62.2,28.5
20000,66.8,28.5
22000,70.9,28.9
24000,73.7,29.0
26000,76.5,29.1
28000,80.0,29.2
30000,81.4,29.3
32000,84.2,29.5
34000,85.2,29.7
36000,87.4,29.8
38000,88.7,29.9
40000,89.8,30.1
42000,91.5,30.1
44000,91.9,30.2
46000,92.9,30.4
48000,93.7,30.4
50000,94.1,30.4
52000,95.5,30.5
54000,95.3,30.7
56000,96.4,30.7
58000,95.9,30.8
60000,96.5,30.7
62000,96.7,30.8
64000,96.9,31.0
66000,97.4,31.1
68000,98.6,31.1
70000,99.4,31.2
