Time,Humidity,Temperature
0,37.2,24.2
2000,38.0,24.4
4000,37.2,24.1
6000,37.6,24.4
8000,37.0,24.3
10000,37.1,24.2
12000,37.2,24.4
14000,40.8,24.4
16000,47.6,24.7
18000,53.7,24.9
20000,59.3,25.1
22000,64.1,25.5
24000,68.5,25.6
26000,72.3,25.7
28000,75.2,26.3
30000,77.8,26.4
32000,79.8,26.5
34000,81.8,26.5
36000,83.9,26.7
38000,84.8,26.9
40000,85.5,27.2
42000,86.8,27.4
44000,87.4,27.2
46000,88.5,27.3
48000,88.5,27.5
50000,89.6,27.7
52000,89.8,27.6
54000,90.1,27.7
56000,90.7,27.9
58000,91.1,28.1
60000,91.7,28.3
62000,91.4,28.0
64000,91.3,28.4
66000,91.9,28.4
68000,92.3,28.4
70000,92.9,28.4
