Time,Humidity,Temperature
0,44.6,23.5
2000,44.9,23.6
4000,44.5,23.6
6000,44.4,23.6
8000,45.0,23.5
10000,43.8,23.5
12000,45.1,23.5
14000,47.4,23.7
16000,54.0,23.9
18000,60.8,24.2
20000,66.2,24.4
22000,70.0,24.5
24000,75.1,24.7
26000,77.9,24.8
28000,81.0,25.0
30000,82.5,25.2
32000,84.3,25.3
34000,86.8,25.4
36000,88.3,25.6
38000,90.1,25.6
40000,90.7,25.7
42000,90.9,25.8
44000,92.4,26.1
46000,92.9,26.2
48000,93.6,26.3
50000,93.5,26.1
52000,93.9,26.4
54000,94.6,26.4
56000,95.1,26.5
58000,94.3,26.4
60000,95.4,26.7
62000,95.0,26.6
64000,95.7,26.8
66000,95.2,26.8
68000,96.5,26.8
70000,96.9,27.0
