Time,Humidity,Temperature
0,51.3,24.1
2000,52.0,23.8
4000,52.2,23.8
6000,52.0,23.7
8000,52.0,23.7
10000,51.9,23.9
12000,51.2,23.6
14000,56.4,23.7
16000,63.7,24.2
18000,70.0,24.5
20000,74.0,24.8
22000,80.8,25.0
24000,83.0,25.1
26000,87.3,25.3
28000,89.4,25.6
30000,91.8,25.8
32000,92.5,26.0
34000,94.6,26.0
36000,95.0,26.1
38000,96.9,26.3
40000,97.7,26.7
42000,98.7,26.6
44000,98.7,26.7
46000,99.5,27.0
48000,99.5,27.3
50000,99.9,27.1
52000,99.9,27.4
54000,99.9,27.4
56000,99.9,27.6
58000,99.9,27.8
60000,99.9,27.9
62000,99.9,27.7
64000,99.9,28.0
66000,99.9,28.0
68000,99.9,28.2
70000,99.9,28.4
