Time,Humidity,Temperature
0,45.5,21.8
2000,45.7,21.6
4000,45.8,21.6
6000,45.0,21.7
8000,46.1,21.4
10000,45.8,21.8
12000,45.6,21.5
14000,49.0,22.1
16000,54.6,22.0
18000,60.7,22.7
20000,65.4,22.7
22000,69.5,23.2
24000,74.0,23.6
26000,77.7,23.8
28000,79.4,24.0
30000,81.3,24.2
32000,84.2,24.4
34000,85.6,24.6
36000,87.6,24.6
38000,88.8,24.7
40000,89.5,25.0
42000,90.9,25.2
44000,91.6,25.2
46000,91.3,25.3
48000,92.4,25.4
50000,93.0,25.5
52000,93.5,25.8
54000,94.1,25.9
56000,95.0,25.9
58000,94.9,25.9
60000,94.4,26.3
62000,95.0,26.1
64000,95.7,26.4
66000,96.1,26.1
68000,96.4,26.4
70000,97.4,26.4
