Time,Humidity,Temperature
0,42.9,25.6
2000,43.9,25.4
4000,42.3,25.7
6000,43.1,25.5
8000,42.8,25.5
10000,43.0,25.7
12000,44.6,25.4
14000,48.0,25.4
16000,55.2,26.0
18000,61.4,26.2
20000,67.5,26.3
22000,72.0,26.7
24000,74.5,26.9
26000,78.3,27.1
28000,81.1,27.0
30000,82.5,27.3
32000,85.5,27.5
34000,86.5,27.7
36000,87.9,27.9
38000,89.9,27.8
40000,91.0,28.1
42000,90.9,28.1
44000,92.2,28.2
46000,93.0,28.3
48000,92.6,28.4
50000,94.2,28.7
52000,94.3,28.8
54000,95.3,28.7
56000,94.8,28.9
58000,95.6,28.9
60000,95.7,29.0
62000,95.9,29.0
64000,95.5,29.5
66000,97.0,29.2
68000,97.5,29.5
70000,97.5,29.6
