Time,Humidity,Temperature
0,43.4,22.2
2000,43.4,22.6
4000,43.6,22.6
6000,43.5,22.4
8000,43.3,22.3
10000,43.2,22.7
12000,43.7,22.3
14000,46.2,22.7
16000,52.3,23.1
18000,57.6,23.2
20000,62.0,23.5
22000,66.5,24.0
24000,69.8,24.0
26000,72.9,24.2
28000,75.0,24.1
30000,77.2,24.9
32000,79.1,24.9
34000,80.4,25.2
36000,81.8,25.2
38000,82.9,25.6
40000,83.9,25.8
42000,84.6,25.6
44000,85.7,25.8
46000,86.7,26.1
48000,86.8,26.3
50000,86.7,26.2
52000,87.3,26.3
54000,87.8,26.5
56000,88.1,26.4
58000,88.4,26.6
60000,88.7,26.7
62000,89.7,27.0
64000,88.8,27.2
66000,89.6,26.9
68000,89.7,27.2
70000,90.7,27.3
