Time,Humidity,Temperature
0,43.2,24.7
2000,43.0,24.9
4000,43.8,24.8
6000,43.9,24.7
8000,43.4,24.8
10000,43.1,24.9
12000,43.6,24.9
14000,44.9,25.0
16000,49.8,24.9
18000,54.0,25.2
20000,57.3,25.6
22000,60.3,25.8
24000,63.2,25.9
26000,65.0,25.9
28000,67.7,26.4
30000,70.3,26.0
32000,70.9,26.6
34000,74.1,26.8
36000,74.0,26.9
38000,74.7,26.9
40000,76.2,26.7
42000,77.1,26.9
44000,78.7,27.2
46000,78.5,27.6
48000,78.9,27.6
50000,79.6,27.6
52000,80.9,27.6
54000,81.4,27.8
56000,80.8,28.0
58000,81.3,28.0
60000,82.3,27.9
62000,82.3,28.3
64000,81.8,28.2
66000,81.8,28.2
68000,82.5,28.4
70000,83.5,28.6
