Time,Humidity,Temperature
0,39.8,26.2
2000,39.5,26.4
4000,39.8,26.0
6000,40.5,26.2
8000,39.9,26.0
10000,40.7,26.1
12000,40.8,26.3
14000,42.9,26.4
16000,48.8,26.5
18000,55.1,26.7
20000,60.3,27.0
22000,64.8,27.4
24000,67.7,27.5
26000,71.7,27.5
28000,72.7,27.7
30000,75.4,28.1
32000,78.3,28.2
34000,79.3,28.2
36000,80.9,28.4
38000,81.4,28.4
40000,82.8,28.5
42000,85.1,28.7
44000,84.4,28.7
46000,85.9,28.9
48000,85.6,29.2
50000,85.9,29.5
52000,86.6,29.0
54000,87.7,29.2
56000,86.6,29.5
58000,88.8,29.3
60000,88.3,29.5
62000,88.0,29.8
64000,88.1,29.5
66000,88.6,29.6
68000,90.0,29.6
70000,89.3,30.0
