Time,Humidity,Temperature
0,40.6,23.0
2000,41.0,23.0
4000,40.7,23.0
6000,40.8,23.1
8000,41.0,23.0
10000,40.7,23.0
12000,41.3,23.0
14000,45.1,23.2
16000,49.8,23.3
18000,54.8,23.8
20000,58.2,24.0
22000,61.5,24.0
24000,64.2,24.3
26000,67.3,24.5
28000,69.2,24.7
30000,70.4,24.7
32000,72.5,24.8
34000,74.0,25.0
36000,74.8,25.1
38000,77.0,25.2
40000,77.2,25.3
42000,78.2,25.5
44000,79.1,25.6
46000,79.6,25.7
48000,80.0,25.8
50000,80.5,25.9
52000,81.0,26.0
54000,81.3,26.1
56000,81.4,26.2
58000,81.9,26.1
60000,81.8,26.2
62000,82.5,26.2
64000,82.6,26.3
66000,83.3,26.4
68000,83.3,26.5
70000,84.0,26.7
