Time,Humidity,Temperature
0,42.4,24.0
2000,42.9,24.0
4000,43.2,24.0
6000,42.6,23.9
8000,43.0,23.9
10000,43.1,23.8
12000,45.0,24.1
14000,47.8,24.3
16000,53.6,24.6
18000,58.6,24.9
20000,61.8,25.1
22000,64.4,25.4
24000,67.7,25.6
26000,69.8,25.7
28000,71.4,26.0
30000,72.3,26.0
32000,73.5,26.2
34000,75.2,26.3
36000,75.8,26.6
38000,76.7,26.7
40000,76.6,26.7
42000,77.3,27.2
44000,78.0,27.2
46000,78.7,27.3
48000,76.9,27.4
50000,78.4,27.6
52000,79.0,27.8
54000,79.4,27.9
56000,78.7,27.9
58000,79.2,27.8
60000,79.4,28.1
62000,79.9,28.3
64000,79.4,28.4
66000,79.6,28.5
68000,79.5,28.7
70000,80.5,28.6
