Time,Humidity,Temperature
0,44.8,26.0
2000,44.2,26.1
4000,45.1,26.0
6000,44.7,26.0
8000,45.2,26.2
10000,44.8,26.1
12000,44.7,26.1
14000,46.8,26.1
16000,51.1,26.5
18000,55.3,26.9
20000,57.7,27.1
22000,60.2,27.1
24000,62.5,27.2
26000,63.2,27.5
28000,64.9,27.7
30000,67.3,28.0
32000,67.9,28.0
34000,69.1,28.1
36000,69.9,28.3
38000,71.9,28.3
40000,71.3,28.5
42000,70.9,28.6
44000,72.5,28.8
46000,73.4,29.0
48000,73.5,29.0
50000,73.6,29.0
52000,73.3,29.1
54000,73.7,29.5
56000,73.6,29.2
58000,73.9,29.2
60000,74.2,29.4
62000,74.9,29.6
64000,75.9,29.7
66000,74.6,29.6
68000,75.1,29.7
70000,73.9,29.8
