Time,Humidity,Temperature
0,36.4,22.6
2000,36.3,22.7
4000,36.5,22.6
6000,36.3,22.5
8000,36.2,22.4
10000,36.5,22.5
12000,36.9,22.5
14000,40.2,22.7
16000,44.3,22.7
18000,48.3,23.0
20000,52.4,23.4
22000,56.4,23.6
24000,58.8,23.4
26000,62.2,23.6
28000,64.2,23.7
30000,65.7,23.9
32000,67.8,24.0
34000,68.9,24.0
36000,70.5,24.2
38000,71.5,24.2
40000,72.4,24.3
42000,73.7,24.3
44000,74.2,24.6
46000,75.2,24.7
48000,75.5,24.8
50000,75.2,24.8
52000,75.9,25.0
54000,75.9,25.0
56000,77.1,25.1
58000,77.1,25.0
60000,77.8,24.9
62000,78.1,25.1
64000,78.0,25.5
66000,78.8,25.3
68000,79.0,25.6
70000,79.3,25.5
