Time,Humidity,Temperature
0,35.6,21.6
2000,35.1,21.6
4000,36.1,21.5
6000,34.6,21.5
8000,34.9,21.3
10000,34.9,21.6
12000,35.7,21.5
14000,38.8,21.3
16000,42.2,21.7
18000,46.3,22.0
20000,49.6,22.5
22000,52.3,22.3
24000,55.0,22.5
26000,57.2,22.6
28000,59.1,22.9
30000,61.1,23.2
32000,63.2,23.0
34000,64.3,23.4
36000,65.0,23.3
38000,66.4,23.8
40000,67.5,23.7
42000,68.6,23.8
44000,69.5,23.8
46000,69.6,24.0
48000,69.6,23.9
50000,70.0,24.2
52000,71.3,24.2
54000,71.0,24.3
56000,72.2,24.7
58000,71.9,24.7
60000,72.0,24.8
62000,73.0,24.8
64000,72.5,24.8
66000,73.3,25.0
68000,73.7,24.9
70000,73.4,25.1
