Time,Humidity,Temperature
0,41.1,25.2
2000,41.5,25.4
4000,40.7,25.3
6000,40.7,25.2
8000,41.0,25.3
10000,41.1,25.4
12000,41.2,25.3
14000,43.9,25.3
16000,48.7,25.5
18000,52.3,25.8
20000,55.6,26.2
22000,59.5,26.4
24000,62.4,26.7
26000,64.1,26.8
28000,66.2,26.7
30000,68.1,27.1
32000,69.4,27.2
34000,70.5,27.3
36000,72.4,27.5
38000,73.4,27.6
40000,74.2,27.8
42000,75.3,27.8
44000,75.3,27.9
46000,76.6,28.2
48000,76.9,28.2
50000,77.2,28.3
52000,77.1,28.4
54000,77.7,28.6
56000,79.0,28.6
58000,79.3,28.6
60000,78.4,28.8
62000,78.5,28.8
64000,80.0,28.9
66000,79.8,28.9
68000,79.8,29.1
70000,80.2,29.3
