Time,Humidity,Temperature
0,36.1,16.3
2000,36.4,16.3
4000,36.2,16.5
6000,36.2,16.4
8000,36.3,16.6
10000,36.0,16.3
12000,36.3,16.5
14000,40.0,16.4
16000,48.4,16.8
18000,57.3,17.1
20000,63.6,17.3
22000,68.8,17.6
24000,72.9,17.7
26000,76.8,18.1
28000,79.5,18.2
30000,81.7,18.4
32000,84.1,18.4
34000,85.4,18.7
36000,86.4,19.0
38000,87.4,19.1
40000,88.1,19.2
42000,88.9,19.3
44000,89.1,19.5
46000,89.9,19.5
48000,90.2,19.6
50000,90.3,19.8
52000,90.6,19.9
54000,90.8,20.0
56000,91.1,20.0
58000,91.2,20.1
60000,91.4,20.3
62000,91.1,20.3
64000,91.4,20.3
66000,91.7,20.4
68000,92.0,20.5
70000,92.4,20.6
