Time,Humidity,Temperature
0,44.4,19.3
2000,44.5,19.4
4000,44.8,19.3
6000,44.7,19.4
8000,44.2,19.3
10000,44.5,19.3
12000,44.6,19.3
14000,49.6,19.3
16000,58.8,19.7
18000,67.8,20.2
20000,74.9,20.4
22000,80.5,20.7
24000,85.0,20.8
26000,87.9,21.2
28000,91.2,21.3
30000,93.3,21.5
32000,95.3,21.7
34000,97.0,21.9
36000,98.5,22.0
38000,99.0,22.2
40000,99.7,22.4
42000,99.9,22.5
44000,99.9,22.6
46000,99.9,22.8
48000,99.9,22.9
50000,99.9,23.1
52000,99.9,23.2
54000,99.9,23.3
56000,99.9,23.4
58000,99.9,23.4
60000,99.9,23.4
62000,99.9,23.7
64000,99.9,23.6
66000,99.9,23.7
68000,99.9,23.9
70000,99.9,24.2
