Time,Humidity,Temperature
0,38.8,20.3
2000,38.4,20.3
4000,38.6,20.2
6000,38.3,20.3
8000,38.7,20.2
10000,38.3,20.3
12000,38.8,20.3
14000,43.3,20.4
16000,53.4,20.9
18000,64.3,21.2
20000,72.6,21.5
22000,78.7,21.8
24000,83.2,22.0
26000,86.6,22.2
28000,89.9,22.5
30000,92.3,22.6
32000,93.7,22.9
34000,95.8,23.0
36000,96.4,23.1
38000,97.4,23.4
40000,97.6,23.5
42000,97.8,23.7
44000,98.6,23.8
46000,98.9,23.9
48000,99.4,24.1
50000,99.1,24.3
52000,99.9,24.4
54000,99.7,24.5
56000,99.9,24.6
58000,99.9,24.6
60000,99.9,24.8
62000,99.9,24.8
64000,99.9,24.9
66000,99.9,25.0
68000,99.9,25.0
70000,99.9,25.0
