Time,Humidity,Temperature
0,43.4,19.3
2000,44.0,19.1
4000,44.0,19.2
6000,43.9,19.2
8000,43.6,19.2
10000,44.1,19.2
12000,44.3,19.2
14000,50.0,19.4
16000,61.1,19.6
18000,73.6,20.1
20000,81.1,20.4
22000,87.5,20.6
24000,91.8,20.9
26000,95.9,21.1
28000,98.0,21.4
30000,99.9,21.5
32000,99.9,21.7
34000,99.9,22.0
36000,99.9,22.2
38000,99.9,22.3
40000,99.9,22.5
42000,99.9,22.7
44000,99.9,22.7
46000,99.9,23.0
48000,99.9,23.1
50000,99.9,23.2
52000,99.9,23.2
54000,99.9,23.4
56000,99.9,23.6
58000,99.9,23.7
60000,99.9,23.6
62000,99.9,23.8
64000,99.9,23.9
66000,99.9,24.0
68000,99.9,24.2
70000,99.9,24.2
