Time,Humidity,Temperature
0,35.8,17.9
2000,35.9,17.9
4000,35.9,17.7
6000,35.8,17.8
8000,35.4,17.8
10000,35.8,17.7
12000,35.2,17.9
14000,42.2,17.9
16000,55.7,18.1
18000,67.1,18.6
20000,75.1,18.7
22000,79.5,18.8
24000,84.5,19.3
26000,88.5,19.4
28000,92.0,19.8
30000,94.2,19.9
32000,95.2,20.1
34000,96.4,20.2
36000,97.5,20.4
38000,97.8,20.3
40000,98.4,20.6
42000,98.6,20.7
44000,99.2,20.9
46000,99.6,21.0
48000,99.0,21.1
50000,99.8,21.2
52000,99.9,21.5
54000,99.4,21.3
56000,99.9,21.6
58000,99.9,21.7
60000,99.9,21.8
62000,99.9,22.0
64000,99.7,22.0
66000,99.9,22.0
68000,99.6,22.0
70000,99.9,22.2
