Time,Humidity,Temperature
0,40.3,19.6
2000,40.3,19.6
4000,40.4,19.6
6000,40.1,19.6
8000,40.3,19.6
10000,39.9,19.5
12000,39.8,19.6
14000,45.7,19.9
16000,55.2,20.0
18000,63.8,20.2
20000,69.8,20.6
22000,75.1,21.0
24000,79.3,21.1
26000,83.4,21.2
28000,86.0,21.5
30000,87.8,21.6
32000,89.3,21.6
34000,90.9,21.9
36000,91.7,22.1
38000,92.5,22.3
40000,93.4,22.3
42000,94.1,22.7
44000,94.8,22.6
46000,95.0,22.5
48000,95.0,22.9
50000,95.1,23.0
52000,95.5,23.1
54000,95.8,23.3
56000,95.6,23.3
58000,95.6,23.4
60000,95.6,23.4
62000,95.9,23.5
64000,95.5,23.6
66000,96.5,23.6
68000,97.1,23.8
70000,97.7,24.0
