Time,Humidity,Temperature
0,46.4,18.1
2000,46.2,18.2
4000,46.1,18.2
6000,46.2,18.2
8000,46.2,18.1
10000,46.7,18.1
12000,46.1,18.1
14000,52.0,18.2
16000,62.7,18.5
18000,73.9,18.9
20000,81.5,19.2
22000,86.9,19.2
24000,91.7,19.6
26000,95.8,19.7
28000,98.8,20.0
30000,99.9,20.3
32000,99.9,20.4
34000,99.9,20.5
36000,99.9,20.8
38000,99.9,20.8
40000,99.9,20.9
42000,99.9,21.2
44000,99.9,21.2
46000,99.9,21.4
48000,99.9,21.6
50000,99.9,21.6
52000,99.9,21.8
54000,99.9,21.8
56000,99.9,22.0
58000,99.9,21.9
60000,99.9,22.3
62000,99.9,22.3
64000,99.9,22.5
66000,99.9,22.4
68000,99.9,22.7
70000,99.9,22.7
