Time,Humidity,Temperature
0,40.2,18.9
2000,40.3,18.9
4000,40.2,18.9
6000,40.2,18.9
8000,40.7,18.9
10000,40.4,18.9
12000,41.2,18.9
14000,44.8,19.1
16000,51.9,19.1
18000,58.3,19.3
20000,62.9,19.6
22000,66.9,19.5
24000,72.2,19.7
26000,76.1,19.7
28000,78.8,19.8
30000,81.1,20.0
32000,83.1,20.1
34000,86.2,20.2
36000,87.8,20.3
38000,89.2,20.4
40000,90.5,20.3
42000,91.4,20.5
44000,92.1,20.5
46000,93.6,20.6
48000,94.1,20.7
50000,94.7,20.7
52000,96.1,20.7
54000,95.9,20.9
56000,95.7,21.0
58000,96.8,21.0
60000,96.9,21.0
62000,97.7,21.1
64000,97.4,21.2
66000,98.5,21.2
68000,98.8,21.3
70000,99.5,21.4
