Time,Humidity,Temperature
0,37.2,19.2
2000,37.5,19.4
4000,37.7,19.2
6000,36.7,19.4
8000,37.8,19.5
10000,36.9,19.5
12000,37.6,19.6
14000,41.1,19.5
16000,50.2,19.3
18000,56.0,20.0
20000,61.6,19.8
22000,66.0,20.0
24000,69.8,20.1
26000,72.4,20.2
28000,75.5,20.3
30000,77.0,20.4
32000,79.1,20.3
34000,79.9,20.9
36000,80.2,20.7
38000,81.1,20.7
40000,82.9,21.0
42000,83.2,20.7
44000,83.6,21.0
46000,84.1,20.9
48000,84.2,21.1
50000,84.5,21.1
52000,84.6,20.9
54000,85.5,21.0
56000,84.5,21.4
58000,85.0,21.2
60000,84.1,21.6
62000,84.2,21.5
64000,85.9,21.4
66000,85.5,21.4
68000,85.4,21.7
70000,85.9,21.8
