Time,Humidity,Temperature
0,40.4,21.6
2000,40.6,21.5
4000,39.9,21.5
6000,40.0,21.6
8000,40.3,21.6
10000,40.3,21.7
12000,40.8,21.4
14000,42.2,21.5
16000,47.5,21.6
18000,54.0,21.8
20000,60.6,22.2
22000,66.1,22.3
24000,70.3,22.1
26000,73.3,22.5
28000,77.2,22.6
30000,80.0,22.3
32000,82.3,22.5
34000,83.9,22.5
36000,85.9,22.7
38000,87.5,22.8
40000,89.0,22.9
42000,89.6,22.8
44000,90.9,22.9
46000,92.2,23.1
48000,93.0,23.2
50000,93.4,23.0
52000,94.1,23.2
54000,94.5,23.5
56000,95.3,23.3
58000,95.4,23.5
60000,96.1,23.4
62000,96.0,23.6
64000,96.8,23.4
66000,96.7,23.6
68000,97.9,23.8
70000,98.4,23.8
