Time,Humidity,Temperature
0,40.6,20.7
2000,40.2,20.6
4000,39.4,20.7
6000,40.8,20.8
8000,40.2,20.9
10000,39.2,20.7
12000,41.0,20.8
14000,46.1,20.9
16000,54.3,21.0
18000,59.3,21.2
20000,63.8,21.4
22000,69.6,21.4
24000,73.5,21.5
26000,76.1,21.7
28000,80.4,21.9
30000,83.1,21.8
32000,84.8,22.1
34000,86.5,22.0
36000,87.8,22.2
38000,89.1,22.4
40000,90.3,22.4
42000,91.3,22.6
44000,90.9,22.5
46000,92.6,22.7
48000,93.1,22.7
50000,93.4,22.7
52000,93.6,22.6
54000,94.6,22.8
56000,94.9,22.8
58000,94.7,22.8
60000,95.0,23.0
62000,95.6,22.8
64000,95.9,22.9
66000,95.3,22.9
68000,95.8,23.1
70000,96.9,23.1
