Time,Humidity,Temperature
4,45.90,19.60
2009,45.90,19.60
4014,45.90,19.60
6019,45.90,19.60
8024,45.90,19.60
10029,45.90,19.60
12034,45.90,19.60
14039,53.40,20.10
16043,61.30,20.70
18046,68.00,21.30
20051,73.90,21.80
22056,78.40,22.20
24060,81.90,22.50
26064,85.40,22.70
28068,88.80,23.00
30072,91.70,23.20
32078,94.20,23.50
34082,97.10,23.70
36086,99.20,23.80
38090,99.90,24.00
40095,99.90,24.20
42099,99.90,24.40
44103,99.90,24.60
46108,99.90,24.70
48112,99.90,24.80
50117,99.90,24.90
52121,99.90,25.10
54125,99.90,25.10
56130,99.90,25.30
58134,99.90,25.50
60140,99.90,25.60
62144,99.90,25.70
64148,99.90,25.80
66152,99.90,25.90
68158,99.90,26.00
70162,99.90,26.00