Time,Humidity,Temperature
3,41.40,18.80
2007,41.50,18.70
4011,41.40,18.80
6014,41.40,18.80
8020,41.40,18.80
10024,41.40,18.70
12028,42.70,18.80
14032,51.90,19.40
16036,60.00,20.10
18040,66.80,20.60
20046,71.90,20.80
22050,76.60,21.30
24054,80.40,21.60
26058,83.10,21.80
28064,86.70,22.10
30068,89.50,22.40
32072,91.20,22.50
34076,94.00,22.70
36080,97.30,23.00
38086,97.80,23.10
40090,99.50,23.20
42094,99.90,23.50
44099,99.90,23.70
46103,99.90,23.80
48108,99.90,23.90
50112,99.90,24.20
52116,99.90,24.40
54122,99.90,24.40
56126,99.90,24.60
58130,99.90,24.80
60136,99.90,24.90
62140,99.90,25.00
64144,99.90,25.20
66149,99.90,25.20
68153,99.90,25.20
70158,99.90,25.40