Time,Humidity,Temperature
3,35.50,18.50
2007,35.60,18.50
4011,35.50,18.50
6014,35.60,18.50
8018,35.70,18.50
10022,35.80,18.50
12026,38.10,18.60
14032,49.00,19.60
16036,58.30,20.50
18040,66.40,21.20
20044,72.60,21.70
22048,77.90,22.00
24054,82.90,22.30
26058,87.00,22.60
28062,89.90,22.90
30066,91.90,23.20
32070,93.40,23.40
34076,94.80,23.60
36080,96.10,23.70
38084,97.20,23.90
40089,98.50,24.10
42093,99.30,24.30
44097,99.70,24.40
46102,99.90,24.50
48106,99.90,24.70
50110,99.90,24.80
52116,99.90,24.80
54120,99.90,25.00
56124,99.90,25.10
58129,99.90,25.20
60133,99.90,25.30
62139,99.90,25.40
64143,99.90,25.50
66147,99.90,25.60
68153,99.90,25.70
70157,99.90,25.80