Time,Humidity,Temperature
3,39.70,19.30
2008,39.60,19.30
4012,39.70,19.30
6016,39.70,19.30
8019,39.70,19.30
10023,39.70,19.30
12027,39.60,19.30
14031,40.10,19.30
16035,49.80,19.80
18040,58.30,20.30
20045,65.60,20.80
22051,71.20,21.10
24055,75.90,21.40
26059,80.40,21.80
28063,84.00,22.10
30067,86.70,22.40
32071,90.40,22.60
34076,94.70,22.90
36080,97.70,23.10
38084,99.50,23.30
40089,99.90,23.50
42093,99.90,23.70
44097,99.90,23.90
46102,99.90,24.10
48106,99.90,24.30
50112,99.90,24.40
52116,99.90,24.50
54120,99.90,24.70
56125,99.90,24.90
58129,99.90,25.10
60135,99.90,25.20
62139,99.90,25.40
64143,99.90,25.60
66149,99.90,25.60
68153,99.90,25.70
70157,99.90,25.90