Time,Humidity,Temperature
3,40.90,19.10
2007,40.80,19.10
4011,40.70,19.10
6014,40.70,19.10
8019,40.70,19.10
10023,40.80,19.10
12027,42.90,19.30
14031,52.50,19.80
16036,61.00,20.40
18041,68.10,21.00
20046,74.00,21.50
22050,79.00,21.90
24054,83.30,22.20
26058,87.50,22.40
28063,93.70,22.80
30069,97.40,23.10
32073,99.30,23.30
34077,99.90,23.50
36082,99.90,23.70
38086,99.90,24.00
40090,99.90,24.20
42095,99.90,24.50
44099,99.90,24.70
46105,99.90,24.90
48109,99.90,25.10
50114,99.90,25.30
52118,99.90,25.50
54122,99.90,25.60
56128,99.90,25.80
58132,99.90,26.00
60136,99.90,26.10
62140,99.90,26.20
64146,99.90,26.30
66150,99.90,26.40
68154,99.90,26.50
70158,99.90,26.60