Time,Humidity,Temperature
3,43.30,19.00
2007,43.20,19.00
4011,43.30,19.00
6014,43.30,19.00
8018,43.40,19.00
10023,43.40,19.00
12028,44.40,19.10
14032,53.10,19.60
16036,60.60,20.20
18040,67.10,20.70
20046,72.30,21.00
22050,76.50,21.30
24054,80.10,21.50
26058,83.20,21.90
28064,85.50,22.10
30068,87.50,22.30
32072,89.70,22.60
34076,91.80,22.90
36082,93.50,23.20
38086,95.40,23.40
40090,97.50,23.60
42095,99.40,23.80
44099,99.90,24.00
46103,99.90,24.10
48108,99.90,24.30
50112,99.90,24.50
52116,99.90,24.70
54121,99.90,24.90
56125,99.90,25.10
58131,99.90,25.20
60135,99.90,25.40
62140,99.90,25.50
64144,99.90,25.70
66148,99.90,25.90
68152,99.90,26.00
70158,99.90,26.10