Time,Humidity,Temperature
3,37.50,19.10
2007,37.50,19.00
4011,37.50,19.00
6017,37.40,19.00
8020,37.50,19.00
10024,37.50,19.00
12028,40.40,19.20
14032,50.50,19.90
16037,59.20,20.50
18043,66.70,21.20
20047,72.70,21.70
22051,77.00,21.90
24055,80.90,22.20
26059,84.80,22.50
28063,88.10,22.80
30069,90.50,23.10
32073,93.80,23.20
34077,96.10,23.40
36081,97.90,23.70
38087,99.40,23.90
40091,99.90,24.10
42095,99.90,24.20
44101,99.90,24.40
46105,99.90,24.60
48109,99.90,24.80
50115,99.90,24.90
52119,99.90,25.10
54124,99.90,25.30
56128,99.90,25.40
58132,99.90,25.60
60136,99.90,25.60
62142,99.90,25.70
64146,99.90,25.80
66150,99.90,25.90
68154,99.90,25.90
70159,99.90,26.00