Time,Humidity,Temperature
3,37.00,19.00
2007,37.00,19.00
4011,36.90,19.00
6014,37.00,19.00
8018,37.00,19.00
10022,37.00,19.00
12026,39.70,19.10
14032,50.50,19.90
16036,59.70,20.70
18040,67.40,21.40
20044,73.60,21.90
22050,78.30,22.10
24054,83.40,22.50
26058,89.50,22.90
28062,95.20,23.30
30068,97.50,23.60
32072,98.80,23.70
34076,99.90,24.00
36082,99.90,24.10
38086,99.90,24.40
40090,99.90,24.60
42095,99.90,24.70
44099,99.90,24.90
46104,99.90,25.00
48108,99.90,25.30
50112,99.90,25.50
52118,99.90,25.70
54122,99.90,25.80
56126,99.90,25.90
58131,99.90,25.90
60135,99.90,26.10
62139,99.90,26.20
64143,99.90,26.30
66149,99.90,26.40
68153,99.90,26.40
70157,99.90,26.60