Time,Humidity,Temperature
4,45.90,19.60
2009,45.90,19.60
4014,45.90,19.60
6019,46.00,19.70
8024,46.10,19.60
10029,46.40,19.60
12033,50.20,19.90
14036,58.30,20.40
16040,64.90,20.80
18044,70.90,21.40
20050,75.40,21.70
22054,78.70,22.10
24058,81.90,22.40
26062,85.40,22.80
28068,88.10,23.10
30073,89.60,23.30
32077,90.60,23.40
34081,92.90,23.70
36085,94.30,23.90
38090,95.90,24.20
40094,96.50,24.30
42098,96.90,24.50
44104,97.10,24.60
46108,98.00,24.80
48112,98.00,25.00
50117,98.10,25.10
52121,97.40,25.30
54125,97.70,25.40
56130,97.70,25.50
58134,97.90,25.70
60138,97.30,25.80
62142,97.00,26.00
64146,96.20,26.00
66150,96.00,26.10
68154,96.00,26.20
70158,96.00,26.40