Time,Humidity,Temperature
4,40.10,19.50
2009,40.20,19.50
4014,40.00,19.50
6019,39.80,19.50
8024,40.10,19.50
10028,40.10,19.50
12032,40.10,19.50
14035,49.90,20.20
16039,58.80,20.90
18044,65.90,21.20
20050,72.10,21.80
22054,77.20,22.20
24058,81.20,22.30
26062,86.10,22.70
28067,88.70,22.90
30071,92.80,23.10
32075,97.30,23.40
34079,98.60,23.50
36085,99.90,23.80
38089,99.90,24.00
40093,99.90,24.10
42098,99.90,24.40
44102,99.90,24.50
46107,99.90,24.60
48111,99.90,24.80
50115,99.90,24.90
52120,99.90,25.00
54124,99.90,25.20
56128,99.90,25.30
58133,99.90,25.30
60137,99.90,25.50
62143,99.90,25.60
64147,99.90,25.60
66151,99.90,25.70
68155,99.90,25.90
70161,99.90,25.90