Time,Humidity,Temperature
3,39.00,19.00
2008,39.00,19.00
4012,39.10,19.00
6016,39.10,19.00
8019,39.10,19.00
10023,39.00,19.00
12027,41.40,19.20
14033,51.00,19.70
16038,58.90,20.20
18043,65.60,20.60
20047,71.90,21.20
22051,76.10,21.40
24055,81.30,21.90
26061,83.80,22.10
28066,88.00,22.40
30070,90.10,22.70
32074,93.40,22.90
34078,95.00,23.20
36082,96.70,23.40
38087,99.10,23.70
40091,99.90,23.90
42097,99.90,24.00
44101,99.90,24.40
46105,99.90,24.40
48110,99.90,24.60
50114,99.90,24.80
52118,99.90,24.90
54123,99.90,25.20
56127,99.90,25.20
58132,99.90,25.40
60136,99.90,25.60
62140,99.90,25.50
64146,99.90,25.80
66150,99.90,25.80
68154,99.90,25.90
70158,99.90,26.10