Time,Humidity,Temperature
4,38.70,19.00
2009,38.50,19.00
4013,38.50,19.00
6018,38.60,19.00
8024,38.70,19.00
10029,38.40,19.00
12033,41.40,19.20
14036,51.60,19.90
16040,60.40,20.70
18044,67.50,21.30
20050,72.90,21.60
22054,77.60,21.90
24058,81.80,22.30
26062,84.90,22.60
28066,87.60,22.70
30071,91.10,23.10
32076,92.80,23.30
34080,93.10,23.30
36084,94.00,23.40
38088,95.40,23.60
40093,95.40,23.80
42097,95.60,23.90
44101,95.90,24.00
46106,96.60,24.20
48110,97.40,24.40
50114,97.40,24.50
52120,97.50,24.60
54124,97.20,24.60
56128,98.10,24.80
58132,98.40,25.00
60138,97.60,25.10
62142,97.90,25.20
64146,97.20,25.20
66151,97.50,25.30
68155,97.70,25.40
70159,97.50,25.50