Time,Humidity,Temperature
3,39.00,19.00
2007,39.10,19.00
4011,39.00,19.00
6014,39.10,19.00
8018,39.00,19.00
10022,39.00,19.00
12026,39.00,19.00
14030,48.80,19.80
16036,58.10,20.70
18041,65.80,21.30
20045,71.90,21.70
22049,77.30,22.10
24053,82.40,22.60
26059,86.20,22.90
28063,89.30,23.00
30067,93.60,23.30
32071,96.90,23.60
34076,98.90,23.80
36080,99.90,24.00
38084,99.90,24.20
40089,99.90,24.40
42093,99.90,24.40
44097,99.90,24.60
46103,99.90,24.80
48107,99.90,25.00
50111,99.90,25.10
52116,99.90,25.10
54120,99.90,25.30
56125,99.90,25.50
58129,99.90,25.70
60133,99.90,25.80
62137,99.90,25.80
64142,99.90,25.90
66146,99.90,26.00
68150,99.90,26.10
70156,99.90,26.20