Time,Humidity,Temperature
3,41.40,19.00
2007,41.30,19.00
4011,41.30,19.00
6014,41.30,19.00
8020,41.40,19.00
10024,41.30,19.00
12028,41.60,19.00
14032,50.00,19.50
16037,58.20,20.20
18042,65.20,20.80
20048,70.90,21.20
22052,75.50,21.60
24056,79.00,21.80
26060,81.80,22.00
28064,84.30,22.30
30070,86.30,22.60
32074,88.30,22.90
34078,90.00,23.20
36082,91.70,23.50
38088,93.10,23.70
40092,93.80,23.90
42096,94.40,24.10
44100,93.70,24.20
46106,94.80,24.40
48110,95.80,24.70
50114,96.30,24.90
52120,96.00,25.10
54124,95.90,25.20
56129,95.70,25.30
58133,95.70,25.40
60137,96.10,25.60
62141,95.50,25.70
64145,94.30,25.60
66151,93.60,25.50
68155,93.20,25.50
70159,93.50,25.70