Time,Humidity,Temperature
3,46.60,18.40
2007,46.50,18.50
4011,46.30,18.40
6014,46.20,18.50
8018,46.10,18.40
10022,46.20,18.50
12026,47.00,18.50
14031,55.50,19.10
16036,63.20,19.90
18040,69.50,20.50
20044,74.40,20.80
22048,79.30,21.40
24052,83.20,21.80
26058,86.10,22.00
28063,91.00,22.40
30067,94.50,22.70
32071,96.60,22.80
34075,99.10,23.00
36080,99.90,23.30
38084,99.90,23.40
40088,99.90,23.60
42093,99.90,23.80
44097,99.90,23.90
46102,99.90,24.10
48106,99.90,24.30
50110,99.90,24.40
52115,99.90,24.50
54119,99.90,24.70
56125,99.90,24.80
58129,99.90,24.80
60133,99.90,25.00
62138,99.90,25.10
64142,99.90,25.20
66147,99.90,25.30
68151,99.90,25.50
70155,99.90,25.50