Time,Humidity,Temperature
3,40.30,18.30
2007,40.30,18.30
4011,40.30,18.30
6014,40.30,18.30
8018,40.50,18.30
10023,42.30,18.30
12027,44.30,18.40
14031,53.20,19.10
16035,60.80,19.80
18039,67.60,20.50
20045,73.00,20.90
22050,77.10,21.20
24054,80.40,21.50
26058,83.70,22.00
28062,87.00,22.30
30067,90.10,22.60
32073,92.60,22.90
34077,93.40,23.20
36081,95.30,23.50
38085,96.60,23.60
40090,99.00,23.80
42094,99.90,24.20
44099,99.90,24.40
46103,99.90,24.40
48107,99.90,24.60
50111,99.90,24.80
52116,99.90,24.90
54120,99.90,25.10
56126,99.90,25.20
58130,99.90,25.20
60134,99.90,25.20
62140,99.90,25.30
64144,99.90,25.50
66148,99.90,25.70
68153,99.90,25.80
70159,99.90,26.00