Time,Humidity,Temperature
3,39.40,19.00
2008,39.40,19.00
4012,39.20,19.00
6016,39.40,19.00
8019,39.30,19.00
10023,39.40,19.00
12027,42.20,19.20
14031,51.90,19.70
16035,60.40,20.50
18041,67.40,21.00
20045,72.50,21.20
22049,77.60,21.80
24053,81.70,22.10
26057,84.70,22.30
28063,88.20,22.60
30067,91.00,22.90
32071,93.70,23.10
34075,94.90,23.20
36079,96.40,23.40
38085,99.90,23.80
40089,99.90,24.10
42094,99.90,24.30
44098,99.90,24.50
46102,99.90,24.80
48108,99.90,25.00
50112,99.90,25.20
52117,99.90,25.30
54121,99.90,25.40
56125,99.90,25.50
58131,99.90,25.70
60135,99.90,25.90
62139,99.90,26.00
64144,99.90,26.00
66149,99.90,26.10
68153,99.90,26.20
70157,99.90,26.30