Time,Humidity,Temperature
3,39.70,19.30
2008,39.70,19.30
4013,39.60,19.20
6018,39.70,19.20
8023,39.70,19.20
10028,40.10,19.30
12032,42.10,19.40
14035,51.60,19.90
16039,59.50,20.40
18043,66.10,20.80
20047,71.50,21.10
22051,76.10,21.60
24057,81.00,22.30
26061,85.10,22.80
28065,88.80,23.10
30069,92.20,23.40
32073,94.70,23.60
34079,96.90,23.80
36083,99.00,24.00
38087,99.90,24.30
40092,99.90,24.40
42096,99.90,24.50
44102,99.90,24.60
46106,99.90,24.80
48110,99.90,24.80
50114,99.90,25.00
52119,99.90,25.20
54123,99.90,25.30
56128,99.90,25.50
58132,99.90,25.50
60138,99.90,25.60
62143,99.90,25.70
64147,99.90,25.80
66151,99.90,25.90
68157,99.90,26.00
70161,99.90,26.10