Time,Humidity,Temperature
3,37.20,19.00
2007,37.30,18.90
4011,37.20,18.90
6014,37.20,18.90
8018,37.20,19.00
10024,37.40,18.90
12029,40.10,19.20
14034,49.80,19.70
16039,58.40,20.40
18043,65.90,21.00
20047,71.80,21.60
22051,76.50,22.00
24056,80.70,22.50
26062,84.50,22.80
28066,88.80,23.20
30070,92.70,23.60
32074,95.90,24.00
34080,97.70,24.20
36084,98.50,24.50
38088,98.90,24.70
40093,99.30,24.90
42097,99.50,25.10
44101,99.70,25.30
46106,99.80,25.50
48110,99.10,25.70
50114,98.20,25.90
52119,97.10,26.00
54125,96.60,26.10
56129,96.30,26.30
58133,96.30,26.40
60137,96.10,26.50
62141,96.40,26.70
64147,96.30,26.80
66151,96.40,27.00
68155,96.30,27.10
70159,96.40,27.20