Time,Humidity,Temperature
4,39.30,19.40
2008,39.30,19.40
4013,39.20,19.40
6018,39.20,19.40
8023,39.20,19.40
10028,39.20,19.40
12033,39.30,19.40
14038,40.00,19.40
16044,48.60,19.80
18049,56.70,20.50
20052,63.50,20.80
22056,70.00,21.30
24060,74.30,21.50
26066,78.50,21.90
28070,82.30,22.20
30074,84.90,22.40
32078,88.80,22.80
34082,91.10,23.10
36088,94.30,23.20
38092,98.30,23.50
40096,99.90,23.80
42101,99.90,23.90
44105,99.90,24.10
46110,99.90,24.40
48114,99.90,24.50
50118,99.90,24.70
52123,99.90,24.90
54127,99.90,25.00
56132,99.90,25.10
58136,99.90,25.30
60140,99.90,25.40
62145,99.90,25.40
64149,99.90,25.40
66154,99.90,25.50
68158,99.90,25.60
70162,99.90,25.70