Time,Humidity,Temperature
3,40.60,19.10
2007,40.70,19.10
4011,40.70,19.10
6017,40.60,19.10
8020,40.70,19.10
10024,40.60,19.10
12028,40.60,19.10
14034,49.50,19.60
16039,58.10,20.30
18043,65.20,20.80
20047,70.30,20.90
22051,74.60,21.20
24055,78.40,21.60
26059,81.60,22.00
28065,84.10,22.30
30069,86.60,22.60
32073,88.20,22.80
34077,89.60,23.00
36081,90.80,23.30
38085,91.70,23.40
40090,92.50,23.60
42096,93.00,23.70
44100,93.40,23.90
46104,93.90,24.00
48108,94.10,24.20
50114,94.10,24.30
52118,94.30,24.40
54122,94.50,24.50
56128,94.70,24.70
58132,94.80,24.80
60136,94.50,24.90
62142,94.80,25.00
64146,94.50,25.10
66150,94.70,25.20
68155,94.70,25.30
70159,94.70,25.50