Time,Humidity,Temperature
4,40.10,19.00
2009,40.10,19.00
4013,40.20,19.00
6017,40.10,19.00
8020,40.20,19.00
10024,40.10,19.00
12028,42.90,19.20
14032,52.40,19.80
16036,60.30,20.30
18040,67.00,20.90
20046,72.40,21.30
22050,76.60,21.70
24054,80.00,21.80
26058,83.80,22.20
28064,86.90,22.50
30068,88.80,22.70
32072,90.00,22.80
34076,92.70,23.10
36081,94.70,23.30
38085,95.90,23.60
40089,97.10,23.80
42094,97.60,23.80
44099,99.00,24.10
46103,99.60,24.30
48108,99.90,24.50
50112,99.80,24.60
52116,99.90,24.70
54121,99.90,24.90
56125,99.90,25.10
58130,99.90,25.20
60134,99.90,25.40
62138,99.90,25.50
64143,99.90,25.50
66147,99.90,25.60
68151,99.90,25.70
70157,99.90,25.80