Time,Humidity,Temperature
4,41.00,19.30
2009,41.10,19.30
4013,41.00,19.40
6017,41.00,19.30
8020,41.00,19.40
10024,41.00,19.40
12028,41.30,19.40
14032,50.10,19.80
16037,58.10,20.30
18042,65.30,20.90
20047,71.20,21.40
22053,76.00,21.80
24058,80.00,22.10
26062,83.30,22.30
28066,86.30,22.60
30070,88.80,22.90
32074,90.90,23.10
34080,93.30,23.40
36084,95.20,23.60
38088,96.90,23.90
40094,98.30,24.10
42098,99.00,24.30
44102,99.80,24.50
46107,99.90,24.70
48111,99.90,24.80
50115,99.90,25.00
52120,99.90,25.10
54124,99.90,25.30
56130,99.90,25.40
58134,99.90,25.50
60138,99.90,25.70
62144,99.90,25.80
64148,99.90,26.00
66152,99.90,25.90
68156,99.90,25.90
70162,99.90,26.00
