Time,Humidity,Temperature
3,44.10,19.90
2008,44.10,19.90
4012,44.10,19.90
6016,44.10,19.90
8019,44.20,19.90
10023,44.20,19.90
12027,44.70,19.90
14033,49.80,19.90
16037,54.50,20.00
18042,58.40,20.00
20046,61.90,20.10
22050,65.20,20.20
24054,67.90,20.20
26058,70.40,20.30
28062,72.40,20.40
30067,74.10,20.40
32073,75.40,20.50
34077,76.70,20.60
36081,77.70,20.60
38086,78.50,20.70
40091,79.10,20.70
42095,79.60,20.80
44099,79.90,20.90
46104,80.20,20.90
48110,80.30,21.00
50114,80.20,21.00
52118,80.10,21.10
54122,79.90,21.20
56127,79.90,21.20
58131,80.20,21.30
60135,80.30,21.30
62141,80.40,21.40
64145,80.50,21.40
66149,80.60,21.40
68153,80.80,21.50
70157,81.00,21.50