Time,Humidity,Temperature
4,44.40,19.50
2009,44.50,19.50
4014,44.60,19.50
6019,44.80,19.50
8023,44.70,19.50
10027,44.80,19.50
12030,45.90,19.60
14034,51.10,19.60
16038,56.70,19.80
18043,61.50,19.90
20048,65.60,20.00
22054,69.40,20.10
24058,72.70,20.10
26062,75.30,20.20
28066,77.60,20.30
30070,79.50,20.40
32076,81.10,20.50
34080,82.60,20.60
36084,83.90,20.70
38088,85.00,20.80
40092,86.00,20.90
42096,86.80,21.00
44101,87.50,21.10
46107,88.10,21.20
48111,88.80,21.30
50115,89.20,21.40
52119,89.70,21.50
54123,90.10,21.60
56128,90.40,21.60
58133,90.80,21.70
60138,91.10,21.80
62142,91.40,21.90
64146,91.60,22.00
66150,91.70,22.10
68155,91.90,22.10
70159,92.00,22.20