Time,Humidity,Temperature
4,45.80,19.20
2009,45.90,19.20
4014,45.80,19.20
6019,45.80,19.20
8024,45.80,19.20
10029,45.80,19.20
12034,47.60,19.20
14039,51.20,19.20
16044,55.20,19.30
18049,59.00,19.40
20052,61.90,19.40
22056,64.20,19.50
24060,66.20,19.50
26064,68.30,19.60
28068,70.20,19.60
30073,71.50,19.70
32079,72.50,19.80
34084,73.60,19.80
36088,74.80,19.90
38092,76.00,20.00
40096,77.00,20.00
42100,77.40,20.10
44104,77.70,20.20
46109,78.00,20.20
48115,78.40,20.30
50120,78.60,20.30
52124,78.00,20.40
54128,78.40,20.50
56132,78.50,20.50
58136,78.60,20.60
60140,78.60,20.60
62146,78.90,20.70
64150,79.30,20.80
66154,79.80,20.90
68158,79.90,20.90
70164,79.80,21.00