
Time,Humidity,Temperature
4,44.00,20.10
2009,43.90,20.10
4014,43.90,20.10
6018,43.90,20.00
8023,44.00,20.10
10027,44.20,20.00
12030,46.10,20.10
14034,50.80,20.20
16038,55.10,20.20
18044,59.20,20.30
20049,62.80,20.40
22053,65.70,20.40
24057,68.20,20.60
26061,70.40,20.70
28065,72.30,20.70
30070,73.60,20.80
32076,74.60,20.90
34080,75.70,21.00
36084,76.80,21.10
38088,77.60,21.20
40092,78.40,21.40
42096,79.10,21.50
44101,79.60,21.60
46105,80.00,21.70
48109,80.40,21.80
50113,80.80,21.90
52117,81.20,22.00
54121,81.30,22.10
56127,81.40,22.20
58131,81.40,22.20
60135,81.70,22.30
62139,82.00,22.40
64143,81.90,22.50
66148,81.90,22.60
68154,82.00,22.70
70159,81.90,22.80