
Time,Humidity,Temperature
3,39.10,18.70
2008,39.20,18.80
4013,39.20,18.70
6017,39.30,18.70
8020,39.30,18.80
10024,40.30,18.80
12028,45.00,18.80
14032,49.30,18.90
16038,53.70,18.90
18043,57.60,19.00
20048,60.80,19.10
22052,63.80,19.10
24056,66.50,19.20
26060,69.10,19.30
28065,71.20,19.40
30070,73.20,19.40
32076,74.80,19.50
34080,76.10,19.60
36084,77.50,19.70
38088,78.30,19.70
40094,78.80,19.80
42098,79.10,19.90
44102,79.40,19.90
46106,79.40,20.00
48110,79.50,20.00
50116,79.50,20.10
52121,79.50,20.20
54125,79.40,20.20
56129,79.20,20.30
58133,78.90,20.40
60137,78.50,20.40
62142,77.80,20.50
64148,77.60,20.60
66152,77.50,20.60
68156,77.30,20.70
70160,77.20,20.80