Time,Humidity,Temperature
3,49.20,18.70
2007,49.30,18.70
4011,49.20,18.70
6014,49.30,18.70
8020,49.70,18.70
10024,50.30,18.70
12028,50.60,18.70
14034,53.70,18.80
16039,58.10,19.00
18043,62.90,19.20
20047,67.40,19.40
22051,71.50,19.60
24055,75.10,19.90
26060,78.10,20.10
28066,80.60,20.30
30070,82.70,20.50
32074,84.30,20.70
34078,85.80,20.90
36084,87.10,21.10
38088,88.20,21.20
40092,89.10,21.40
42096,89.90,21.50
44101,90.80,21.70
46107,91.50,21.90
48111,92.00,22.10
50115,92.50,22.20
52120,93.00,22.30
54126,93.50,22.40
56130,93.80,22.60
58134,94.20,22.70
60138,94.60,22.90
62142,94.80,23.00
64148,95.20,23.10
66152,95.40,23.30
68156,95.70,23.40
70162,95.90,23.50