
Time,Humidity,Temperature
4,45.20,19.40
2009,45.20,19.40
4014,45.20,19.40
6019,45.40,19.40
8024,45.50,19.50
10028,45.50,19.50
12032,48.10,19.50
14035,56.00,19.60
16039,62.80,19.80
18043,68.30,20.00
20048,72.70,20.10
22053,76.30,20.20
24057,79.40,20.20
26061,81.90,20.30
28065,84.10,20.40
30069,85.80,20.50
32075,87.40,20.60
34079,88.60,20.60
36083,89.80,20.70
38087,90.80,20.80
40091,91.50,20.90
42097,92.20,20.90
44101,92.90,21.10
46105,93.80,21.10
48109,94.50,21.20
50113,95.30,21.30
52118,96.30,21.40
54124,96.80,21.50
56128,97.30,21.60
58132,98.10,21.60
60136,98.60,21.70
62141,99.00,21.80
64145,99.60,21.80
66149,99.90,21.80
68153,99.90,21.90
70158,99.90,21.90