Time,Humidity,Temperature
3,42.60,20.10
2008,42.60,20.10
4012,42.60,20.10
6016,42.60,20.10
8019,42.70,20.10
10023,42.60,20.00
12027,43.50,20.10
14033,49.60,20.30
16038,56.50,20.50
18042,62.70,20.80
20046,67.90,21.10
22050,72.30,21.30
24056,75.90,21.50
26060,78.90,21.70
28064,81.50,21.90
30068,83.60,22.10
32072,85.40,22.20
34077,87.00,22.40
36082,88.30,22.50
38086,89.30,22.60
40090,90.10,22.70
42094,90.80,22.80
44100,91.50,22.90
46104,92.20,23.10
48108,92.80,23.20
50112,93.40,23.30
52116,93.80,23.40
54122,94.20,23.50
56126,94.40,23.60
58130,94.50,23.60
60134,94.90,23.70
62140,95.20,23.90
64144,95.40,24.00
66148,95.70,24.00
68152,95.70,24.10
70157,95.90,24.10