Time,Humidity,Temperature
3,43.10,20.40
2007,43.10,20.40
4011,43.20,20.40
6014,43.30,20.40
8018,43.30,20.40
10024,43.20,20.40
12028,43.30,20.40
14032,47.90,20.40
16036,53.00,20.50
18040,57.90,20.60
20045,62.10,20.70
22050,65.70,20.80
24055,69.00,20.80
26059,71.80,20.90
28063,74.20,21.00
30067,76.10,21.10
32071,77.80,21.20
34076,79.20,21.30
36081,80.60,21.40
38085,81.80,21.50
40089,82.90,21.60
42093,83.80,21.70
44097,84.60,21.80
46103,85.40,21.80
48107,86.10,21.90
50111,86.70,22.00
52115,87.10,22.10
54121,87.50,22.20
56125,87.90,22.30
58129,88.30,22.30
60134,88.50,22.40
62140,88.80,22.50
64144,89.00,22.50
66148,89.30,22.70
68153,89.50,22.70
70158,89.70,22.80