Time,Humidity,Temperature
3,45.90,19.80
2008,46.10,19.80
4012,46.30,19.80
6016,46.30,19.80
8019,46.40,19.80
10023,46.60,19.80
12027,48.60,19.90
14033,54.30,20.10
16037,60.50,20.40
18041,65.70,20.60
20045,70.10,20.70
22050,73.90,20.80
24056,77.10,21.00
26060,79.70,21.10
28064,81.80,21.30
30068,83.50,21.40
32072,84.90,21.50
34077,86.10,21.60
36083,87.20,21.70
38087,88.20,21.70
40091,88.90,21.80
42095,89.60,21.90
44099,90.10,22.00
46105,90.70,22.10
48109,91.10,22.20
50113,91.60,22.30
52117,91.90,22.40
54122,92.30,22.50
56126,92.60,22.60
58130,92.80,22.60
60134,93.00,22.70
62138,93.20,22.80
64142,93.40,22.80
66147,93.60,22.90
68153,93.70,23.00
70157,93.80,23.00