Time,Humidity,Temperature
3,37.80,18.80
2007,37.80,18.80
4011,37.90,18.80
6014,37.90,18.80
8019,39.00,18.80
10025,40.50,18.90
12030,42.00,18.90
14034,45.90,18.90
16038,49.80,19.00
18042,55.40,19.20
20046,59.60,19.30
22051,63.70,19.40
24056,67.50,19.60
26061,70.40,19.70
28066,73.30,19.90
30070,75.60,20.00
32074,77.60,20.10
34078,79.40,20.30
36082,81.00,20.40
38087,82.30,20.60
40093,83.60,20.80
42098,84.60,20.80
44102,85.40,21.00
46106,86.00,21.10
48110,86.40,21.20
50114,87.10,21.40
52118,87.20,21.40
54123,87.80,21.60
56129,88.10,21.70
58133,88.40,21.90
60137,88.60,21.90
62141,88.80,22.00
64146,89.00,22.20
66150,89.00,22.20
68155,89.10,22.30
70159,89.10,22.40