Time,Humidity,Temperature
3,43.50,19.30
2007,43.50,19.30
4011,43.60,19.30
6014,43.70,19.30
8018,43.70,19.30
10022,43.70,19.30
12028,43.80,19.30
14033,48.30,19.40
16037,53.40,19.50
18041,58.00,19.60
20045,62.20,19.70
22049,66.30,19.80
24053,69.70,20.00
26058,72.70,20.00
28064,75.30,20.10
30068,77.60,20.30
32072,79.50,20.30
34076,81.20,20.40
36081,82.80,20.60
38087,84.10,20.70
40091,85.30,20.80
42095,86.40,20.90
44099,87.40,21.10
46103,88.10,21.10
48107,88.90,21.20
50112,89.50,21.30
52116,90.10,21.40
54120,90.50,21.50
56124,90.90,21.50
58130,91.30,21.60
60135,91.60,21.70
62139,91.80,21.70
64143,92.10,21.80
66147,92.40,21.90
68152,92.70,22.00
70156,92.90,22.00