Time,Humidity,Temperature
4,42.80,19.60
2009,42.80,19.60
4013,42.90,19.60
6017,42.80,19.60
8020,42.80,19.60
10024,42.80,19.60
12028,43.50,19.60
14032,46.60,19.60
16036,50.50,19.70
18042,54.30,19.70
20047,58.40,19.80
22052,62.00,19.80
24056,64.80,19.90
26060,67.40,19.90
28064,69.90,20.00
30068,72.00,20.00
32072,73.60,20.10
34077,75.10,20.20
36081,76.60,20.20
38085,77.70,20.30
40089,78.50,20.30
42095,79.10,20.40
44100,80.00,20.50
46104,80.50,20.50
48108,81.10,20.60
50112,81.40,20.70
52117,82.00,20.80
54122,82.30,20.80
56127,82.40,20.90
58132,82.80,20.90
60138,83.10,21.00
62142,83.00,21.00
64146,82.80,21.10
66150,83.20,21.20
68154,83.20,21.30
70158,83.10,21.30