Time,Humidity,Temperature
3,43.00,19.90
2007,43.00,19.90
4011,43.10,19.90
6016,43.10,19.90
8019,43.10,19.90
10023,43.00,19.90
12027,44.60,19.90
14033,50.10,20.00
16037,55.40,20.10
18041,59.70,20.20
20045,63.40,20.30
22049,66.70,20.40
24053,69.40,20.50
26059,71.90,20.60
28063,74.00,20.70
30067,75.90,20.80
32071,77.50,20.90
34077,78.80,21.00
36082,80.00,21.10
38087,80.90,21.20
40091,81.70,21.30
42095,82.30,21.40
44099,82.90,21.50
46103,83.40,21.60
48108,83.70,21.70
50113,83.80,21.70
52119,83.90,21.80
54123,84.10,21.90
56127,84.10,22.00
58131,84.10,22.00
60135,84.10,22.10
62139,84.10,22.20
64145,84.10,22.30
66149,84.00,22.30
68153,83.80,22.40
70157,83.80,22.50