Time,Humidity,Temperature
3,45.70,19.50
2008,45.60,19.40
4013,45.60,19.50
6018,45.60,19.40
8022,45.70,19.50
10025,45.70,19.50
12029,47.00,19.50
14033,52.30,19.60
16037,57.60,19.70
18041,62.60,19.80
20045,66.90,19.90
22050,70.40,20.00
24056,73.50,20.00
26061,76.10,20.10
28065,78.20,20.20
30069,80.00,20.20
32073,81.40,20.30
34078,82.70,20.40
36084,83.80,20.40
38088,84.60,20.50
40092,85.30,20.60
42096,86.00,20.70
44100,86.60,20.70
46106,87.00,20.80
48110,87.40,20.90
50114,87.80,21.00
52118,88.20,21.00
54122,88.50,21.10
56128,88.80,21.20
58132,89.10,21.30
60136,89.30,21.40
62140,89.60,21.50
64145,89.80,21.50
66151,90.10,21.60
68156,90.20,21.60
70160,90.40,21.70