Time,Humidity,Temperature
3,42.10,20.90
2007,42.10,20.90
4011,42.30,20.90
6014,42.40,20.80
8018,42.30,20.80
10022,42.30,20.80
12027,43.40,20.80
14032,48.40,20.90
16038,53.50,21.00
18043,57.80,21.00
20047,61.80,21.10
22051,65.20,21.20
24055,68.40,21.30
26059,71.00,21.30
28065,73.30,21.40
30069,75.30,21.50
32073,76.80,21.60
34077,78.30,21.70
36083,79.40,21.70
38088,80.40,21.80
40092,81.10,21.90
42096,81.60,22.00
44100,82.00,22.00
46104,82.30,22.10
48109,82.40,22.10
50115,82.60,22.20
52119,82.70,22.30
54123,83.00,22.40
56127,83.20,22.40
58131,83.30,22.50
60135,83.40,22.60
62139,83.40,22.60
64144,83.70,22.60
66150,84.00,22.70
68155,84.20,22.70
70159,84.30,22.80