
Time,Humidity,Temperature
3,44.50,19.30
2007,44.30,19.30
4011,44.50,19.30
6014,44.60,19.30
8019,44.50,19.30
10023,44.50,19.30
12027,44.70,19.30
14031,50.90,19.40
16035,57.50,19.50
18039,63.30,19.60
20045,68.20,19.70
22050,72.20,19.80
24054,75.70,20.00
26058,78.50,20.20
28062,81.00,20.30
30068,83.00,20.40
32072,84.70,20.50
34076,86.30,20.60
36080,87.50,20.60
38086,88.60,20.70
40091,89.40,20.80
42095,90.10,20.80
44099,90.70,20.90
46103,91.10,21.00
48107,91.50,21.00
50113,91.90,21.10
52117,92.20,21.20
54121,92.50,21.20
56125,92.80,21.30
58129,92.80,21.30
60135,93.00,21.40
62139,93.10,21.40
64143,93.20,21.50
66147,93.40,21.60
68151,93.30,21.60
70155,93.40,21.70