Time,Humidity,Temperature
3,40.40,19.10
2007,40.40,19.10
4011,40.50,19.10
6014,40.60,19.10
8018,40.50,19.10
10024,40.90,19.10
12028,42.60,19.10
14032,47.90,19.20
16036,53.60,19.40
18040,59.00,19.60
20044,63.90,19.70
22050,68.20,19.90
24054,71.90,20.10
26058,74.90,20.20
28062,77.40,20.30
30066,79.60,20.50
32072,81.40,20.50
34076,82.90,20.70
36080,84.30,20.70
38085,85.40,20.90
40091,86.30,21.00
42095,87.10,21.10
44099,87.80,21.20
46103,88.50,21.30
48109,89.00,21.40
50113,89.40,21.40
52117,89.80,21.60
54121,90.10,21.60
56125,90.40,21.70
58129,90.60,21.80
60134,90.90,21.90
62138,91.10,21.90
64142,91.30,22.00
66146,91.30,22.10
68152,91.50,22.20
70156,91.70,22.20