
Time,Humidity,Temperature
3,42.30,19.10
2007,42.40,19.10
4011,42.40,19.10
6014,42.40,19.10
8018,42.40,19.10
10024,42.40,19.10
12028,42.70,19.10
14032,47.10,19.30
16036,52.20,19.40
18040,57.70,19.60
20044,62.60,19.80
22048,66.90,19.90
24053,70.50,20.10
26059,73.80,20.20
28063,76.60,20.40
30067,78.90,20.60
32071,80.70,20.80
34077,82.30,20.90
36082,83.70,21.00
38086,84.70,21.10
40090,85.90,21.30
42094,86.80,21.50
44100,87.60,21.60
46104,88.20,21.70
48108,88.80,21.90
50112,89.20,21.90
52117,89.60,22.00
54123,90.00,22.10
56127,90.30,22.30
58131,90.50,22.30
60135,90.60,22.40
62141,90.70,22.40
64146,90.80,22.50
66150,91.00,22.60
68154,91.00,22.70
70158,91.00,22.80