Time,Humidity,Temperature
4,39.90,18.40
2009,39.80,18.40
4013,39.80,18.40
6017,39.80,18.40
8020,40.00,18.40
10024,40.20,18.40
12028,41.90,18.40
14032,46.90,18.50
16036,52.30,18.70
18041,57.80,18.80
20047,62.90,19.00
22051,66.90,19.20
24055,70.60,19.40
26059,73.60,19.50
28063,76.10,19.60
30067,78.30,19.70
32073,80.10,19.90
34077,81.60,20.00
36081,82.90,20.10
38085,83.90,20.20
40089,84.70,20.40
42093,85.40,20.50
44099,85.90,20.70
46103,86.30,20.80
48107,86.50,20.90
50111,86.70,21.10
52115,86.80,21.20
54121,86.70,21.30
56125,86.80,21.40
58129,86.80,21.60
60133,86.60,21.70
62139,86.50,21.80
64144,86.60,21.90
66148,86.80,22.00
68152,87.10,22.10
70156,87.40,22.20