Time,Humidity,Temperature
3,43.30,19.80
2007,43.40,19.90
4011,43.40,19.90
6014,43.50,19.80
8018,43.20,19.90
10022,43.50,19.80
12028,43.80,19.80
14032,48.90,19.90
16036,55.00,20.10
18040,60.30,20.20
20044,65.00,20.40
22048,68.80,20.50
24054,72.20,20.70
26058,75.00,20.80
28062,77.40,21.00
30066,79.20,21.10
32071,80.70,21.20
34076,81.70,21.30
36080,82.30,21.40
38084,82.40,21.50
40088,82.30,21.60
42092,82.00,21.60
44096,82.00,21.80
46100,81.40,21.90
48106,81.10,22.00
50111,81.10,22.00
52115,81.10,22.20
54119,80.90,22.20
56123,80.60,22.30
58127,80.50,22.40
60131,80.40,22.50
62135,80.20,22.60
64139,79.80,22.70
66143,79.70,22.70
68147,79.70,22.80
70152,79.60,22.90