Time,Humidity,Temperature
3,39.80,19.00
2007,39.90,19.00
4011,39.90,19.00
6014,39.90,19.00
8019,40.00,19.00
10024,40.10,19.00
12030,44.90,19.10
14034,50.80,19.20
16038,56.60,19.30
18042,61.60,19.40
20046,66.10,19.50
22050,69.80,19.60
24054,73.00,19.70
26060,75.50,19.80
28064,77.70,19.90
30068,79.70,20.00
32072,81.30,20.00
34076,82.60,20.10
36080,83.80,20.20
38085,84.70,20.20
40091,85.50,20.30
42095,86.20,20.40
44099,86.60,20.40
46103,86.90,20.50
48107,87.10,20.50
50113,87.20,20.60
52117,87.20,20.60
54121,87.10,20.70
56125,86.80,20.70
58130,86.60,20.80
60136,86.60,20.90
62140,86.60,21.00
64144,86.60,21.00
66148,86.40,21.10
68152,86.20,21.20
70157,86.10,21.20