Time,Humidity,Temperature
4,44.80,19.40
2008,44.80,19.40
4013,44.90,19.40
6017,44.80,19.40
8020,44.90,19.40
10024,44.90,19.40
12028,47.90,19.50
14034,56.30,19.70
16039,63.30,20.00
18044,69.20,20.30
20048,73.70,20.50
22052,77.60,20.70
24056,80.80,20.80
26060,83.50,21.00
28064,85.70,21.10
30070,87.60,21.20
32074,89.20,21.40
34078,90.40,21.40
36082,91.50,21.50
38088,92.40,21.60
40093,93.40,21.60
42097,94.20,21.80
44101,94.80,21.80
46105,95.50,21.90
48111,96.30,22.00
50115,97.10,22.00
52119,97.60,22.10
54123,98.20,22.20
56128,98.70,22.20
58132,99.10,22.20
60136,99.80,22.30
62142,99.90,22.40
64146,99.90,22.40
66150,99.90,22.50
68154,99.90,22.50
70160,99.90,22.60