Time,Humidity,Temperature
3,46.10,19.90
2007,46.10,19.90
4011,46.10,19.90
6014,46.10,19.90
8018,46.10,19.90
10024,46.10,19.90
12028,46.10,19.90
14032,49.80,20.00
16036,54.30,20.20
18041,59.00,20.30
20047,63.10,20.50
22051,67.00,20.70
24055,70.60,20.80
26059,74.00,21.00
28063,76.70,21.20
30069,79.10,21.40
32073,81.10,21.60
34077,82.70,21.70
36081,84.00,21.80
38085,85.20,22.00
40090,86.40,22.10
42096,87.10,22.20
44100,87.80,22.30
46104,88.30,22.40
48108,89.00,22.60
50114,89.30,22.70
52118,89.90,22.80
54122,90.30,23.00
56126,90.60,23.10
58130,90.80,23.20
60136,91.00,23.30
62140,91.30,23.40
64144,91.60,23.40
66148,91.70,23.50
68152,91.90,23.60
70158,92.10,23.70