Time,Humidity,Temperature
3,43.10,20.10
2007,43.00,20.10
4011,42.90,20.10
6014,43.00,20.10
8018,43.00,20.10
10023,44.30,20.10
12029,46.30,20.10
14033,51.60,20.30
16037,56.40,20.40
18041,60.70,20.50
20045,64.90,20.60
22049,68.30,20.70
24055,71.20,20.90
26059,73.80,21.00
28063,75.90,21.10
30067,77.50,21.10
32072,78.90,21.20
34078,80.10,21.30
36082,81.10,21.40
38086,81.90,21.50
40090,82.60,21.50
42094,83.00,21.60
44099,83.40,21.60
46104,83.60,21.70
48110,83.80,21.70
50115,84.00,21.80
52119,84.10,21.90
54123,84.00,22.00
56127,83.70,22.00
58131,83.60,22.10
60135,83.30,22.10
62139,83.20,22.20
64144,83.30,22.30
66150,83.70,22.30
68154,84.10,22.40
70158,84.40,22.50