Time,Humidity,Temperature
3,45.40,19.80
2008,45.40,19.80
4012,45.40,19.80
6016,45.40,19.80
8019,45.40,19.80
10023,45.60,19.80
12027,46.00,19.80
14031,52.10,20.20
16036,59.20,20.60
18040,65.40,21.00
20045,70.60,21.40
22050,75.10,21.70
24054,78.70,22.00
26058,81.70,22.30
28062,84.30,22.50
30067,86.40,22.80
32072,87.80,22.90
34076,89.00,23.10
36080,90.00,23.30
38084,90.80,23.50
40090,91.70,23.70
42094,92.40,23.90
44098,93.10,24.00
46102,93.80,24.20
48108,94.40,24.30
50112,94.90,24.50
52116,95.30,24.60
54121,95.60,24.80
56125,95.80,24.90
58129,96.10,25.00
60133,96.40,25.10
62138,96.70,25.30
64142,96.90,25.40
66146,96.80,25.50
68151,96.90,25.60
70157,96.90,25.70