Time,Humidity,Temperature
3,61.20,25.30
2007,61.30,25.30
4011,61.30,25.30
6014,61.20,25.30
8018,61.30,25.30
10022,61.50,25.30
12027,77.30,26.10
14033,87.90,26.60
16037,93.40,27.00
18041,99.40,27.30
20045,99.90,27.70
22049,99.90,28.00
24053,99.90,28.20
26059,99.90,28.40
28064,99.90,28.60
30068,99.90,28.80
32072,99.90,28.90
34076,99.90,29.10
36080,99.90,29.20
38084,99.90,29.30
40089,99.90,29.40
42095,99.90,29.50
44099,99.90,29.60
46103,99.90,29.70
48107,99.90,29.70
50111,99.90,29.70
52115,99.90,29.80
54121,99.90,29.80
56125,99.90,30.00
58129,99.90,30.00
60133,99.90,30.10
62137,99.90,30.20
64143,99.90,30.20
66147,99.90,30.20
68151,99.90,30.20
70155,99.90,30.20