Time,Humidity,Temperature
3,44.60,22.00
2007,44.80,22.00
4011,44.80,22.00
6014,44.70,22.00
8018,44.80,22.00
10022,44.90,22.00
12026,45.00,22.00
14031,57.70,22.50
16037,71.50,23.10
18042,81.20,23.60
20046,89.30,23.90
22050,96.50,24.20
24055,99.90,24.50
26059,99.90,24.80
28063,99.90,25.00
30068,99.90,25.20
32072,99.90,25.40
34076,99.90,25.60
36082,99.90,25.90
38086,99.90,26.20
40090,99.90,26.40
42094,99.90,26.50
44098,99.90,26.60
46103,99.90,26.60
48107,99.90,26.70
50111,99.90,26.80
52117,99.90,26.90
54121,99.90,27.00
56125,99.90,27.00
58131,99.90,27.00
60135,99.90,27.00
62139,99.90,27.00
64144,99.90,27.10
66148,99.90,27.10
68152,99.90,27.10
70158,99.90,27.10
