Time,Humidity,Temperature
3,60.00,25.40
2008,60.00,25.40
4012,60.00,25.40
6016,60.10,25.40
8019,60.30,25.40
10023,62.50,25.40
12029,75.50,26.00
14033,85.90,26.40
16037,92.00,26.80
18041,97.50,27.10
20045,99.90,27.40
22050,99.90,27.70
24055,99.90,28.00
26061,99.90,28.20
28065,99.90,28.40
30069,99.90,28.60
32073,99.90,28.70
34077,99.90,28.80
36082,99.90,28.90
38088,99.90,29.00
40092,99.90,29.10
42096,99.90,29.20
44100,99.90,29.40
46104,99.90,29.40
48108,99.90,29.50
50113,99.90,29.60
52119,99.90,29.70
54123,99.90,29.70
56127,99.90,29.80
58131,99.90,29.90
60135,99.90,30.00
62141,99.90,30.00
64145,99.90,30.10
66149,99.90,30.10
68153,99.90,30.20
70157,99.90,30.20