Time,Humidity,Temperature
4,55.40,23.40
2009,55.30,23.40
4014,55.30,23.40
6019,55.80,23.40
8024,58.60,23.40
10028,70.00,23.70
12032,79.70,24.10
14035,87.40,24.40
16039,92.50,24.60
18045,97.40,24.90
20049,99.90,25.10
22053,99.90,25.20
24058,99.90,25.40
26062,99.90,25.60
28066,99.90,25.80
30070,99.90,26.00
32076,99.90,26.20
34080,99.90,26.30
36084,99.90,26.40
38088,99.90,26.60
40093,99.90,26.70
42097,99.90,26.80
44101,99.90,26.90
46107,99.90,27.00
48111,99.90,27.20
50115,99.90,27.30
52119,99.90,27.40
54124,99.90,27.50
56128,99.90,27.60
58133,99.90,27.60
60138,99.90,27.70
62143,99.90,27.80
64147,99.90,27.90
66151,99.90,28.00
68155,99.90,28.00
70159,99.90,28.00
