Time,Humidity,Temperature
4,54.30,23.30
2009,54.40,23.30
4013,54.40,23.40
6018,54.50,23.30
8023,54.70,23.40
10029,63.50,23.70
12033,76.30,24.00
14036,86.00,24.40
16040,93.20,24.80
18046,99.20,25.20
20050,99.90,25.60
22054,99.90,25.90
24058,99.90,26.20
26064,99.90,26.60
28068,99.90,26.80
30072,99.90,27.00
32076,99.90,27.20
34081,99.90,27.40
36085,99.90,27.60
38089,99.90,27.70
40093,99.90,27.80
42098,99.90,27.90
44104,99.90,28.00
46109,99.90,28.20
48113,99.90,28.30
50117,99.90,28.40
52121,99.90,28.50
54125,99.90,28.60
56131,99.90,28.70
58136,99.90,28.80
60140,99.90,28.90
62144,99.90,28.90
64148,99.90,29.00
66152,99.90,29.10
68156,99.90,29.10
70162,99.90,29.10
