Time,Humidity,Temperature
4,42.80,21.90
2009,42.80,21.90
4013,42.90,21.90
6017,43.00,21.90
8020,43.00,21.90
10024,43.10,21.90
12029,55.00,22.40
14033,70.10,23.00
16039,80.80,23.50
18043,89.40,23.80
20047,97.30,24.20
22052,99.90,24.50
24056,99.90,24.80
26060,99.90,25.00
28064,99.90,25.20
30069,99.90,25.40
32073,99.90,25.60
34077,99.90,25.80
36081,99.90,26.00
38087,99.90,26.10
40091,99.90,26.30
42095,99.90,26.40
44099,99.90,26.50
46105,99.90,26.60
48109,99.90,26.70
50113,99.90,26.80
52119,99.90,26.90
54123,99.90,27.00
56127,99.90,27.10
58132,99.90,27.10
60136,99.90,27.20
62140,99.90,27.30
64144,99.90,27.40
66149,99.90,27.40
68153,99.90,27.50
70157,99.90,27.60
