Time,Humidity,Temperature
4,60.60,25.70
2008,60.60,25.70
4013,60.50,25.70
6018,60.60,25.80
8023,61.60,25.70
10028,68.10,26.00
12033,81.80,26.70
14038,90.10,27.00
16044,95.20,27.40
18048,99.10,27.60
20051,99.90,27.90
22055,99.90,28.20
24059,99.90,28.40
26065,99.90,28.70
28069,99.90,28.90
30073,99.90,29.10
32077,99.90,29.30
34081,99.90,29.40
36085,99.90,29.50
38090,99.90,29.70
40096,99.90,29.70
42100,99.90,29.80
44104,99.90,29.90
46108,99.90,30.00
48112,99.90,30.10
50118,99.90,30.20
52122,99.90,30.20
54126,99.90,30.30
56130,99.90,30.50
58135,99.90,30.60
60140,99.90,30.70
62144,99.90,30.80
64148,99.90,30.80
66154,99.90,30.80
68159,99.90,30.90
70163,99.90,30.90