Time,Humidity,Temperature
4,54.10,23.10
2009,54.10,23.20
4014,54.20,23.20
6019,54.10,23.20
8023,54.20,23.20
10028,54.50,23.20
12034,68.40,23.80
14038,79.30,24.30
16041,88.50,24.70
18045,96.30,25.20
20050,99.90,25.50
22054,99.90,25.90
24058,99.90,26.10
26063,99.90,26.40
28068,99.90,26.70
30072,99.90,26.90
32076,99.90,27.20
34082,99.90,27.40
36086,99.90,27.50
38090,99.90,27.70
40094,99.90,27.80
42098,99.90,27.90
44103,99.90,28.10
46109,99.90,28.20
48113,99.90,28.30
50117,99.90,28.50
52121,99.90,28.60
54125,99.90,28.70
56130,99.90,28.70
58136,99.90,28.70
60140,99.90,28.80
62144,99.90,28.90
64148,99.90,29.00
66152,99.90,29.00
68156,99.90,29.10
70162,99.90,29.20
