Time,Humidity,Temperature
4,55.90,26.20
2009,55.90,26.20
4014,55.90,26.20
6019,55.80,26.20
8024,56.10,26.20
10029,58.30,26.20
12033,74.90,26.70
14036,84.40,27.10
16040,90.10,27.30
18044,95.80,27.60
20049,99.90,27.80
22055,99.90,28.00
24060,99.90,28.20
26064,99.90,28.30
28068,99.90,28.50
30072,99.90,28.70
32077,99.90,28.80
34082,99.90,29.00
36088,99.90,29.10
38092,99.90,29.20
40096,99.90,29.30
42100,99.90,29.40
44104,99.90,29.50
46108,99.90,29.60
48114,99.90,29.70
50119,99.90,29.70
52123,99.90,29.80
54127,99.90,29.90
56131,99.90,30.00
58137,99.90,30.00
60141,99.90,30.00
62145,99.90,30.10
64149,99.90,30.20
66153,99.90,30.20
68159,99.90,30.30
70163,99.90,30.30