Time,Humidity,Temperature
4,55.20,23.80
2009,55.30,23.80
4014,55.30,23.70
6019,55.30,23.70
8023,55.80,23.70
10027,60.80,23.70
12030,74.80,24.10
14034,84.60,24.50
16040,93.30,24.90
18044,98.30,25.10
20048,99.90,25.40
22053,99.90,25.70
24058,99.90,25.90
26062,99.90,26.10
28066,99.90,26.30
30070,99.90,26.50
32076,99.90,26.70
34080,99.90,26.90
36084,99.90,27.00
38090,99.90,27.20
40094,99.90,27.30
42098,99.90,27.50
44103,99.90,27.60
46107,99.90,27.60
48111,99.90,27.70
50115,99.90,27.80
52119,99.90,27.90
54123,99.90,28.00
56128,99.90,28.10
58134,99.90,28.20
60139,99.90,28.30
62143,99.90,28.40
64147,99.90,28.50
66151,99.90,28.50
68155,99.90,28.50
70160,99.90,28.60
