Time,Humidity,Temperature
3,44.50,21.80
2007,44.50,21.80
4011,44.50,21.80
6014,44.50,21.80
8018,44.60,21.80
10023,45.00,21.80
12029,48.60,21.90
14034,64.20,22.40
16039,74.40,22.70
18043,80.50,22.90
20047,83.70,22.90
22051,86.50,23.10
24055,90.30,23.40
26061,94.70,23.70
28065,99.00,23.90
30069,99.90,24.20
32074,99.90,24.30
34078,99.90,24.60
36082,99.90,24.70
38088,99.90,24.80
40092,99.90,24.90
42096,99.90,25.00
44101,99.90,25.10
46105,99.90,25.10
48109,99.90,25.20
50114,99.90,25.30
52118,99.90,25.50
54122,99.90,25.60
56128,99.90,25.60
58132,99.90,25.80
60136,99.90,25.90
62140,99.90,26.00
64146,99.90,26.10
66150,99.90,26.20
68154,99.90,26.30
70158,99.90,26.40
