Time,Humidity,Temperature
4,58.40,24.00
2008,58.40,24.00
4014,58.40,23.90
6019,58.50,23.90
8023,58.60,23.90
10027,58.70,23.90
12030,63.50,24.10
14035,77.50,24.70
16041,88.20,25.20
18045,97.00,25.70
20049,99.90,26.10
22053,99.90,26.40
24058,99.90,26.80
26062,99.90,27.10
28066,99.90,27.30
30070,99.90,27.60
32076,99.90,27.70
34081,99.90,28.00
36085,99.90,28.10
38089,99.90,28.30
40093,99.90,28.50
42097,99.90,28.60
44101,99.90,28.70
46107,99.90,28.90
48112,99.90,29.00
50116,99.90,29.10
52120,99.90,29.30
54124,99.90,29.40
56128,99.90,29.50
58133,99.90,29.50
60139,99.90,29.50
62143,99.90,29.60
64147,99.90,29.70
66151,99.90,29.80
68155,99.90,29.80
70160,99.90,29.90
