Time,Humidity,Temperature
4,55.40,23.00
2008,55.30,23.00
4013,55.30,23.10
6018,55.30,23.10
8024,55.60,23.10
10029,55.70,23.10
12034,69.00,23.60
14038,81.00,24.10
16041,89.40,24.70
18045,96.70,25.10
20050,99.90,25.50
22054,99.90,25.70
24058,99.90,26.00
26064,99.90,26.20
28068,99.90,26.50
30072,99.90,26.60
32076,99.90,26.70
34081,99.90,26.80
36085,99.90,26.90
38089,99.90,27.10
40095,99.90,27.20
42099,99.90,27.40
44103,99.90,27.60
46108,99.90,27.80
48114,99.90,27.90
50119,99.90,28.00
52123,99.90,28.20
54127,99.90,28.30
56131,99.90,28.40
58135,99.90,28.50
60140,99.90,28.60
62146,99.90,28.70
64150,99.90,28.70
66154,99.90,28.80
68158,99.90,28.80
70162,99.90,28.90
