Time,Humidity,Temperature
3,57.40,23.70
2007,57.30,23.70
4011,57.20,23.70
6014,57.20,23.70
8018,57.20,23.70
10022,57.70,23.70
12027,71.50,24.40
14033,82.20,25.00
16037,89.30,25.50
18041,96.30,26.00
20047,99.90,26.30
22051,99.90,26.60
24055,99.90,26.80
26059,99.90,26.90
28065,99.90,27.10
30069,99.90,27.30
32073,99.90,27.40
34079,99.90,27.60
36083,99.90,27.80
38087,99.90,27.80
40091,99.90,27.90
42095,99.90,28.00
44099,99.90,28.10
46103,99.90,28.20
48108,99.90,28.30
50114,99.90,28.40
52118,99.90,28.40
54122,99.90,28.50
56126,99.90,28.60
58130,99.90,28.60
60136,99.90,28.70
62140,99.90,28.70
64144,99.90,28.70
66148,99.90,28.80
68152,99.90,28.80
70156,99.90,28.80