Time,Humidity,Temperature
4,52.80,24.10
2008,52.80,24.10
4013,52.70,24.10
6017,52.90,24.10
8020,52.90,24.10
10024,55.30,24.20
12028,70.70,24.60
14034,80.20,25.00
16038,87.20,25.50
18042,93.40,25.80
20046,98.60,26.10
22050,99.90,26.30
24056,99.90,26.50
26060,99.90,26.70
28064,99.90,26.90
30069,99.90,27.10
32073,99.90,27.20
34077,99.90,27.40
36081,99.90,27.50
38086,99.90,27.60
40090,99.90,27.70
42094,99.90,27.80
44098,99.90,27.90
46102,99.90,28.00
48106,99.90,28.10
50111,99.90,28.10
52116,99.90,28.20
54122,99.90,28.30
56126,99.90,28.40
58130,99.90,28.40
60134,99.90,28.50
62138,99.90,28.50
64143,99.90,28.50
66149,99.90,28.60
68153,99.90,28.70
70157,99.90,28.70