Time,Humidity,Temperature
3,59.80,25.30
2007,59.80,25.30
4011,59.80,25.30
6014,59.80,25.30
8018,60.10,25.30
10024,65.00,25.50
12029,78.20,26.00
14033,88.10,26.50
16037,94.70,27.00
18041,99.40,27.30
20045,99.90,27.60
22051,99.90,27.90
24056,99.90,28.10
26060,99.90,28.30
28064,99.90,28.40
30068,99.90,28.70
32073,99.90,28.80
34078,99.90,28.90
36084,99.90,29.10
38088,99.90,29.20
40092,99.90,29.40
42096,99.90,29.40
44100,99.90,29.50
46105,99.90,29.60
48111,99.90,29.70
50115,99.90,29.80
52119,99.90,29.90
54123,99.90,30.00
56127,99.90,30.00
58133,99.90,30.10
60137,99.90,30.20
62141,99.90,30.30
64145,99.90,30.40
66149,99.90,30.40
68155,99.90,30.40
70159,99.90,30.40