Time,Humidity,Temperature
4,38.80,22.60
2009,38.80,22.70
4013,38.80,22.70
6018,38.80,22.70
8023,39.00,22.60
10029,39.60,22.60
12034,48.80,22.70
14038,60.70,23.00
16041,67.90,23.30
18045,73.70,23.40
20051,78.20,23.50
22055,81.50,23.70
24059,84.20,23.80
26063,86.90,24.00
28067,88.50,24.30
30072,90.20,24.50
32076,91.10,24.70
34080,91.90,24.90
36085,93.30,25.20
38090,94.60,25.40
40094,95.50,25.60
42098,96.50,25.80
44102,95.90,25.90
46107,95.60,26.10
48113,95.50,26.20
50118,95.20,26.40
52122,94.90,26.50
54126,94.70,26.60
56130,94.60,26.80
58134,93.60,26.90
60138,92.50,27.00
62144,91.80,27.10
64149,91.10,27.20
66153,91.00,27.30
68157,90.90,27.40
70161,90.10,27.40
