Time,Humidity,Temperature
3,38.30,23.80
2007,38.20,23.70
4011,38.20,23.80
6016,38.40,23.70
8020,38.70,23.70
10027,40.10,23.70
12030,43.30,23.80
14034,54.40,23.80
16038,64.10,24.00
18042,70.50,24.10
20046,75.50,24.30
22050,78.90,24.50
24055,82.30,24.60
26061,84.30,24.80
28065,86.50,24.90
30069,87.70,25.00
32073,88.90,25.20
34078,89.50,25.30
36082,90.50,25.50
38086,91.50,25.70
40090,92.00,25.90
42095,92.00,26.00
44100,91.70,26.20
46106,91.90,26.30
48111,92.20,26.40
50115,92.30,26.50
52119,92.00,26.70
54123,91.50,26.80
56127,91.20,26.90
58131,91.30,27.00
60135,91.40,27.10
62139,90.40,27.20
64143,89.50,27.30
66148,88.10,27.40
68153,87.60,27.40
70159,87.50,27.50
