Time,Humidity,Temperature
3,37.50,27.50
2007,37.40,27.50
4011,37.40,27.40
6014,37.40,27.40
8018,37.50,27.40
10022,37.90,27.30
12026,44.90,27.30
14030,56.00,27.30
16034,63.70,27.40
18038,69.10,27.40
20042,74.20,27.40
22046,78.40,27.40
24050,81.60,27.50
26054,83.80,27.60
28059,85.40,27.60
30065,86.80,27.70
32069,88.10,27.80
34073,88.60,27.90
36077,88.20,27.90
38081,88.60,28.00
40085,88.80,28.10
42090,89.70,28.20
44096,90.50,28.30
46101,90.80,28.40
48105,90.80,28.40
50109,90.90,28.50
52113,89.10,28.60
54118,89.40,28.60
56124,89.80,28.70
58129,89.70,28.80
60134,89.80,28.90
62139,90.10,28.90
64143,90.90,29.00
66147,90.90,29.00
68151,90.20,29.10
70155,89.40,29.10