Time,Humidity,Temperature
3,37.50,24.20
2007,37.30,24.20
4011,37.30,24.20
6014,37.60,24.10
8018,38.60,24.10
10022,51.40,24.30
12026,63.30,24.40
14031,71.90,24.60
16035,78.50,24.80
18039,83.40,24.80
20043,86.80,24.90
22047,89.40,25.10
24053,91.10,25.20
26057,92.80,25.30
28061,93.80,25.50
30065,94.60,25.60
32069,94.90,25.70
34075,95.20,25.90
36080,94.80,26.00
38084,94.00,26.10
40088,94.00,26.20
42092,93.70,26.40
44096,93.30,26.50
46100,93.60,26.60
48104,94.00,26.70
50110,93.70,26.80
52114,92.70,26.90
54118,92.40,27.00
56122,92.00,27.10
58126,91.40,27.20
60130,90.30,27.20
62134,89.30,27.30
64139,89.40,27.40
66145,89.30,27.50
68150,89.60,27.60
70155,88.80,27.60
