Time,Humidity,Temperature
4,38.00,26.80
2009,38.10,26.80
4014,38.00,26.80
6019,37.90,26.70
8023,38.00,26.70
10027,38.70,26.60
12030,45.40,26.60
14034,54.80,26.60
16038,61.80,26.60
18042,67.00,26.70
20046,71.60,26.70
22050,75.70,26.70
24055,77.50,26.70
26060,78.60,26.80
28064,79.70,26.90
30069,84.00,27.00
32075,84.90,27.00
34080,85.70,27.10
36084,86.70,27.20
38088,87.30,27.20
40092,89.20,27.40
42096,91.00,27.50
44100,91.90,27.60
46105,92.00,27.60
48111,92.50,27.70
50115,92.40,27.80
52119,92.70,27.80
54123,92.40,27.90
56129,92.50,27.90
58133,92.50,28.00
60137,92.50,28.00
62141,92.30,28.10
64145,91.80,28.10
66151,90.70,28.20
68156,90.60,28.20
70160,91.00,28.30