Time,Humidity,Temperature
4,54.70,25.20
2009,54.80,25.20
4013,54.80,25.20
6019,54.90,25.20
8024,55.20,25.20
10029,55.50,25.20
12033,55.60,25.20
14036,56.50,25.20
16040,60.80,25.30
18044,72.40,25.60
20048,81.00,26.00
22052,86.20,26.10
24057,90.40,26.20
26062,95.00,26.30
28068,99.60,26.60
30072,99.90,26.80
32076,99.90,26.90
34081,99.90,27.10
36085,99.90,27.40
38089,99.90,27.50
40094,99.90,27.60
42098,99.90,27.60
44102,99.90,27.80
46106,99.90,28.10
48110,99.90,28.20
50114,99.90,28.30
52120,99.90,28.50
54125,99.90,28.80
56129,99.90,28.80
58133,99.90,28.80
60137,99.90,29.00
62141,99.90,29.20
64145,99.90,29.30
66150,99.90,29.20
68156,99.90,29.40
70161,99.90,29.60