Time,Humidity,Temperature
4,38.20,26.40
2009,38.10,26.30
4014,38.00,26.30
6019,38.00,26.20
8024,38.10,26.20
10029,40.80,26.20
12033,47.50,26.20
14036,54.60,26.20
16040,62.80,26.30
18044,68.70,26.30
20048,74.30,26.50
22053,80.00,26.60
24058,84.40,26.80
26063,88.40,26.90
28068,92.20,27.10
30072,95.40,27.20
32076,98.50,27.40
34080,99.90,27.50
36085,99.90,27.60
38089,99.90,27.80
40093,99.90,27.80
42097,99.90,28.00
44101,99.90,28.10
46105,99.90,28.20
48111,99.90,28.30
50115,99.90,28.40
52119,99.90,28.50
54123,99.90,28.60
56127,99.90,28.60
58132,99.90,28.70
60138,99.90,28.70
62142,99.90,28.80
64146,99.90,28.90
66150,99.90,28.90
68154,99.90,29.00
70158,99.90,29.00