Time,Humidity,Temperature
3,39.80,22.90
2007,39.70,23.00
4011,39.70,23.00
6014,39.70,23.00
8018,40.00,23.00
10022,40.50,23.00
12026,43.20,23.00
14031,54.50,23.10
16036,62.60,23.30
18042,70.00,23.60
20046,76.00,23.70
22050,80.90,23.80
24054,84.40,23.90
26060,87.20,24.10
28064,89.10,24.20
30068,90.40,24.30
32072,92.00,24.50
34076,93.30,24.70
36081,94.30,24.90
38085,95.00,25.10
40089,95.50,25.20
42094,94.70,25.30
44098,93.60,25.40
46102,93.10,25.50
48107,93.10,25.70
50112,93.40,25.80
52118,94.20,26.00
54122,95.50,26.20
56126,95.70,26.30
58130,96.50,26.40
60134,96.70,26.60
62138,97.30,26.70
64144,97.50,26.80
66148,97.20,26.90
68152,96.60,27.00
70156,95.10,27.00
