Time,Humidity,Temperature
3,38.00,25.00
2007,38.00,25.00
4011,37.90,25.00
6017,38.00,25.00
8020,38.20,25.00
10024,38.40,25.00
12028,42.50,25.00
14032,49.80,25.00
16037,57.20,25.00
18042,63.70,25.10
20046,69.20,25.10
22050,74.40,25.20
24055,77.90,25.20
26060,79.90,25.30
28064,81.70,25.40
30068,84.30,25.50
32073,85.30,25.60
34078,86.70,25.70
36083,87.50,25.70
38088,87.60,25.80
40094,88.00,25.90
42099,88.00,26.00
44103,88.40,26.10
46107,87.80,26.20
48111,87.70,26.30
50115,88.40,26.40
52119,90.20,26.50
54123,91.30,26.60
56127,92.70,26.70
58133,93.70,26.80
60137,94.00,26.90
62141,94.40,27.00
64145,94.50,27.10
66149,94.30,27.20
68153,93.10,27.20
70158,93.30,27.30