Time,Humidity,Temperature
3,48.70,23.60
2007,48.70,23.50
4011,48.70,23.50
6016,48.70,23.50
8020,48.70,23.40
10024,48.70,23.50
12028,48.70,23.50
14034,50.40,23.50
16039,62.50,23.70
18043,72.00,23.90
20047,76.10,24.00
22051,78.60,24.00
24055,83.40,24.10
26059,88.40,24.40
28065,91.80,24.40
30070,94.60,24.40
32074,97.00,24.50
34078,99.90,24.70
36084,99.90,25.00
38088,99.90,25.10
40092,99.90,25.10
42098,99.90,25.20
44102,99.90,25.40
46106,99.90,25.70
48111,99.90,25.70
50117,99.90,25.80
52121,99.90,25.80
54125,99.90,25.90
56129,99.90,26.20
58135,99.90,26.30
60139,99.90,26.30
62143,99.90,26.30
64147,99.90,26.50
66152,99.90,26.70
68156,99.90,26.70
70160,99.90,26.70
