Time,Humidity,Temperature
4,39.60,23.20
2008,39.50,23.10
4012,39.60,23.10
6016,39.60,23.10
8019,40.00,23.10
10023,40.80,23.10
12027,47.20,23.20
14031,58.00,23.40
16035,65.70,23.40
18039,72.00,23.60
20045,77.20,23.80
22049,81.30,23.80
24053,84.30,24.00
26057,86.90,24.10
28062,88.70,24.30
30066,89.50,24.50
32070,89.70,24.60
34075,89.30,24.70
36079,88.90,24.80
38083,89.80,25.00
40087,90.10,25.10
42092,90.20,25.30
44098,90.60,25.40
46102,89.80,25.50
48106,89.90,25.70
50110,90.50,25.80
52114,90.60,26.00
54118,90.50,26.10
56122,90.10,26.20
58126,90.40,26.40
60130,90.50,26.60
62134,90.60,26.70
64138,90.40,26.80
66142,90.00,26.90
68146,89.80,27.00
70150,90.60,27.10
