Time,Humidity,Temperature
3,48.60,23.80
2007,48.60,23.70
4011,48.60,23.70
6014,48.70,23.70
8020,48.70,23.60
10024,48.60,23.70
12028,48.60,23.70
14032,48.90,23.70
16038,49.40,23.70
18042,57.20,23.70
20046,67.30,23.90
22050,74.50,24.00
24054,80.00,24.10
26058,83.50,24.10
28064,86.30,24.10
30068,90.20,24.30
32072,93.80,24.50
34076,96.70,24.50
36082,98.50,24.60
38086,99.70,24.60
40090,99.90,24.70
42095,99.90,24.90
44099,99.90,25.00
46103,99.90,25.10
48108,99.90,25.00
50112,99.90,25.20
52116,99.90,25.40
54121,99.90,25.50
56125,99.90,25.50
58130,99.90,25.50
60134,99.90,25.70
62138,99.90,25.80
64142,99.90,25.90
66147,99.90,25.90
68151,99.90,25.90
70155,99.90,26.10
