Time,Humidity,Temperature
3,55.80,25.30
2007,55.80,25.30
4011,55.80,25.30
6014,55.80,25.30
8018,55.80,25.30
10024,55.80,25.30
12028,55.80,25.30
14032,56.30,25.30
16036,57.00,25.30
18041,58.70,25.30
20046,71.20,25.80
22051,81.60,26.40
24056,86.40,26.60
26062,89.10,26.60
28067,91.20,26.60
30071,96.30,27.00
32075,99.90,27.60
34079,99.90,27.80
36084,99.90,27.70
38089,99.90,27.90
40095,99.90,28.40
42099,99.90,28.80
44103,99.90,28.70
46107,99.90,28.80
48111,99.90,29.20
50116,99.90,29.50
52122,99.90,29.40
54127,99.60,29.30
56131,99.90,29.60
58135,99.90,30.20
60139,99.90,30.30
62145,99.90,30.20
64149,99.90,30.30
66153,99.90,30.70
68157,99.90,30.90
70161,99.90,30.70