Time,Humidity,Temperature
3,55.40,25.10
2007,55.40,25.10
4011,55.50,25.10
6014,55.50,25.10
8018,55.50,25.10
10022,55.70,25.10
12027,56.30,25.10
14033,60.30,25.10
16037,60.80,25.10
18041,61.60,25.10
20045,69.30,25.30
22050,79.00,25.70
24055,85.10,26.00
26060,85.20,26.00
28065,86.70,26.10
30071,91.80,26.40
32076,96.30,26.80
34081,93.60,26.80
36085,93.60,26.80
38089,97.20,27.10
40093,99.90,27.60
42098,99.90,27.70
44103,98.90,27.60
46107,99.90,27.90
48111,99.90,28.30
50115,99.90,28.50
52119,99.70,28.40
54124,99.90,28.60
56130,99.90,29.10
58134,99.90,29.00
60138,99.10,29.00
62142,99.90,29.10
64146,99.90,29.50
66151,99.90,29.80
68157,99.90,29.60
70161,98.30,29.50