Time,Humidity,Temperature
4,53.80,25.80
2008,53.90,25.80
4013,53.80,25.80
6018,53.90,25.80
8022,54.00,25.80
10025,54.20,25.70
12029,54.50,25.80
14033,55.50,25.70
16037,56.90,25.70
18041,57.90,25.80
20045,66.80,26.00
22049,79.80,26.60
24053,89.50,27.10
26057,94.20,27.10
28062,96.90,27.10
30067,99.90,27.50
32071,99.90,28.00
34075,99.90,28.10
36079,99.90,28.00
38083,99.90,28.20
40088,99.90,28.60
42094,99.90,28.80
44098,99.90,28.60
46102,99.90,28.70
48106,99.90,29.10
50110,99.90,29.40
52115,99.90,29.30
54120,99.90,29.30
56126,99.90,29.70
58130,99.90,30.00
60134,99.90,30.10
62138,99.90,30.00
64142,99.90,30.10
66148,99.90,30.40
68152,99.90,30.40
70156,99.90,30.30