Time,Humidity,Temperature
4,40.20,22.40
2009,40.20,22.30
4014,40.20,22.40
6018,40.20,22.40
8022,40.20,22.30
10025,40.40,22.40
12029,45.30,22.50
14033,59.30,22.80
16037,69.20,23.10
18042,77.10,23.40
20048,84.10,23.60
22052,90.10,23.80
24056,95.00,24.10
26060,99.00,24.30
28065,99.90,24.50
30069,99.90,24.70
32073,99.90,24.90
34078,99.90,25.20
36082,99.90,25.40
38086,99.90,25.60
40092,99.90,25.70
42096,99.90,25.80
44100,99.90,25.90
46104,99.90,26.10
48108,99.90,26.20
50114,99.90,26.30
52118,99.90,26.50
54122,99.90,26.60
56127,99.90,26.70
58131,99.90,26.80
60135,99.90,26.90
62139,99.90,27.00
64144,99.90,27.10
66148,99.90,27.20
68152,99.60,27.30
70156,98.00,27.40
