Time,Humidity,Temperature
3,37.50,25.70
2008,37.50,25.60
4013,37.60,25.60
6017,38.80,25.60
8022,42.20,25.60
10027,46.40,25.60
12030,52.90,25.60
14034,61.00,25.70
16038,67.70,25.80
18042,73.40,25.90
20046,77.60,26.00
22050,80.80,26.20
24054,83.20,26.30
26058,85.00,26.40
28062,86.80,26.50
30066,88.90,26.70
32070,90.90,26.80
34075,92.80,26.90
36081,93.30,27.00
38085,93.10,27.10
40089,93.10,27.30
42093,92.60,27.40
44097,92.80,27.50
46101,93.10,27.50
48107,93.30,27.60
50112,93.60,27.80
52116,94.30,27.80
54120,94.90,27.90
56124,95.40,28.00
58128,95.10,28.10
60134,94.80,28.20
62138,94.10,28.20
64142,94.20,28.30
66146,93.70,28.30
68151,92.70,28.40
70155,92.40,28.40