Time,Humidity,Temperature
4,37.30,26.50
2008,37.30,26.50
4013,37.40,26.40
6017,37.40,26.40
8020,37.80,26.30
10024,40.30,26.30
12029,52.90,26.40
14033,62.20,26.40
16038,69.70,26.40
18044,75.10,26.50
20049,79.70,26.50
22053,83.00,26.60
24057,85.30,26.60
26061,87.50,26.80
28065,89.80,26.80
30069,92.40,27.00
32073,95.20,27.10
34079,97.10,27.30
36084,98.00,27.30
38088,97.90,27.40
40092,97.50,27.40
42096,97.20,27.50
44101,96.10,27.60
46107,93.50,27.60
48111,94.50,27.70
50115,95.60,27.80
52119,96.60,27.90
54123,97.70,28.00
56129,97.70,28.10
58133,97.20,28.10
60137,96.60,28.20
62141,96.50,28.30
64145,96.70,28.40
66150,96.00,28.40
68155,95.80,28.50
70159,95.50,28.60