Time,Humidity,Temperature
3,38.10,28.30
2007,38.10,28.30
4011,38.10,28.20
6014,38.20,28.30
8020,38.20,28.30
10024,38.30,28.30
12028,38.40,28.20
14032,38.50,28.20
16036,38.70,28.20
18040,43.00,28.60
20044,59.40,29.10
22049,71.30,29.70
24055,79.30,30.20
26060,85.20,30.50
28064,89.20,30.50
30068,91.90,30.60
32072,93.70,30.50
34078,94.30,30.30
36082,94.50,30.30
38086,94.80,30.40
40090,94.80,30.50
42094,94.70,30.50
44100,94.70,30.70
46104,95.80,30.90
48108,96.70,31.00
50112,97.30,31.00
52117,97.60,31.10
54123,97.90,31.10
56127,98.20,31.20
58131,98.30,31.30
60135,98.20,31.30
62139,97.90,31.30
64144,97.70,31.30
66150,97.20,31.30
68155,96.70,31.30
70159,95.00,31.20