Time,Humidity,Temperature
4,41.30,27.30
2009,41.40,27.30
4013,41.50,27.30
6017,41.80,27.30
8020,42.20,27.30
10024,42.70,27.30
12028,43.20,27.30
14032,43.60,27.30
16036,53.50,27.60
18040,65.40,28.00
20044,74.60,28.30
22049,81.00,28.60
24055,85.90,28.80
26060,89.60,29.00
28064,92.30,29.10
30068,94.50,29.30
32072,96.20,29.40
34076,97.60,29.60
36080,98.60,29.70
38085,99.50,29.80
40090,99.90,29.90
42094,99.90,30.10
44098,99.90,30.20
46102,99.90,30.30
48108,99.90,30.40
50112,99.90,30.40
52116,99.90,30.50
54120,99.90,30.40
56124,99.90,30.30
58130,99.90,30.20
60134,99.90,30.00
62138,99.90,30.00
64142,99.90,30.00
66148,99.90,30.00
68152,99.90,30.00
70156,99.90,30.00