Time,Humidity,Temperature
3,51.70,24.20
2007,51.70,24.30
4011,51.70,24.30
6014,51.70,24.30
8018,51.70,24.30
10022,51.70,24.30
12028,51.80,24.30
14033,53.00,24.40
16037,63.80,24.90
18041,73.10,25.60
20045,80.10,26.00
22049,85.60,26.40
24053,89.90,26.80
26057,93.10,27.20
28061,95.40,27.50
30067,97.10,27.70
32071,98.50,28.00
34075,99.60,28.40
36079,99.90,28.70
38083,99.90,28.80
40087,99.90,28.80
42092,99.90,28.90
44097,99.90,28.90
46103,99.90,29.10
48107,99.90,29.30
50111,99.90,29.60
52115,99.90,29.80
54119,99.90,29.80
56124,99.90,29.80
58130,99.90,30.00
60134,99.90,30.20
62138,99.90,30.30
64142,99.90,30.40
66148,99.90,30.40
68152,99.90,30.50
70156,99.90,30.40