Time,Humidity,Temperature
4,40.30,27.70
2009,40.40,27.70
4013,40.50,27.60
6017,40.40,27.70
8020,40.30,27.70
10024,40.30,27.70
12028,40.60,27.70
14032,43.40,27.90
16037,59.00,28.30
18043,71.10,28.90
20048,79.50,29.40
22052,85.50,29.60
24056,89.90,29.90
26060,93.20,30.20
28065,95.50,30.30
30070,97.40,30.40
32075,98.70,30.50
34079,99.60,30.60
36083,99.90,30.70
38087,99.90,30.80
40092,99.90,30.90
42097,99.90,30.80
44101,99.90,30.80
46105,99.90,30.80
48111,99.90,30.80
50115,99.90,30.70
52119,99.90,30.70
54123,99.90,30.70
56129,99.90,30.70
58133,99.90,30.70
60137,99.90,30.70
62141,99.90,30.70
64147,99.50,30.70
66151,99.70,30.80
68155,99.90,30.90
70159,99.90,31.00