Time,Humidity,Temperature
4,35.00,29.60
2008,35.20,29.60
4013,35.30,29.60
6018,35.30,29.60
8023,35.50,29.60
10028,35.60,29.60
12033,35.80,29.60
14039,38.20,29.70
16044,53.10,30.00
18049,64.80,30.10
20052,73.40,30.20
22056,79.60,30.30
24060,84.20,30.40
26064,87.50,30.50
28069,90.00,30.60
30075,92.10,30.70
32080,93.70,30.80
34084,94.90,30.90
36088,95.90,30.90
38094,96.50,30.90
40098,97.10,31.00
42102,97.50,31.10
44106,97.80,31.10
46112,98.00,31.10
48116,97.90,31.10
50120,97.70,31.20
52124,97.20,31.20
54128,96.10,31.20
56132,94.60,31.20
58137,93.30,31.20
60143,91.70,31.20
62148,90.80,31.20
64152,90.10,31.20
66156,90.00,31.20
68160,90.30,31.20
70164,90.20,31.20