Time,Humidity,Temperature
3,38.10,28.40
2007,38.20,28.50
4011,38.40,28.50
6014,39.00,28.50
8018,39.10,28.50
10022,38.90,28.40
12026,39.00,28.40
14030,38.90,28.40
16035,42.10,28.50
18040,56.60,28.90
20046,68.70,29.20
22050,77.10,29.50
24054,83.00,29.60
26058,87.20,29.70
28062,90.30,29.70
30066,92.70,29.90
32072,94.40,29.90
34076,95.60,30.00
36080,96.50,30.00
38084,97.10,30.00
40089,97.40,30.00
42093,97.50,29.90
44098,97.40,29.90
46102,97.30,30.00
48106,97.30,30.10
50112,97.30,30.10
52116,97.50,30.30
54120,97.60,30.30
56124,97.80,30.40
58128,98.10,30.50
60132,98.50,30.60
62136,98.90,30.70
64142,99.30,30.80
66147,99.50,30.80
68151,99.30,30.70
70155,98.20,30.70