Time,Humidity,Temperature
3,40.50,28.60
2007,40.50,28.60
4011,40.00,28.60
6014,39.60,28.60
8018,39.10,28.60
10022,38.50,28.60
12026,38.40,28.60
14030,42.00,28.70
16034,55.00,28.90
18038,64.90,28.90
20042,72.10,29.00
22046,76.60,29.00
24051,78.30,29.00
26056,77.90,29.00
28061,78.00,29.00
30067,77.50,29.00
32072,78.70,29.00
34077,79.40,29.10
36082,80.30,29.10
38086,81.10,29.20
40090,81.20,29.20
42094,81.50,29.20
44098,81.40,29.20
46102,80.50,29.20
48106,78.90,29.30
50112,75.90,29.20
52117,74.20,29.30
54122,76.80,29.30
56126,76.80,29.30
58132,81.40,29.50
60136,85.90,29.60
62140,89.20,29.70
64144,91.70,29.80
66148,93.50,29.90
68154,94.70,29.90
70158,95.40,29.80