Time,Humidity,Temperature
4,38.70,28.60
2009,38.80,28.60
4014,38.90,28.60
6018,39.10,28.60
8022,39.90,28.60
10025,40.20,28.60
12029,41.00,28.60
14034,41.00,28.60
16039,54.80,29.20
18044,67.70,29.60
20050,76.60,29.90
22054,82.50,29.90
24058,86.20,29.80
26062,83.80,29.40
28066,82.50,29.30
30070,84.30,29.40
32075,87.00,29.50
34081,89.30,29.60
36085,91.00,29.60
38089,92.10,29.60
40093,92.40,29.60
42097,93.10,29.70
44101,94.00,29.70
46106,94.60,29.80
48112,95.40,29.80
50116,96.20,29.90
52120,97.30,30.10
54124,98.20,30.30
56129,99.20,30.40
58134,99.70,30.40
60140,99.90,30.40
62144,99.90,30.50
64148,99.90,30.50
66152,99.90,30.40
68156,99.90,30.40
70162,99.90,30.40