Time,Humidity,Temperature
4,40.00,27.90
2009,40.10,27.90
4014,40.20,27.90
6018,40.20,27.90
8022,40.20,27.90
10025,40.20,27.90
12029,43.00,27.90
14034,46.80,28.00
16040,60.20,28.30
18045,70.80,28.50
20049,78.40,28.70
22053,83.90,28.90
24057,88.00,29.00
26061,91.20,29.20
28065,93.50,29.30
30069,95.40,29.50
32075,96.70,29.50
34079,97.80,29.60
36083,98.80,29.70
38087,99.70,29.90
40091,99.90,30.00
42097,99.90,30.00
44101,99.90,30.10
46105,99.90,30.20
48109,99.90,30.40
50113,99.90,30.40
52119,99.90,30.50
54123,99.90,30.50
56127,99.90,30.60
58131,99.90,30.50
60135,99.90,30.50
62141,99.90,30.60
64145,99.90,30.70
66149,99.90,30.70
68153,99.90,30.70
70158,99.90,30.80