Time,Humidity,Temperature
3,38.30,28.20
2007,38.20,28.20
4011,38.20,28.20
6014,38.20,28.20
8018,38.30,28.20
10023,38.40,28.20
12028,38.40,28.20
14033,38.40,28.20
16038,40.00,28.20
18043,52.60,28.50
20049,64.70,28.70
22054,73.80,28.90
24059,80.50,29.20
26063,85.40,29.30
28067,89.00,29.40
30071,91.60,29.50
32077,93.40,29.60
34081,94.70,29.60
36085,95.90,29.70
38089,97.00,29.80
40094,97.80,29.90
42099,98.40,30.00
44105,98.90,30.00
46110,99.40,30.10
48114,99.90,30.30
50118,99.90,30.40
52122,99.90,30.60
54128,99.90,30.60
56132,99.90,30.60
58136,99.90,30.60
60140,99.90,30.60
62146,99.90,30.60
64150,99.90,30.60
66154,99.90,30.60
68158,99.90,30.70
70164,99.90,30.70