Time,Humidity,Temperature
4,40.40,28.20
2008,40.40,28.20
4013,40.40,28.20
6019,40.30,28.20
8024,40.50,28.20
10028,40.70,28.20
12032,40.80,28.20
14035,46.70,28.40
16039,61.20,28.70
18043,71.60,28.90
20048,79.00,29.10
22054,84.50,29.30
24058,88.70,29.40
26062,91.70,29.50
28066,94.30,29.80
30070,96.30,30.00
32076,98.00,30.10
34081,99.20,30.30
36085,99.90,30.30
38089,99.90,30.40
40093,99.90,30.50
42099,99.90,30.60
44103,99.90,30.60
46107,99.90,30.60
48111,99.90,30.70
50117,99.90,30.80
52121,99.90,30.90
54125,99.90,30.90
56129,99.90,31.00
58133,99.90,31.00
60138,99.90,31.00
62144,99.90,31.10
64148,99.90,31.20
66152,99.90,31.20
68156,99.90,31.20
70160,99.90,31.20