Time,Humidity,Temperature
4,37.70,29.40
2008,37.60,29.30
4013,37.60,29.40
6017,37.50,29.30
8020,37.40,29.30
10024,37.30,29.30
12028,37.30,29.30
14033,48.10,29.60
16038,62.00,29.80
18043,72.30,30.00
20049,79.90,30.30
22053,85.30,30.40
24057,89.30,30.60
26061,92.30,30.70
28065,94.50,30.80
30071,96.10,30.90
32075,97.10,31.00
34079,98.10,30.90
36083,98.80,31.00
38087,99.40,31.00
40093,99.90,31.10
42097,99.90,31.10
44101,99.90,31.10
46105,99.90,31.10
48109,99.90,31.10
50115,99.90,31.10
52119,99.90,31.20
54123,99.90,31.20
56127,99.90,31.20
58132,99.90,31.10
60137,99.90,31.10
62141,99.90,31.20
64145,99.90,31.10
66149,99.90,31.10
68155,99.90,31.20
70159,99.90,31.20