Time,Humidity,Temperature
4,38.40,28.10
2008,38.50,28.10
4013,38.60,28.10
6019,38.60,28.10
8024,39.10,28.10
10029,39.20,28.10
12034,39.50,28.10
14038,39.60,28.10
16041,50.30,28.40
18045,63.90,29.00
20049,73.10,29.20
22053,79.20,29.40
24057,83.40,29.50
26061,87.00,29.70
28067,89.70,29.80
30072,91.80,30.00
32076,93.20,30.00
34080,94.30,30.10
36084,95.30,30.10
38090,95.90,30.20
40094,96.10,30.20
42098,95.90,30.20
44103,95.70,30.20
46107,95.30,30.20
48111,95.60,30.40
50115,96.40,30.60
52121,96.70,30.60
54125,96.60,30.60
56129,95.70,30.60
58133,95.20,30.60
60139,94.60,30.70
62143,94.50,30.70
64147,94.00,30.70
66151,92.80,30.70
68155,90.40,30.60
70161,90.90,30.70