Time,Humidity,Temperature
3,41.30,27.80
2007,41.40,27.90
4011,41.50,28.00
6014,41.50,27.90
8018,41.60,27.80
10022,41.60,27.90
12027,41.60,27.90
14032,41.70,27.80
16038,41.90,27.80
18042,41.90,27.80
20046,41.90,27.80
22050,42.00,27.80
24054,44.40,27.90
26059,58.60,28.30
28064,70.00,28.60
30068,77.90,28.80
32072,83.70,29.10
34076,88.10,29.30
36080,91.20,29.40
38084,93.80,29.50
40090,95.80,29.70
42094,97.30,29.80
44098,98.30,29.90
46102,99.10,29.90
48108,99.70,29.90
50112,99.90,29.90
52116,99.90,30.00
54120,99.90,29.90
56126,99.90,29.80
58130,99.60,29.60
60136,98.90,29.50
62140,97.90,29.50
64144,97.60,29.60
66148,97.80,29.70
68153,97.80,29.70
70157,97.60,29.80