Time,Humidity,Temperature
3,41.20,28.30
2007,41.10,28.30
4011,41.10,28.30
6014,41.00,28.30
8018,41.00,28.30
10024,41.00,28.30
12029,41.90,28.30
14033,42.70,28.30
16037,56.30,28.70
18041,68.50,29.00
20045,76.70,29.20
22049,82.80,29.40
24055,87.40,29.50
26060,90.80,29.60
28064,93.50,29.80
30068,95.50,29.90
32072,96.90,29.90
34078,98.00,29.90
36083,98.80,30.00
38087,99.60,30.10
40091,99.90,30.20
42095,99.90,30.30
44100,99.90,30.40
46106,99.90,30.50
48110,99.90,30.60
50114,99.90,30.60
52118,99.90,30.70
54124,99.90,30.70
56128,99.90,30.70
58132,99.90,30.80
60137,99.90,30.80
62141,99.90,30.80
64145,99.90,30.80
66149,99.90,30.90
68153,99.90,30.90
70158,99.90,30.90