Time,Humidity,Temperature
4,24.90,26.60
2008,25.10,26.60
4013,25.00,26.60
6018,25.10,26.50
8023,25.20,26.60
10029,25.50,26.50
12033,25.80,26.50
14039,35.50,26.60
16044,47.20,26.80
18048,57.20,27.00
20051,63.50,27.10
22055,68.60,27.30
24059,71.10,27.40
26064,72.40,27.50
28070,74.20,27.70
30075,74.40,27.80
32079,74.70,27.90
34083,74.70,27.90
36087,74.90,28.10
38091,76.70,28.10
40096,77.30,28.20
42101,77.40,28.30
44106,77.10,28.30
46112,78.60,28.50
48116,78.90,28.50
50120,79.70,28.60
52124,80.70,28.70
54128,80.30,28.70
56133,80.50,28.80
58138,79.60,28.80
60142,79.80,28.90
62147,78.30,28.90
64152,77.70,28.90
66157,77.40,29.00
68162,77.60,29.00
70167,77.10,29.00