Time,Humidity,Temperature
4,39.50,26.00
2008,39.50,26.00
4013,39.30,25.90
6018,39.30,25.90
8023,39.50,25.90
10028,40.00,25.90
12032,40.20,25.90
14036,40.20,25.90
16041,40.10,25.90
18046,40.00,25.80
20051,48.30,26.00
22056,57.10,26.10
24062,63.60,26.40
26067,68.90,26.50
28071,73.00,26.70
30075,75.70,26.80
32079,78.10,26.90
34083,79.90,27.00
36087,80.40,27.10
38092,80.80,27.20
40097,79.80,27.20
42102,79.40,27.30
44107,78.70,27.30
46112,78.30,27.40
48117,77.90,27.40
50122,77.80,27.50
52127,78.00,27.60
54132,78.40,27.60
56136,78.30,27.60
58141,78.70,27.70
60146,78.10,27.70
62151,78.40,27.80
64157,78.70,27.90
66162,78.60,27.90
68166,79.20,27.90
70170,79.00,27.90