Time,Humidity,Temperature
4,27.90,28.40
2009,28.40,28.40
4013,28.70,28.40
6017,28.80,28.40
8020,28.90,28.30
10024,28.80,28.30
12028,28.70,28.30
14032,37.80,28.40
16036,47.60,28.40
18041,55.60,28.50
20046,61.00,28.50
22052,65.20,28.50
24056,68.30,28.60
26060,70.20,28.60
28064,72.60,28.60
30070,73.10,28.60
32074,73.30,28.70
34078,74.40,28.70
36083,73.70,28.70
38088,74.70,28.80
40093,74.20,28.80
42098,74.00,28.80
44103,73.80,28.90
46108,73.20,28.90
48113,73.10,29.00
50118,72.40,29.00
52124,72.60,29.00
54128,72.30,29.00
56132,72.60,29.10
58136,71.70,29.10
60141,72.40,29.10
62147,71.70,29.10
64151,72.00,29.20
66155,71.90,29.20
68159,71.60,29.20
70163,72.00,29.20