Time,Humidity,Temperature
4,39.10,26.60
2009,39.10,26.60
4014,39.10,26.60
6019,39.10,26.60
8024,39.00,26.70
10029,39.10,26.50
12034,39.20,26.50
14039,40.90,26.50
16043,49.20,26.70
18046,56.20,26.80
20050,62.70,26.90
22054,67.40,27.00
24058,70.80,27.10
26062,73.80,27.10
28067,75.40,27.20
30072,77.40,27.30
32077,78.10,27.30
34082,79.40,27.40
36088,79.90,27.50
38093,80.40,27.60
40098,80.20,27.60
42102,80.70,27.60
44106,80.80,27.70
46110,80.30,27.70
48114,80.60,27.70
50118,80.10,27.80
52122,80.50,27.80
54127,79.80,27.80
56133,80.00,27.90
58138,79.20,27.80
60142,79.10,27.90
62146,79.40,27.90
64150,78.90,27.90
66154,78.90,27.90
68158,79.30,28.00
70162,78.90,27.90