Time,Humidity,Temperature
3,26.40,27.40
2008,26.20,27.40
4012,26.40,27.40
6016,26.70,27.40
8019,26.70,27.40
10023,27.10,27.40
12027,32.80,27.40
14031,46.80,27.70
16036,57.30,27.80
18041,64.60,27.90
20047,70.00,28.00
22051,73.50,28.00
24055,76.40,28.10
26059,78.30,28.20
28063,79.10,28.20
30069,79.90,28.30
32073,78.90,28.30
34077,78.60,28.30
36081,78.20,28.30
38085,77.70,28.40
40089,77.90,28.40
42093,77.20,28.50
44097,76.20,28.40
46102,76.40,28.50
48108,75.80,28.50
50113,75.20,28.60
52117,75.60,28.60
54121,75.30,28.70
56125,74.60,28.70
58129,75.00,28.70
60135,74.50,28.70
62140,73.90,28.70
64144,73.50,28.70
66148,74.20,28.80
68152,74.90,28.80
70156,74.30,28.80