Time,Humidity,Temperature
3,29.00,28.80
2008,28.60,28.80
4012,28.50,28.70
6018,28.50,28.70
8022,31.40,28.70
10025,33.40,28.70
12029,36.00,28.70
14033,49.50,29.00
16038,56.40,29.00
18043,62.70,29.00
20048,67.00,29.10
22054,69.50,29.10
24058,71.80,29.10
26062,72.60,29.10
28066,73.50,29.10
30071,74.20,29.20
32076,75.00,29.20
34081,74.10,29.20
36086,72.70,29.20
38090,74.80,29.30
40094,74.80,29.30
42098,74.30,29.30
44102,73.20,29.30
46106,73.40,29.40
48110,74.00,29.40
50115,74.00,29.40
52120,73.70,29.40
54125,74.20,29.40
56131,73.50,29.40
58135,74.50,29.50
60140,73.60,29.40
62144,74.00,29.50
64148,73.10,29.40
66152,73.60,29.50
68156,72.80,29.50
70160,73.40,29.50