Time,Humidity,Temperature
4,24.60,27.70
2009,24.60,27.70
4014,24.50,27.50
6019,24.80,27.60
8024,25.00,27.60
10029,25.20,27.60
12034,25.40,27.60
14039,25.60,27.50
16044,38.40,27.80
18049,50.60,28.00
20054,57.80,28.00
22057,63.30,28.10
24061,67.30,28.10
26065,67.90,28.10
28069,69.50,28.30
30075,71.70,28.40
32079,73.00,28.50
34083,72.40,28.50
36087,72.60,28.70
38092,73.40,28.70
40098,72.60,28.70
42102,72.60,28.80
44106,72.60,28.80
46110,72.20,28.80
48114,72.60,28.90
50119,71.50,28.90
52125,71.90,28.90
54129,72.90,29.00
56133,72.50,29.10
58137,71.90,29.10
60143,72.40,29.20
62147,71.50,29.20
64151,72.20,29.20
66155,71.20,29.20
68159,71.70,29.20
70164,71.40,29.30