Time,Humidity,Temperature
4,39.10,26.70
2009,39.10,26.60
4014,38.90,26.60
6018,38.80,26.60
8023,38.80,26.60
10027,38.60,26.60
12030,38.60,26.60
14034,38.70,26.40
16038,42.10,26.50
18042,55.00,26.90
20046,64.60,27.10
22051,71.70,27.30
24056,76.90,27.40
26061,81.00,27.40
28066,83.90,27.50
30072,85.90,27.60
32077,87.30,27.70
34081,88.00,27.70
36085,88.50,27.80
38089,88.90,27.80
40093,88.90,27.90
42099,88.50,27.90
44103,87.60,27.90
46107,87.80,28.00
48111,87.30,28.10
50115,86.60,28.20
52119,85.30,28.20
54123,85.00,28.20
56127,83.60,28.20
58131,83.40,28.30
60136,82.90,28.30
62142,82.50,28.40
64146,82.50,28.50
66150,81.50,28.50
68154,81.70,28.50
70158,81.20,28.60