Time,Humidity,Temperature
4,26.00,26.50
2008,26.00,26.50
4013,26.00,26.60
6017,26.00,26.50
8020,26.20,26.50
10025,26.40,26.50
12030,26.50,26.50
14035,26.60,26.50
16040,36.80,26.80
18044,48.90,27.00
20048,58.90,27.30
22052,65.90,27.50
24056,69.80,27.50
26060,73.20,27.70
28065,75.90,28.10
30071,77.00,28.10
32076,78.10,28.30
34081,78.00,28.40
36086,78.50,28.50
38090,77.80,28.50
40094,78.30,28.80
42098,79.20,28.90
44102,79.00,28.80
46106,78.00,28.90
48110,77.80,29.00
50114,78.50,29.10
52118,78.00,29.00
54122,78.10,29.10
56126,78.40,29.10
58130,77.70,29.10
60134,77.40,29.10
62138,76.90,29.10
64142,76.70,29.10
66146,76.90,29.00
68150,77.40,29.10
70154,77.50,29.00