Time,Humidity,Temperature
4,38.40,26.70
2008,38.50,26.50
4013,38.50,26.50
6017,38.70,26.60
8020,39.10,26.50
10024,39.30,26.50
12028,39.40,26.60
14032,40.20,26.50
16037,43.30,26.50
18042,51.20,26.60
20046,58.60,26.80
22051,64.60,26.90
24056,68.90,27.00
26062,71.90,27.10
28066,74.40,27.20
30070,76.50,27.30
32074,77.80,27.40
34078,78.30,27.40
36082,78.80,27.50
38086,79.60,27.60
40090,79.40,27.70
42094,78.80,27.70
44098,79.00,27.80
46102,78.90,27.80
48107,78.90,27.90
50112,78.70,27.90
52118,78.70,28.00
54123,78.20,28.00
56128,77.90,28.00
58132,78.20,28.10
60136,78.50,28.20
62140,78.30,28.20
64144,78.40,28.20
66148,78.10,28.10
68152,77.30,28.10
70156,77.40,28.20