Time,Humidity,Temperature
4,34.00,27.40
2008,34.10,27.40
4013,34.20,27.40
6018,34.40,27.40
8024,34.60,27.40
10029,35.00,27.30
12034,40.20,27.50
14038,52.30,27.70
16041,62.10,27.80
18045,69.90,28.00
20049,75.70,28.20
22053,79.90,28.30
24059,83.00,28.40
26063,85.20,28.50
28067,86.60,28.60
30071,87.60,28.70
32075,88.60,28.90
34080,89.20,28.80
36085,89.70,29.00
38090,89.90,29.00
40096,90.20,29.10
42100,90.00,29.10
44104,90.10,29.10
46108,89.70,29.30
48112,89.10,29.20
50116,88.50,29.30
52122,87.90,29.30
54126,88.30,29.40
56130,87.90,29.40
58134,87.60,29.40
60138,87.20,29.50
62144,86.80,29.50
64148,84.70,29.50
66152,83.70,29.50
68156,84.00,29.60
70160,84.30,29.60