Time,Humidity,Temperature
4,38.80,26.40
2008,39.30,26.30
4013,39.60,26.30
6018,40.10,26.20
8023,40.20,26.20
10028,40.10,26.30
12034,40.50,26.20
14038,40.70,26.20
16041,47.30,26.40
18045,55.10,26.60
20049,60.50,26.70
22053,64.60,26.80
24057,68.80,26.90
26061,71.70,27.00
28067,73.50,27.00
30071,74.70,27.10
32075,76.20,27.20
34079,77.40,27.30
36083,77.50,27.30
38087,77.90,27.40
40091,78.50,27.50
42095,78.50,27.50
44099,78.30,27.60
46103,78.80,27.70
48107,78.20,27.70
50111,78.50,27.80
52116,78.50,27.80
54121,78.60,27.80
56126,78.50,27.90
58132,78.70,27.90
60137,79.10,28.00
62141,79.30,28.00
64145,78.50,28.00
66149,79.00,28.00
68153,79.10,28.10
70157,79.90,28.20