Time,Humidity,Temperature
4,27.70,28.10
2008,27.90,28.10
4013,28.00,28.00
6018,28.10,28.00
8023,28.40,28.00
10028,29.50,28.00
12033,38.20,28.10
14039,48.00,28.20
16044,56.20,28.20
18048,61.90,28.30
20051,65.50,28.30
22055,68.00,28.30
24059,70.50,28.30
26065,72.50,28.40
28070,73.70,28.40
30074,74.30,28.50
32078,74.80,28.60
34082,75.20,28.60
36086,75.70,28.60
38090,75.50,28.60
40095,74.70,28.60
42100,76.30,28.70
44104,75.70,28.70
46108,74.10,28.70
48112,74.10,28.70
50117,74.80,28.80
52122,74.10,28.80
54127,74.10,28.80
56132,74.80,28.80
58137,75.30,28.90
60142,74.40,28.90
62147,74.80,28.90
64152,73.60,28.90
66157,73.60,29.00
68162,74.30,29.00
70167,74.00,29.00