Time,Humidity,Temperature
4,25.70,28.30
2008,26.10,28.30
4013,26.50,28.30
6018,26.50,28.30
8023,26.50,28.20
10028,26.90,28.20
12033,32.10,28.20
14039,44.00,28.30
16044,53.10,28.40
18049,59.20,28.50
20052,63.20,28.50
22056,66.00,28.60
24060,67.50,28.60
26064,68.60,28.60
28069,68.80,28.60
30075,69.60,28.60
32079,70.30,28.70
34083,70.70,28.70
36087,70.60,28.70
38092,70.00,28.80
40098,70.10,28.90
42103,70.90,28.90
44107,72.50,28.90
46111,72.80,29.00
48115,73.10,29.00
50119,71.80,29.00
52123,71.60,29.10
54129,72.30,29.10
56133,72.00,29.10
58137,72.20,29.20
60141,72.50,29.20
62145,71.60,29.20
64150,72.00,29.30
66155,73.30,29.40
68161,73.10,29.40
70166,73.60,29.40