Time,Humidity,Temperature
3,31.30,28.30
2007,31.60,28.30
4011,31.70,28.20
6014,31.60,28.20
8018,31.40,28.20
10022,31.30,28.20
12026,31.20,28.10
14030,31.20,28.10
16034,36.70,28.10
18039,45.80,28.20
20044,52.30,28.20
22050,57.10,28.30
24054,60.70,28.30
26058,63.60,28.30
28062,66.20,28.30
30066,67.90,28.40
32072,69.10,28.40
34076,70.00,28.40
36080,70.60,28.50
38084,71.30,28.60
40088,70.70,28.60
42092,71.60,28.60
44098,73.40,28.70
46102,71.80,28.70
48106,71.30,28.70
50110,72.00,28.80
52114,72.20,28.80
54118,74.90,28.90
56123,74.30,28.90
58128,74.40,28.90
60133,74.40,29.00
62138,73.70,29.00
64144,73.00,29.00
66148,72.80,29.10
68152,73.10,29.10
70156,73.40,29.20