Time,Humidity,Temperature
3,37.90,25.80
2007,37.90,25.80
4011,41.50,25.80
6014,51.00,25.80
8018,57.50,25.80
10022,59.20,25.80
12026,59.30,25.70
14030,57.10,25.70
16034,61.30,25.90
18038,66.00,26.10
20042,70.40,26.30
22046,74.40,26.50
24050,77.60,26.60
26054,79.80,26.80
28058,80.60,26.80
30063,81.70,27.00
32069,82.30,27.10
34074,82.40,27.20
36078,81.60,27.20
38083,80.40,27.30
40089,79.90,27.30
42094,80.10,27.40
44098,80.40,27.50
46102,80.60,27.50
48106,80.90,27.60
50110,80.60,27.60
52114,80.80,27.70
54118,81.30,27.70
56122,81.60,27.80
58126,81.30,27.80
60130,81.40,27.90
62136,81.50,27.80
64140,82.00,27.90
66144,81.70,27.90
68148,81.50,28.00
70152,81.60,28.00