Time,Humidity,Temperature
4,27.80,27.30
2008,27.90,27.20
4013,27.90,27.30
6018,28.10,27.20
8023,28.30,27.30
10028,28.40,27.30
12033,28.90,27.20
14038,35.80,27.40
16044,47.80,27.50
18049,53.40,27.40
20052,57.70,27.50
22056,63.30,27.70
24060,68.40,27.60
26064,71.40,27.70
28068,74.30,27.80
30072,76.60,27.80
32077,78.60,27.90
34083,78.60,27.90
36088,78.00,27.90
38093,78.40,28.00
40098,78.80,28.10
42103,78.10,28.10
44107,78.70,28.20
46111,77.90,28.20
48115,77.90,28.30
50119,77.90,28.40
52123,77.20,28.40
54127,77.80,28.50
56131,77.60,28.50
58135,77.90,28.50
60139,78.20,28.60
62143,78.00,28.60
64148,78.00,28.60
66154,78.00,28.70
68158,76.30,28.70
70162,75.70,28.70