Time,Humidity,Temperature
4,27.50,27.80
2008,27.60,27.80
4014,28.30,27.80
6018,28.80,27.80
8023,29.30,27.80
10029,29.50,27.80
12034,29.60,27.80
14038,41.40,27.90
16043,51.60,28.10
18046,58.80,28.20
20050,64.60,28.30
22054,68.40,28.40
24058,71.20,28.50
26062,72.20,28.50
28066,72.20,28.50
30071,73.00,28.60
32075,74.80,28.70
34079,74.50,28.70
36083,74.40,28.70
38087,75.20,28.90
40091,74.80,28.90
42095,75.00,29.00
44100,74.30,28.90
46105,74.00,29.00
48110,74.70,29.10
50116,73.90,29.10
52121,73.90,29.10
54126,73.90,29.10
56131,73.00,29.20
58135,73.90,29.30
60139,73.20,29.30
62143,74.00,29.30
64147,73.00,29.30
66151,73.40,29.40
68155,72.70,29.40
70159,73.20,29.40