Time,Humidity,Temperature
4,25.50,26.60
2008,26.00,26.60
4013,26.90,26.70
6018,33.90,26.80
8024,47.00,27.10
10029,55.30,27.30
12033,61.70,27.50
14036,68.40,27.60
16040,72.20,27.70
18044,75.20,27.70
20048,77.20,27.90
22052,77.80,27.90
24056,78.60,28.00
26060,80.00,28.10
28064,80.30,28.20
30069,79.80,28.20
32075,79.30,28.40
34080,79.10,28.30
36084,77.90,28.30
38088,79.10,28.40
40092,77.50,28.50
42096,77.30,28.50
44100,76.30,28.50
46106,75.10,28.60
48111,74.50,28.60
50115,75.60,28.70
52119,74.30,28.80
54123,74.20,28.80
56127,73.70,28.90
58131,73.00,28.90
60135,73.10,29.00
62139,72.00,29.00
64143,73.00,29.10
66147,72.90,29.10
68152,73.30,29.20
70158,72.60,29.20