Time,Humidity,Temperature
3,38.80,26.00
2008,38.80,25.90
4012,38.80,25.90
6016,38.70,26.00
8019,38.70,25.90
10023,38.90,25.90
12027,39.90,25.80
14031,40.10,25.80
16035,40.40,25.80
18039,50.20,26.10
20043,56.00,26.20
22047,61.80,26.30
24051,67.00,26.40
26056,71.20,26.60
28062,73.50,26.70
30067,75.50,26.80
32072,77.10,27.00
34076,78.70,27.00
36080,80.60,27.20
38084,81.60,27.30
40088,81.70,27.40
42092,82.00,27.50
44096,81.90,27.60
46100,81.60,27.70
48104,81.10,27.80
50108,80.40,27.80
52113,80.50,27.90
54118,80.20,28.00
56124,79.90,28.10
58129,80.00,28.20
60134,80.40,28.20
62139,80.40,28.30
64143,80.60,28.40
66147,80.70,28.40
68151,80.70,28.50
70155,80.60,28.50