Time,Humidity,Temperature
4,38.20,26.50
2009,38.30,26.50
4013,38.30,26.40
6017,38.20,26.40
8020,38.20,26.30
10024,38.20,26.40
12028,38.60,26.30
14032,43.10,26.40
16036,52.20,26.60
18040,59.10,26.60
20044,64.90,26.70
22049,69.40,26.90
24055,73.00,27.00
26059,75.50,27.10
28063,77.70,27.20
30067,77.80,27.20
32071,78.50,27.30
34075,79.20,27.30
36080,80.00,27.40
38085,79.40,27.40
40089,79.10,27.50
42093,78.80,27.50
44097,79.00,27.60
46101,79.00,27.60
48105,78.80,27.60
50109,78.20,27.70
52113,78.10,27.70
54117,78.00,27.80
56121,78.40,27.80
58125,78.70,27.90
60130,78.40,27.90
62135,77.80,27.90
64140,77.40,27.90
66145,77.70,28.00
68150,77.90,28.00
70156,77.90,28.00