Time,Humidity,Temperature
0.0,45.0,26.2
2004.0,45.0,26.1
4008.0,45.1,26.1
6012.0,45.2,26.1
8016.0,45.2,26.1
10020.0,45.2,26.1
12024.0,49.1,26.3
14028.0,57.7,26.6
16032.0,64.6,26.7
18036.0,70.2,26.9
20040.0,75.4,27.1
22044.0,79.4,27.1
24048.0,82.3,27.1
26052.0,85.1,27.3
28056.0,87.0,27.3
30060.0,88.4,27.3
32064.0,89.6,27.4
34068.0,90.0,27.4
36072.0,89.6,27.4
38076.0,89.9,27.4
40080.0,90.4,27.5
42084.0,89.5,27.4
44088.0,88.9,27.4
46092.0,87.1,27.4
48096.0,86.1,27.4
50100.0,86.4,27.4
52104.0,85.7,27.4
54108.0,85.7,27.4
56112.0,86.7,27.6
58116.0,86.6,27.5
60120.0,86.3,27.5
62124.0,88.6,27.8
64128.0,90.4,27.8
66132.0,91.5,27.9
68136.0,92.9,28.1
