Time,Humidity,Temperature
0.0,47.3,25.0
2004.0,47.3,25.0
4008.0,47.3,25.0
6012.0,47.3,25.0
8016.0,47.3,25.0
10020.0,47.5,25.0
12024.0,51.1,25.3
14028.0,60.0,25.8
16032.0,67.0,26.0
18036.0,73.1,26.4
20040.0,78.5,26.9
22044.0,82.6,27.0
24048.0,86.1,27.3
26052.0,89.0,27.6
28056.0,91.1,27.6
30060.0,93.1,28.0
32064.0,94.8,28.2
34068.0,96.0,28.1
36072.0,97.0,28.3
38076.0,97.9,28.4
40080.0,98.5,28.4
42084.0,99.0,28.4
44088.0,99.5,28.6
46092.0,99.8,28.5
48096.0,99.9,28.6
50100.0,99.9,28.6
52104.0,99.9,28.6
54108.0,99.9,28.6
56112.0,99.9,28.6
58116.0,99.9,28.6
60120.0,99.9,28.5
62124.0,99.9,28.5
64128.0,99.9,28.5
66132.0,99.9,28.5
68136.0,99.9,28.5
