Time,Humidity,Temperature
0.0,47.6,24.4
2004.0,47.5,24.4
4008.0,47.4,24.4
6012.0,47.4,24.4
8016.0,47.4,24.4
10020.0,47.4,24.4
12024.0,52.4,24.9
14028.0,60.1,25.4
16032.0,66.7,25.5
18036.0,72.4,25.8
20040.0,77.4,26.2
22044.0,81.2,26.2
24048.0,84.2,26.2
26052.0,86.6,26.3
28056.0,88.4,26.3
30060.0,89.8,26.3
32064.0,91.0,26.3
34068.0,91.8,26.3
36072.0,92.4,26.2
38076.0,92.9,26.3
40080.0,93.1,26.3
42084.0,93.0,26.3
44088.0,93.3,26.4
46092.0,92.7,26.4
48096.0,91.7,26.4
50100.0,91.5,26.4
52104.0,90.2,26.4
54108.0,89.1,26.4
56112.0,89.0,26.4
58116.0,88.0,26.4
60120.0,87.1,26.4
62124.0,87.5,26.5
64128.0,86.6,26.5
66132.0,86.1,26.4
68136.0,86.5,26.5
