Time,Humidity,Temperature
0.0,45.6,25.5
2004.0,45.6,25.5
4008.0,45.7,25.5
6012.0,45.7,25.5
8016.0,45.8,25.5
10020.0,46.0,25.5
12024.0,48.3,25.5
14028.0,53.1,25.6
16032.0,55.0,25.5
18036.0,55.6,25.5
20040.0,60.1,25.7
22044.0,65.5,25.7
24048.0,69.4,25.8
26052.0,73.1,25.9
28056.0,76.7,26.0
30060.0,79.3,26.0
32064.0,81.8,26.1
34068.0,83.8,26.1
36072.0,84.5,26.1
38076.0,85.8,26.2
40080.0,86.5,26.2
42084.0,86.5,26.3
44088.0,88.5,26.5
46092.0,90.2,26.6
48096.0,91.2,26.7
50100.0,92.4,26.9
52104.0,93.3,26.9
54108.0,93.7,26.8
56112.0,94.2,27.0
58116.0,94.6,27.0
60120.0,94.5,26.9
62124.0,94.4,27.0
64128.0,94.7,27.1
66132.0,94.5,27.0
68136.0,94.3,27.1
