Time,Humidity,Temperature
0.0,45.2,25.0
2004.0,45.3,24.9
4008.0,45.3,24.9
6012.0,45.3,24.9
8016.0,45.2,24.9
10020.0,45.2,24.9
12024.0,48.5,25.2
14028.0,58.2,25.7
16032.0,65.9,25.9
18036.0,72.8,26.4
20040.0,78.5,26.7
22044.0,82.7,26.8
24048.0,86.5,27.2
26052.0,89.8,27.6
28056.0,92.0,27.6
30060.0,94.0,27.8
32064.0,96.1,28.2
34068.0,97.4,28.1
36072.0,98.5,28.3
38076.0,99.8,28.5
40080.0,99.9,28.5
42084.0,99.9,28.6
44088.0,99.9,28.6
46092.0,99.9,28.6
48096.0,99.9,28.5
50100.0,99.9,28.6
52104.0,99.9,28.5
54108.0,99.9,28.5
56112.0,99.9,28.6
58116.0,99.9,28.6
60120.0,99.9,28.6
62124.0,99.9,28.7
64128.0,99.9,28.6
66132.0,99.9,28.7
68136.0,99.9,28.8
