Time,Humidity,Temperature
0.0,41.0,25.3
2004.0,40.9,25.3
4008.0,40.9,25.3
6012.0,40.9,25.3
8016.0,40.9,25.3
10020.0,40.8,25.3
12024.0,45.9,25.9
14028.0,58.4,26.6
16032.0,67.0,26.8
18036.0,73.7,27.0
20040.0,79.2,27.3
22044.0,83.3,27.3
24048.0,86.7,27.4
26052.0,89.4,27.5
28056.0,91.5,27.4
30060.0,93.6,27.7
32064.0,95.4,27.9
34068.0,96.7,27.9
36072.0,97.9,28.2
38076.0,99.2,28.4
40080.0,99.9,28.4
42084.0,99.9,28.5
44088.0,99.9,28.6
46092.0,99.9,28.6
48096.0,99.9,28.7
50100.0,99.9,28.8
52104.0,99.9,28.8
54108.0,99.9,28.9
56112.0,99.9,28.9
58116.0,99.9,28.9
60120.0,99.9,29.1
62124.0,99.9,29.2
64128.0,99.9,29.1
66132.0,99.9,29.2
68136.0,99.9,29.2
