Time,Humidity,Temperature
0.0,47.8,25.1
2004.0,47.9,25.1
4008.0,47.9,25.1
6012.0,47.9,25.1
8016.0,47.8,25.1
10020.0,47.9,25.1
12024.0,51.3,25.3
14028.0,59.6,25.6
16032.0,66.4,25.8
18036.0,72.2,26.0
20040.0,77.2,26.2
22044.0,81.0,26.2
24048.0,84.1,26.3
26052.0,86.9,26.5
28056.0,89.0,26.5
30060.0,90.6,26.6
32064.0,92.3,26.7
34068.0,93.4,26.7
36072.0,94.2,26.8
38076.0,95.1,26.9
40080.0,95.7,26.9
42084.0,96.0,26.9
44088.0,96.5,27.0
46092.0,96.6,27.0
48096.0,96.2,27.0
50100.0,96.0,27.1
52104.0,95.5,27.1
54108.0,94.6,27.1
56112.0,93.8,27.1
58116.0,92.3,27.1
60120.0,91.4,27.1
62124.0,92.4,27.2
64128.0,92.3,27.2
66132.0,91.7,27.2
68136.0,91.8,27.2
