Time,Humidity,Temperature
0.0,43.6,24.9
2004.0,43.6,24.9
4008.0,43.7,24.9
6012.0,43.7,24.9
8016.0,43.7,24.9
10020.0,43.7,24.9
12024.0,43.8,24.9
14028.0,51.2,25.4
16032.0,59.8,25.6
18036.0,67.0,25.8
20040.0,73.5,26.3
22044.0,78.4,26.4
24048.0,82.4,26.5
26052.0,86.3,26.9
28056.0,89.2,27.1
30060.0,91.5,27.2
32064.0,93.7,27.6
34068.0,95.5,27.7
36072.0,96.6,27.7
38076.0,97.8,27.9
40080.0,98.7,28.0
42084.0,99.3,27.9
44088.0,99.9,28.0
46092.0,99.9,28.0
48096.0,99.9,27.9
50100.0,99.9,28.0
52104.0,99.9,28.0
54108.0,99.9,28.0
56112.0,99.9,28.0
58116.0,99.9,27.9
60120.0,99.9,27.9
62124.0,99.9,27.9
64128.0,99.9,27.9
66132.0,99.6,27.8
68136.0,98.7,27.8
70140.0,97.8,27.8
