Time,Humidity,Temperature
0.0,42.1,24.9
2004.0,42.1,25.0
4008.0,42.0,24.9
6012.0,41.9,24.9
8016.0,41.9,24.9
10020.0,41.8,25.0
12024.0,42.5,25.0
14028.0,50.9,25.5
16032.0,58.6,25.6
18036.0,65.3,25.7
20040.0,73.2,26.4
22044.0,78.9,26.7
24048.0,83.3,26.8
26052.0,87.5,27.4
28056.0,90.5,27.5
30060.0,92.7,27.5
32064.0,94.9,27.8
34068.0,96.5,27.9
36072.0,97.6,27.9
38076.0,98.8,28.1
40080.0,99.5,28.1
42084.0,99.9,28.1
44088.0,99.9,28.2
46092.0,99.9,28.2
48096.0,99.9,28.1
50100.0,99.9,28.2
52104.0,99.9,28.2
54108.0,99.9,28.1
56112.0,99.9,28.2
58116.0,99.9,28.2
60120.0,99.9,28.1
62124.0,99.9,28.0
64128.0,99.9,28.0
66132.0,99.9,27.9
68136.0,99.9,28.0
