Time,Humidity,Temperature
0.0,45.7,24.9
2004.0,45.9,24.9
4008.0,46.0,24.9
6012.0,46.0,24.8
8016.0,46.1,24.8
10020.0,46.2,24.9
12024.0,47.8,24.9
14028.0,53.5,25.0
16032.0,58.4,25.1
18036.0,62.5,25.1
20040.0,66.8,25.2
22044.0,69.9,25.2
24048.0,72.4,25.3
26052.0,75.4,25.4
28056.0,77.1,25.4
30060.0,78.3,25.4
32064.0,80.2,25.4
34068.0,80.9,25.4
36072.0,80.8,25.4
38076.0,81.3,25.5
40080.0,79.2,25.4
42084.0,77.9,25.5
44088.0,79.1,25.5
46092.0,78.0,25.5
48096.0,80.0,26.1
50100.0,84.5,27.0
52104.0,87.2,27.0
54108.0,89.7,27.4
56112.0,92.0,27.8
58116.0,93.2,27.6
60120.0,94.2,27.6
62124.0,95.6,28.0
64128.0,96.6,28.0
66132.0,97.4,28.0
68136.0,98.3,28.2
