Time,Humidity,Temperature
0.0,42.5,24.9
2004.0,42.5,24.9
4008.0,42.5,24.9
6012.0,42.4,24.9
8016.0,42.4,24.9
10020.0,42.4,24.9
12024.0,43.6,25.0
14028.0,52.3,25.5
16032.0,60.8,25.7
18036.0,67.8,25.9
20040.0,74.2,26.4
22044.0,79.2,26.5
24048.0,83.2,26.7
26052.0,86.6,26.9
28056.0,89.2,26.9
30060.0,91.1,26.9
32064.0,93.0,27.1
34068.0,94.4,27.1
36072.0,95.3,27.0
38076.0,96.2,27.1
40080.0,96.9,27.1
42084.0,97.2,27.0
44088.0,97.9,27.2
46092.0,98.4,27.3
48096.0,98.7,27.3
50100.0,99.1,27.4
52104.0,99.2,27.4
54108.0,99.1,27.4
56112.0,99.1,27.4
58116.0,98.7,27.4
60120.0,97.5,27.4
62124.0,97.3,27.5
64128.0,97.0,27.5
66132.0,96.5,27.7
68136.0,97.6,28.0
