Time,Humidity,Temperature
0.0,47.1,25.8
2004.0,47.1,25.8
4008.0,47.1,25.7
6012.0,47.0,25.7
8016.0,47.0,25.7
10020.0,47.0,25.7
12024.0,50.0,25.8
14028.0,56.7,25.9
16032.0,62.6,26.0
18036.0,69.3,26.5
20040.0,75.2,26.7
22044.0,79.6,26.8
24048.0,83.2,27.0
26052.0,86.6,27.3
28056.0,89.1,27.3
30060.0,91.3,27.5
32064.0,93.3,27.8
34068.0,94.7,27.8
36072.0,96.0,27.9
38076.0,97.4,28.1
40080.0,98.2,28.1
42084.0,98.8,28.2
44088.0,99.5,28.3
46092.0,99.9,28.3
48096.0,99.9,28.1
50100.0,99.9,28.1
52104.0,99.9,28.1
54108.0,99.9,28.0
56112.0,99.9,28.1
58116.0,99.9,28.1
60120.0,99.9,28.1
62124.0,99.9,28.2
64128.0,99.9,28.2
66132.0,99.9,28.1
68136.0,99.9,28.2
