Time,Humidity,Temperature
0.0,43.4,25.0
2004.0,43.4,25.0
4008.0,43.5,25.0
6012.0,43.5,25.0
8016.0,43.6,25.0
10020.0,43.6,25.0
12024.0,45.4,25.1
14028.0,54.6,25.8
16032.0,63.8,26.2
18036.0,70.6,26.4
20040.0,77.0,27.0
22044.0,81.9,27.2
24048.0,85.8,27.4
26052.0,89.1,27.7
28056.0,91.5,27.7
30060.0,93.4,27.8
32064.0,95.2,28.0
34068.0,96.6,28.1
36072.0,97.6,28.1
38076.0,98.8,28.5
40080.0,99.6,28.4
42084.0,99.9,28.5
44088.0,99.9,28.8
46092.0,99.9,28.8
48096.0,99.9,28.8
50100.0,99.9,29.1
52104.0,99.9,29.1
54108.0,99.9,29.1
56112.0,99.9,29.3
58116.0,99.9,29.3
60120.0,99.9,29.3
62124.0,99.9,29.5
64128.0,99.9,29.5
66132.0,99.9,29.4
68136.0,99.9,29.6
