Time,Humidity,Temperature
0.0,44.1,24.7
2004.0,44.1,24.8
4008.0,44.1,24.7
6012.0,44.1,24.8
8016.0,44.1,24.8
10020.0,44.2,24.8
12024.0,50.6,25.4
14028.0,59.6,25.7
16032.0,66.6,25.8
18036.0,73.4,26.3
20040.0,79.1,26.7
22044.0,83.4,26.8
24048.0,87.1,27.1
26052.0,90.1,27.4
28056.0,92.3,27.4
30060.0,94.5,27.7
32064.0,96.0,27.8
34068.0,97.3,27.8
36072.0,98.4,28.1
38076.0,99.3,28.2
40080.0,99.9,28.1
42084.0,99.9,28.3
44088.0,99.9,28.4
46092.0,99.9,28.4
48096.0,99.9,28.5
50100.0,99.9,28.7
52104.0,99.9,28.6
54108.0,99.9,28.7
56112.0,99.9,28.8
58116.0,99.9,28.7
60120.0,99.9,28.7
62124.0,99.9,28.7
64128.0,99.9,28.7
66132.0,99.9,28.8
68136.0,99.9,28.8
