Time,Humidity,Temperature
0.0,43.4,25.6
2004.0,43.4,25.6
4008.0,43.4,25.6
6012.0,43.4,25.6
8016.0,43.4,25.6
10020.0,43.4,25.6
12024.0,44.7,25.6
14028.0,51.0,25.8
16032.0,57.4,25.9
18036.0,62.9,26.0
20040.0,68.3,26.1
22044.0,72.0,26.1
24048.0,74.8,26.1
26052.0,78.2,26.2
28056.0,80.3,26.3
30060.0,81.6,26.3
32064.0,83.4,26.4
34068.0,84.3,26.4
36072.0,83.3,26.3
38076.0,81.5,26.3
40080.0,79.8,26.3
42084.0,78.3,26.3
44088.0,76.5,26.3
46092.0,74.8,26.3
48096.0,73.6,26.3
50100.0,72.6,26.3
52104.0,71.0,26.3
54108.0,69.7,26.4
56112.0,72.9,26.6
58116.0,77.2,26.7
60120.0,80.9,26.9
62124.0,84.6,27.3
64128.0,87.2,27.3
66132.0,89.1,27.4
68136.0,91.0,27.6
