Time,Humidity,Temperature
0.0,45.5,25.7
2004.0,45.5,25.7
4008.0,45.5,25.7
6012.0,45.6,25.7
8016.0,45.6,25.7
10020.0,45.7,25.7
12024.0,48.8,25.8
14028.0,55.1,25.8
16032.0,59.8,25.9
18036.0,64.3,26.0
20040.0,70.7,26.4
22044.0,75.9,26.6
24048.0,79.8,26.7
26052.0,83.5,27.0
28056.0,86.3,27.0
30060.0,88.6,27.1
32064.0,90.8,27.3
34068.0,92.3,27.3
36072.0,93.3,27.3
38076.0,94.4,27.3
40080.0,95.0,27.3
42084.0,95.5,27.3
44088.0,96.3,27.5
46092.0,96.8,27.6
48096.0,97.4,27.7
50100.0,98.1,27.9
52104.0,98.5,27.9
54108.0,98.9,28.1
56112.0,99.7,28.3
58116.0,99.9,28.4
60120.0,99.9,28.5
62124.0,99.9,28.6
64128.0,99.9,28.6
66132.0,99.9,28.7
68136.0,99.9,28.8
