Time,Humidity,Temperature
0.0,46.6,24.9
2004.0,46.6,24.9
4008.0,46.7,24.8
6012.0,46.6,24.8
8016.0,46.6,24.8
10020.0,46.6,24.8
12024.0,46.7,24.9
14028.0,49.7,24.9
16032.0,54.8,25.0
18036.0,58.3,25.0
20040.0,61.9,25.0
22044.0,65.8,25.1
24048.0,67.3,25.1
26052.0,70.4,25.1
28056.0,73.8,25.3
30060.0,75.8,25.2
32064.0,76.9,25.3
34068.0,77.3,25.2
36072.0,76.6,25.3
38076.0,78.8,25.4
40080.0,80.8,25.4
42084.0,80.5,25.4
44088.0,82.0,25.5
46092.0,83.6,25.5
48096.0,83.0,25.5
50100.0,84.5,25.6
52104.0,85.9,25.7
54108.0,84.4,25.6
56112.0,85.1,25.7
58116.0,86.7,25.8
60120.0,86.5,25.8
62124.0,87.7,25.9
64128.0,89.0,26.0
66132.0,88.4,25.9
68136.0,89.6,26.1
70140.0,90.6,26.1
