Time,Humidity,Temperature
0.0,47.3,25.4
2004.0,47.2,25.4
4008.0,47.1,25.4
6012.0,47.1,25.4
8016.0,47.1,25.4
10020.0,47.1,25.4
12024.0,52.9,25.6
14028.0,57.9,25.6
16032.0,60.9,25.6
18036.0,66.3,25.8
20040.0,70.4,25.9
22044.0,72.9,25.9
24048.0,76.0,26.0
26052.0,78.2,26.0
28056.0,78.6,26.0
30060.0,80.1,26.1
32064.0,80.8,26.1
34068.0,79.9,26.1
36072.0,80.2,26.1
38076.0,80.3,26.1
40080.0,78.9,26.1
42084.0,79.4,26.2
44088.0,79.5,26.2
46092.0,78.2,26.2
48096.0,78.1,26.3
50100.0,77.6,26.3
52104.0,76.0,26.3
54108.0,77.0,26.4
56112.0,76.9,26.4
58116.0,75.4,26.4
60120.0,77.0,26.5
62124.0,77.9,26.5
64128.0,76.7,26.5
66132.0,76.4,26.5
68136.0,75.0,26.6
