Time,Humidity,Temperature
0.0,48.0,25.0
2004.0,47.9,25.0
4008.0,47.9,25.0
6012.0,47.9,25.0
8016.0,47.9,25.0
10020.0,47.9,25.0
12024.0,48.7,25.1
14028.0,56.6,25.7
16032.0,64.5,25.9
18036.0,70.6,26.1
20040.0,76.3,26.5
22044.0,80.8,26.7
24048.0,84.2,26.8
26052.0,87.2,27.0
28056.0,89.6,27.0
30060.0,91.3,27.0
32064.0,92.8,27.1
34068.0,94.0,27.1
36072.0,95.0,27.1
38076.0,95.8,27.1
40080.0,96.5,27.2
42084.0,96.9,27.1
44088.0,97.4,27.2
46092.0,97.8,27.2
48096.0,98.0,27.2
50100.0,98.3,27.3
52104.0,98.4,27.3
54108.0,98.5,27.3
56112.0,98.7,27.3
58116.0,98.7,27.3
60120.0,98.5,27.3
62124.0,98.6,27.4
64128.0,98.7,27.4
66132.0,98.6,27.4
68136.0,98.5,27.5
