Time,Humidity,Temperature
0.0,43.8,23.3
2004.0,43.7,23.3
4008.0,43.8,23.3
6012.0,43.9,23.2
8016.0,43.9,23.2
10020.0,43.9,23.2
12024.0,44.0,23.2
14028.0,49.2,23.3
16032.0,54.6,23.3
18036.0,56.5,23.3
20040.0,61.7,23.5
22044.0,67.2,23.6
24048.0,68.6,23.6
26052.0,73.2,23.9
28056.0,77.1,24.1
30060.0,78.5,24.1
32064.0,82.1,24.5
34068.0,84.7,24.6
36072.0,85.4,24.6
38076.0,87.8,24.9
40080.0,89.4,25.0
42084.0,90.1,25.0
44088.0,91.7,25.3
46092.0,92.8,25.4
48096.0,92.8,25.2
50100.0,93.9,25.5
52104.0,94.7,25.6
54108.0,94.5,25.5
56112.0,95.3,25.8
58116.0,95.8,25.9
60120.0,95.6,25.7
62124.0,96.3,26.0
64128.0,96.6,26.0
66132.0,96.1,25.9
68136.0,96.7,26.1
70140.0,96.9,26.1
