Time,Humidity,Temperature
0.0,43.6,23.3
2004.0,43.5,23.3
4008.0,43.5,23.3
6012.0,43.5,23.2
8016.0,43.4,23.2
10020.0,43.3,23.2
12024.0,44.4,23.2
14028.0,49.4,23.2
16032.0,52.8,23.3
18036.0,56.0,23.3
20040.0,60.9,23.4
22044.0,64.2,23.4
24048.0,66.4,23.4
26052.0,68.5,23.5
28056.0,69.4,23.5
30060.0,69.1,23.5
32064.0,69.8,23.5
34068.0,69.5,23.5
36072.0,70.7,23.6
38076.0,74.3,23.8
40080.0,77.2,23.8
42084.0,78.9,23.8
44088.0,80.2,23.9
46092.0,80.1,23.9
48096.0,80.1,23.9
50100.0,80.7,23.9
52104.0,79.4,24.0
54108.0,78.5,24.0
56112.0,79.0,24.0
58116.0,78.2,24.1
60120.0,77.9,24.2
62124.0,79.2,24.2
64128.0,79.2,24.2
66132.0,79.5,24.3
68136.0,81.1,24.4
70140.0,81.0,24.4
