Time,Humidity,Temperature
0.0,46.8,25.1
2004.0,46.8,25.1
4008.0,46.7,25.1
6012.0,46.6,25.1
8016.0,46.6,25.0
10020.0,46.5,25.0
12024.0,49.3,25.1
14028.0,56.5,25.3
16032.0,60.7,25.3
18036.0,66.1,25.4
20040.0,71.3,25.6
22044.0,74.9,25.6
24048.0,78.8,25.7
26052.0,82.1,25.9
28056.0,84.1,25.8
30060.0,86.6,26.0
32064.0,88.6,26.2
34068.0,89.7,26.1
36072.0,91.2,26.2
38076.0,92.5,26.4
40080.0,92.9,26.3
42084.0,93.8,26.5
44088.0,94.7,26.6
46092.0,94.9,26.6
48096.0,95.4,26.7
50100.0,96.0,26.9
52104.0,95.9,26.8
54108.0,96.2,26.9
56112.0,96.7,27.1
58116.0,96.5,27.1
60120.0,96.2,27.1
62124.0,96.5,27.3
64128.0,96.0,27.2
66132.0,95.7,27.3
68136.0,95.9,27.5
70140.0,95.1,27.4
