Time,Humidity,Temperature
0.0,45.3,22.4
2004.0,45.4,22.4
4008.0,45.5,22.4
6012.0,45.6,22.4
8016.0,45.7,22.4
10020.0,45.8,22.4
12024.0,45.8,22.4
14028.0,50.6,22.4
16032.0,56.5,22.5
18036.0,57.7,22.5
20040.0,63.2,22.6
22044.0,68.5,22.7
24048.0,70.7,22.7
26052.0,74.5,22.8
28056.0,78.2,22.9
30060.0,79.9,22.9
32064.0,82.5,23.1
34068.0,84.9,23.2
36072.0,85.8,23.1
38076.0,87.7,23.3
40080.0,89.3,23.5
42084.0,89.8,23.4
44088.0,91.2,23.6
46092.0,92.3,23.8
48096.0,92.6,23.7
50100.0,93.7,23.9
52104.0,94.7,24.1
54108.0,95.1,24.1
56112.0,96.0,24.3
58116.0,96.8,24.5
60120.0,97.1,24.4
62124.0,97.7,24.6
64128.0,98.5,24.8
66132.0,98.5,24.8
68136.0,99.1,24.9
70140.0,99.5,25.0
