Time,Humidity,Temperature
0.0,43.0,25.0
2004.0,43.1,24.9
4008.0,43.1,24.9
6012.0,43.0,24.9
8016.0,43.1,24.9
10020.0,43.4,24.9
12024.0,48.3,24.9
14028.0,55.2,25.0
16032.0,56.0,25.0
18036.0,60.1,25.0
20040.0,66.0,25.2
22044.0,67.6,25.1
24048.0,70.3,25.2
26052.0,74.6,25.3
28056.0,74.4,25.2
30060.0,76.5,25.3
32064.0,79.8,25.4
34068.0,78.7,25.4
36072.0,80.2,25.4
38076.0,83.0,25.5
40080.0,81.7,25.5
42084.0,82.2,25.5
44088.0,84.7,25.6
46092.0,83.5,25.6
48096.0,84.5,25.7
50100.0,86.6,25.8
52104.0,85.2,25.7
54108.0,85.4,25.8
56112.0,87.3,25.9
58116.0,84.7,25.8
60120.0,85.5,25.9
62124.0,87.5,26.0
64128.0,85.4,25.9
66132.0,86.6,26.0
68136.0,88.5,26.1
70140.0,86.4,26.0
