Time,Humidity,Temperature
0.0,49.3,22.7
2004.0,49.4,22.7
4008.0,49.4,22.7
6012.0,49.3,22.7
8016.0,49.3,22.7
10020.0,49.2,22.7
12024.0,49.3,22.8
14028.0,53.9,22.8
16032.0,56.7,22.9
18036.0,58.5,22.9
20040.0,62.7,23.0
22044.0,66.1,23.0
24048.0,67.2,23.1
26052.0,70.4,23.2
28056.0,72.3,23.2
30060.0,72.9,23.3
32064.0,75.5,23.4
34068.0,77.2,23.5
36072.0,76.3,23.5
38076.0,78.3,23.6
40080.0,78.4,23.6
42084.0,77.5,23.7
44088.0,79.3,23.8
46092.0,79.6,23.9
48096.0,78.8,23.9
50100.0,80.5,24.0
52104.0,79.9,24.1
54108.0,79.1,24.1
56112.0,80.7,24.3
58116.0,79.8,24.2
60120.0,78.9,24.3
62124.0,80.8,24.5
64128.0,80.1,24.5
66132.0,79.0,24.5
68136.0,81.0,24.7
70140.0,81.1,24.7
