Time,Humidity,Temperature
0.0,44.1,23.3
2004.0,44.0,23.3
4008.0,44.0,23.3
6012.0,44.1,23.2
8016.0,44.9,23.2
10020.0,49.2,23.3
12024.0,55.6,23.4
14028.0,63.6,23.7
16032.0,69.4,23.8
18036.0,73.7,23.8
20040.0,78.1,24.2
22044.0,81.6,24.3
24048.0,84.0,24.2
26052.0,86.8,24.5
28056.0,88.9,24.6
30060.0,90.2,24.5
32064.0,91.9,24.8
34068.0,93.3,24.9
36072.0,93.9,24.8
38076.0,95.1,25.0
40080.0,96.0,25.1
42084.0,96.4,25.1
44088.0,97.2,25.3
46092.0,97.8,25.4
48096.0,98.0,25.3
50100.0,98.4,25.3
52104.0,98.6,25.3
54108.0,98.7,25.3
56112.0,99.0,25.4
58116.0,99.1,25.4
60120.0,99.1,25.4
62124.0,99.3,25.5
64128.0,99.4,25.5
66132.0,99.4,25.5
68136.0,99.5,25.6
70140.0,99.5,25.7
