Time,Humidity,Temperature
0.0,46.2,24.7
2004.0,46.2,24.7
4008.0,46.2,24.7
6012.0,46.1,24.7
8016.0,46.2,24.7
10020.0,46.5,24.7
12024.0,51.2,24.9
14028.0,59.0,25.3
16032.0,64.0,25.3
18036.0,69.0,25.6
20040.0,74.0,25.9
22044.0,77.1,25.9
24048.0,80.0,25.9
26052.0,83.1,26.1
28056.0,84.1,26.0
30060.0,85.9,26.2
32064.0,87.9,26.4
34068.0,87.5,26.3
36072.0,88.4,26.4
38076.0,89.9,26.6
40080.0,89.0,26.5
42084.0,89.3,26.6
44088.0,90.6,26.8
46092.0,88.0,26.6
48096.0,88.5,26.8
50100.0,90.0,27.0
52104.0,88.0,26.8
54108.0,88.7,27.0
56112.0,90.1,27.1
58116.0,87.9,27.0
60120.0,88.8,27.2
62124.0,90.1,27.3
64128.0,87.5,27.2
66132.0,88.4,27.4
68136.0,89.8,27.5
70140.0,87.4,27.4
