Time,Humidity,Temperature
0.0,48.3,23.8
2004.0,48.3,23.8
4008.0,48.3,23.8
6012.0,48.2,23.8
8016.0,48.3,23.8
10020.0,48.2,23.8
12024.0,49.5,23.8
14028.0,54.5,23.9
16032.0,61.0,24.2
18036.0,65.9,24.2
20040.0,71.2,24.5
22044.0,75.6,24.6
24048.0,78.7,24.6
26052.0,82.2,24.9
28056.0,84.9,25.0
30060.0,86.9,25.1
32064.0,89.0,25.3
34068.0,90.6,25.4
36072.0,91.7,25.4
38076.0,93.1,25.7
40080.0,94.2,25.7
42084.0,94.8,25.7
44088.0,95.8,25.9
46092.0,96.4,26.0
48096.0,96.7,26.0
50100.0,97.6,26.2
52104.0,98.0,26.3
54108.0,97.9,26.2
56112.0,98.5,26.4
58116.0,98.9,26.5
60120.0,98.8,26.4
62124.0,99.2,26.6
64128.0,99.5,26.7
66132.0,99.3,26.6
68136.0,99.6,26.7
70140.0,99.8,26.8
