Time,Humidity,Temperature
0.0,44.6,23.4
2004.0,44.5,23.4
4008.0,44.6,23.4
6012.0,44.5,23.4
8016.0,44.4,23.4
10020.0,44.5,23.4
12024.0,45.7,23.4
14028.0,52.9,23.5
16032.0,60.1,23.7
18036.0,63.1,23.7
20040.0,68.2,23.8
22044.0,73.0,24.0
24048.0,75.4,23.9
26052.0,79.0,24.0
28056.0,81.5,24.1
30060.0,81.5,24.0
32064.0,83.9,24.1
34068.0,86.0,24.3
36072.0,86.1,24.2
38076.0,87.8,24.3
40080.0,89.2,24.4
42084.0,88.7,24.3
44088.0,90.2,24.5
46092.0,91.0,24.6
48096.0,90.1,24.5
50100.0,91.4,24.7
52104.0,92.2,24.8
54108.0,91.2,24.6
56112.0,92.1,24.8
58116.0,92.7,24.8
60120.0,90.9,24.8
62124.0,92.0,25.0
64128.0,92.5,25.0
66132.0,90.6,24.9
68136.0,91.8,25.1
70140.0,91.9,25.1
