Time,Humidity,Temperature
0.0,46.4,24.2
2004.0,46.4,24.2
4008.0,46.5,24.2
6012.0,46.5,24.2
8016.0,46.5,24.2
10020.0,46.4,24.2
12024.0,51.2,24.4
14028.0,59.3,24.6
16032.0,64.9,24.7
18036.0,70.4,24.8
20040.0,75.6,25.1
22044.0,78.9,25.1
24048.0,82.3,25.2
26052.0,85.3,25.4
28056.0,87.0,25.3
30060.0,88.9,25.5
32064.0,90.6,25.6
34068.0,91.3,25.5
36072.0,92.5,25.6
38076.0,93.6,25.8
40080.0,94.1,25.7
42084.0,94.8,25.8
44088.0,95.7,26.0
46092.0,95.8,25.9
48096.0,96.5,26.0
50100.0,97.1,26.2
52104.0,97.0,26.1
54108.0,97.3,26.1
56112.0,97.8,26.3
58116.0,97.7,26.2
60120.0,98.0,26.4
62124.0,98.3,26.5
64128.0,98.1,26.4
66132.0,98.3,26.5
68136.0,98.6,26.6
70140.0,98.2,26.5
