Time,Humidity,Temperature
0.0,46.5,23.2
2004.0,46.5,23.2
4008.0,46.6,23.2
6012.0,46.7,23.2
8016.0,46.7,23.2
10020.0,46.8,23.2
12024.0,51.5,23.3
14028.0,57.6,23.5
16032.0,61.0,23.5
18036.0,65.7,23.6
20040.0,70.3,23.8
22044.0,72.4,23.7
24048.0,75.3,23.8
26052.0,78.1,23.9
28056.0,78.4,23.9
30060.0,80.5,24.0
32064.0,82.6,24.1
34068.0,82.0,24.1
36072.0,83.5,24.2
38076.0,85.2,24.3
40080.0,84.6,24.3
42084.0,85.5,24.4
44088.0,86.6,24.5
46092.0,85.2,24.4
48096.0,86.3,24.6
50100.0,87.2,24.7
52104.0,85.2,24.6
54108.0,86.2,24.8
56112.0,87.4,24.8
58116.0,85.5,24.8
60120.0,86.1,24.9
62124.0,87.3,25.0
64128.0,85.6,25.0
66132.0,86.5,25.1
68136.0,87.6,25.2
70140.0,85.4,25.2
