Time,Humidity,Temperature
0.0,49.4,22.3
2004.0,49.4,22.4
4008.0,49.5,22.3
6012.0,49.5,22.3
8016.0,49.6,22.3
10020.0,49.7,22.3
12024.0,50.3,22.3
14028.0,55.4,22.6
16032.0,59.9,22.7
18036.0,62.3,22.8
20040.0,67.1,23.1
22044.0,71.0,23.2
24048.0,72.5,23.2
26052.0,75.7,23.4
28056.0,78.7,23.6
30060.0,79.8,23.6
32064.0,82.0,23.8
34068.0,83.8,23.8
36072.0,84.3,23.9
38076.0,86.1,24.1
40080.0,87.0,24.1
42084.0,86.6,24.1
44088.0,87.9,24.4
46092.0,88.2,24.4
48096.0,87.2,24.4
50100.0,88.5,24.6
52104.0,89.1,24.6
54108.0,88.5,24.7
56112.0,89.6,24.8
58116.0,90.1,24.9
60120.0,88.5,24.8
62124.0,89.3,25.0
64128.0,89.5,25.0
66132.0,87.8,25.0
68136.0,88.9,25.2
70140.0,89.1,25.2
