Time,Humidity,Temperature
0.0,44.7,23.6
2004.0,44.6,23.6
4008.0,44.7,23.6
6012.0,44.8,23.6
8016.0,44.9,23.5
10020.0,44.9,23.5
12024.0,48.5,23.6
14028.0,56.3,23.7
16032.0,60.8,23.7
18036.0,65.3,23.8
20040.0,70.4,23.9
22044.0,72.6,23.9
24048.0,75.0,23.9
26052.0,79.2,24.1
28056.0,81.3,24.1
30060.0,83.2,24.1
32064.0,85.8,24.3
34068.0,87.0,24.3
36072.0,88.2,24.4
38076.0,90.0,24.5
40080.0,90.3,24.5
42084.0,90.7,24.5
44088.0,92.1,24.7
46092.0,92.0,24.6
48096.0,92.4,24.7
50100.0,93.5,24.9
52104.0,93.6,24.8
54108.0,93.6,24.8
56112.0,94.7,25.0
58116.0,94.9,25.0
60120.0,95.4,25.1
62124.0,96.3,25.2
64128.0,96.4,25.2
66132.0,96.9,25.3
68136.0,97.6,25.5
70140.0,97.7,25.4
