Time,Humidity,Temperature
0.0,44.9,24.1
2004.0,44.9,24.1
4008.0,45.0,24.1
6012.0,45.2,24.1
8016.0,45.4,24.1
10020.0,45.5,24.1
12024.0,51.7,24.5
14028.0,62.1,25.2
16032.0,69.6,25.4
18036.0,75.8,25.9
20040.0,80.9,26.2
22044.0,84.8,26.3
24048.0,88.0,26.5
26052.0,90.6,26.6
28056.0,92.6,26.5
30060.0,94.4,26.8
32064.0,96.0,26.9
34068.0,97.0,26.8
36072.0,98.2,27.1
38076.0,99.2,27.3
40080.0,99.9,27.3
42084.0,99.9,27.5
44088.0,99.9,27.5
46092.0,99.9,27.5
48096.0,99.9,27.6
50100.0,99.9,27.6
52104.0,99.9,27.6
54108.0,99.9,27.7
56112.0,99.9,27.7
58116.0,99.9,27.6
60120.0,99.9,27.7
62124.0,99.9,27.9
64128.0,99.9,27.8
66132.0,99.9,27.9
68136.0,99.9,27.9
