Time,Humidity,Temperature
0.0,41.3,24.5
2004.0,41.2,24.5
4008.0,41.3,24.5
6012.0,41.3,24.5
8016.0,41.4,24.5
10020.0,41.6,24.5
12024.0,41.9,24.5
14028.0,46.6,24.7
16032.0,52.8,24.8
18036.0,59.2,25.0
20040.0,67.9,25.7
22044.0,73.9,26.0
24048.0,78.5,26.2
26052.0,82.7,26.6
28056.0,86.0,26.7
30060.0,88.6,26.7
32064.0,90.7,26.8
34068.0,92.5,26.8
36072.0,93.8,26.9
38076.0,95.2,27.2
40080.0,96.2,27.2
42084.0,96.9,27.2
44088.0,97.5,27.3
46092.0,97.9,27.2
48096.0,98.2,27.2
50100.0,98.5,27.3
52104.0,98.8,27.3
54108.0,98.7,27.3
56112.0,98.9,27.4
58116.0,99.0,27.4
60120.0,98.7,27.3
62124.0,98.7,27.4
64128.0,98.5,27.4
66132.0,97.9,27.4
68136.0,97.7,27.5
