Time,Humidity,Temperature
0.0,42.8,24.7
2004.0,42.8,24.7
4008.0,42.8,24.7
6012.0,42.9,24.7
8016.0,42.9,24.7
10020.0,43.0,24.7
12024.0,48.3,25.1
14028.0,57.6,25.5
16032.0,65.1,25.6
18036.0,72.6,26.3
20040.0,78.6,26.9
22044.0,82.9,26.9
24048.0,86.5,27.1
26052.0,89.3,27.3
28056.0,91.4,27.2
30060.0,93.3,27.4
32064.0,94.9,27.5
34068.0,95.9,27.5
36072.0,96.8,27.5
38076.0,97.6,27.5
40080.0,98.0,27.5
42084.0,98.5,27.5
44088.0,99.1,27.7
46092.0,99.2,27.7
48096.0,99.6,27.8
50100.0,99.8,27.9
52104.0,99.7,27.8
54108.0,99.6,27.8
56112.0,99.3,27.8
58116.0,98.6,27.8
60120.0,97.7,27.8
62124.0,97.1,27.8
64128.0,95.9,27.8
66132.0,94.6,27.8
68136.0,94.8,27.9
