Time,Humidity,Temperature
0.0,42.4,25.6
2004.0,42.4,25.6
4008.0,42.5,25.6
6012.0,42.4,25.6
8016.0,42.4,25.6
10020.0,42.5,25.6
12024.0,42.6,25.6
14028.0,49.4,26.0
16032.0,57.8,26.2
18036.0,64.3,26.3
20040.0,71.0,26.7
22044.0,76.4,26.9
24048.0,80.5,26.9
26052.0,84.0,27.1
28056.0,86.6,27.0
30060.0,88.5,27.0
32064.0,90.1,27.0
34068.0,91.4,27.1
36072.0,91.9,27.0
38076.0,92.6,27.1
40080.0,92.9,27.1
42084.0,91.6,27.0
44088.0,91.9,27.1
46092.0,91.7,27.1
48096.0,88.0,27.1
50100.0,89.7,27.2
52104.0,91.0,27.3
54108.0,90.6,27.3
56112.0,91.5,27.4
58116.0,92.2,27.4
60120.0,90.6,27.4
62124.0,91.5,27.5
64128.0,91.3,27.6
66132.0,90.1,27.6
68136.0,92.7,28.0
70140.0,93.9,28.1
