Time,Humidity,Temperature
0.0,42.6,25.4
2004.0,42.6,25.4
4008.0,42.6,25.3
6012.0,42.6,25.3
8016.0,42.6,25.4
10020.0,42.5,25.3
12024.0,44.5,25.4
14028.0,52.1,25.6
16032.0,58.9,25.7
18036.0,64.7,25.8
20040.0,70.4,26.0
22044.0,74.5,26.1
24048.0,77.4,26.1
26052.0,79.1,26.0
28056.0,81.4,26.1
30060.0,83.2,26.2
32064.0,86.3,26.5
34068.0,88.4,26.6
36072.0,90.2,26.7
38076.0,92.1,27.0
40080.0,93.5,27.1
42084.0,94.5,27.1
44088.0,95.5,27.2
46092.0,96.3,27.2
48096.0,96.8,27.2
50100.0,97.3,27.3
52104.0,97.7,27.3
54108.0,97.8,27.3
56112.0,98.0,27.4
58116.0,98.0,27.4
60120.0,97.7,27.4
62124.0,97.6,27.6
64128.0,97.4,27.6
66132.0,96.6,27.6
68136.0,97.0,27.7
