Time,Humidity,Temperature
0.0,42.1,25.4
2004.0,42.0,25.4
4008.0,42.1,25.4
6012.0,42.0,25.4
8016.0,42.0,25.4
10020.0,41.9,25.4
12024.0,46.2,25.5
14028.0,53.7,25.6
16032.0,59.0,25.7
18036.0,65.2,26.1
20040.0,72.6,26.6
22044.0,77.6,26.7
24048.0,82.0,27.0
26052.0,85.7,27.3
28056.0,88.4,27.3
30060.0,90.7,27.4
32064.0,92.5,27.4
34068.0,93.8,27.4
36072.0,95.0,27.5
38076.0,96.0,27.6
40080.0,96.8,27.6
42084.0,97.4,27.6
44088.0,98.1,27.7
46092.0,98.6,27.8
48096.0,98.9,27.8
50100.0,99.4,27.9
52104.0,99.5,27.9
54108.0,99.6,27.9
56112.0,99.8,28.0
58116.0,99.6,27.9
60120.0,99.5,28.0
62124.0,99.4,28.0
64128.0,99.0,28.0
66132.0,98.9,28.1
68136.0,99.1,28.2
