Time,Humidity,Temperature
0.0,42.3,24.9
2004.0,42.4,24.9
4008.0,42.6,24.8
6012.0,42.7,24.8
8016.0,42.8,24.9
10020.0,42.9,24.9
12024.0,49.9,25.4
14028.0,60.8,26.0
16032.0,68.7,26.1
18036.0,75.4,26.6
20040.0,80.6,26.9
22044.0,84.5,26.9
24048.0,88.5,27.5
26052.0,91.3,27.6
28056.0,93.3,27.6
30060.0,95.3,27.9
32064.0,96.7,27.9
34068.0,97.7,27.8
36072.0,98.6,28.0
38076.0,99.3,27.9
40080.0,99.8,27.8
42084.0,99.9,27.9
44088.0,99.9,27.8
46092.0,99.9,27.7
48096.0,99.9,27.8
50100.0,99.9,27.8
52104.0,99.9,27.7
54108.0,99.9,27.8
56112.0,99.9,27.8
58116.0,99.9,27.8
60120.0,99.9,27.8
62124.0,99.9,27.8
64128.0,99.9,27.7
66132.0,99.9,27.7
68136.0,99.9,27.7
