Time,Humidity,Temperature
0.0,44.6,25.3
2004.0,44.5,25.3
4008.0,44.4,25.3
6012.0,44.4,25.3
8016.0,44.3,25.3
10020.0,44.3,25.3
12024.0,45.0,25.4
14028.0,55.2,26.0
16032.0,65.5,26.5
18036.0,72.3,26.6
20040.0,78.3,26.9
22044.0,82.6,27.0
24048.0,86.2,27.1
26052.0,90.0,27.7
28056.0,92.6,27.8
30060.0,94.5,27.9
32064.0,96.7,28.3
34068.0,98.1,28.3
36072.0,99.2,28.4
38076.0,99.9,28.7
40080.0,99.9,28.7
42084.0,99.9,28.6
44088.0,99.9,28.9
46092.0,99.9,28.8
48096.0,99.9,28.9
50100.0,99.9,29.0
52104.0,99.9,29.0
54108.0,99.9,29.0
56112.0,99.9,29.3
58116.0,99.9,29.2
60120.0,99.9,29.2
62124.0,99.9,29.4
64128.0,99.9,29.4
66132.0,99.9,29.4
68136.0,99.9,29.6
