Time,Humidity,Temperature
0.0,42.5,25.6
2004.0,42.5,25.6
4008.0,42.6,25.6
6012.0,42.7,25.6
8016.0,42.8,25.6
10020.0,42.7,25.6
12024.0,44.6,25.7
14028.0,54.9,26.4
16032.0,63.8,26.6
18036.0,70.2,26.7
20040.0,75.7,26.9
22044.0,79.8,26.9
24048.0,83.2,27.0
26052.0,86.1,27.1
28056.0,88.3,27.1
30060.0,90.0,27.1
32064.0,91.6,27.3
34068.0,92.9,27.3
36072.0,93.8,27.3
38076.0,94.3,27.2
40080.0,94.8,27.3
42084.0,95.0,27.3
44088.0,95.7,27.5
46092.0,96.1,27.6
48096.0,96.3,27.5
50100.0,96.5,27.6
52104.0,96.2,27.5
54108.0,95.4,27.5
56112.0,95.7,27.6
58116.0,95.8,27.6
60120.0,95.4,27.5
62124.0,95.5,27.7
64128.0,95.9,27.7
66132.0,95.8,27.7
68136.0,96.1,27.8
