Time,Humidity,Temperature
0.0,42.8,24.9
2004.0,42.8,24.9
4008.0,42.8,24.9
6012.0,43.0,24.9
8016.0,43.1,24.9
10020.0,43.3,24.9
12024.0,43.8,24.9
14028.0,53.3,25.6
16032.0,63.1,25.9
18036.0,70.1,26.1
20040.0,76.4,26.6
22044.0,81.1,26.8
24048.0,84.7,26.8
26052.0,88.0,27.0
28056.0,90.5,27.0
30060.0,92.4,27.0
32064.0,94.4,27.5
34068.0,95.8,27.5
36072.0,96.8,27.4
38076.0,97.9,27.7
40080.0,98.7,27.8
42084.0,99.3,27.7
44088.0,99.9,28.0
46092.0,99.9,28.0
48096.0,99.9,28.0
50100.0,99.9,28.1
52104.0,99.9,28.1
54108.0,99.9,28.0
56112.0,99.9,28.1
58116.0,99.9,28.1
60120.0,99.9,28.1
62124.0,99.9,28.1
64128.0,99.9,28.1
66132.0,99.9,28.1
68136.0,99.9,28.1
70140.0,99.9,28.1
