Time,Humidity,Temperature
0.0,41.8,25.4
2004.0,41.9,25.4
4008.0,41.9,25.4
6012.0,42.0,25.4
8016.0,42.0,25.4
10020.0,42.0,25.4
12024.0,43.4,25.5
14028.0,52.8,26.1
16032.0,62.2,26.3
18036.0,69.4,26.6
20040.0,76.0,27.0
22044.0,80.5,27.0
24048.0,84.2,27.2
26052.0,88.2,27.7
28056.0,90.7,27.7
30060.0,92.7,27.9
32064.0,95.3,28.3
34068.0,96.8,28.4
36072.0,97.9,28.5
38076.0,99.5,28.8
40080.0,99.9,28.7
42084.0,99.9,28.8
44088.0,99.9,29.1
46092.0,99.9,29.1
48096.0,99.9,29.0
50100.0,99.9,29.1
52104.0,99.9,29.1
54108.0,99.9,29.0
56112.0,99.9,29.2
58116.0,99.9,29.1
60120.0,99.9,29.1
62124.0,99.9,29.2
64128.0,99.9,29.2
66132.0,99.9,29.1
68136.0,99.9,29.3
