Time,Humidity,Temperature
0.0,43.2,25.3
2004.0,43.1,25.3
4008.0,43.1,25.3
6012.0,43.1,25.3
8016.0,43.2,25.3
10020.0,43.2,25.3
12024.0,45.1,25.4
14028.0,53.6,25.7
16032.0,61.7,25.9
18036.0,68.4,26.0
20040.0,74.3,26.4
22044.0,78.7,26.4
24048.0,82.3,26.5
26052.0,86.0,26.8
28056.0,88.6,26.9
30060.0,90.8,27.0
32064.0,92.7,27.2
34068.0,94.2,27.2
36072.0,95.2,27.2
38076.0,96.3,27.4
40080.0,97.1,27.5
42084.0,97.7,27.5
44088.0,98.5,27.6
46092.0,98.8,27.6
48096.0,99.0,27.7
50100.0,99.4,27.8
52104.0,99.5,27.9
54108.0,99.4,27.8
56112.0,99.4,27.9
58116.0,99.3,27.9
60120.0,98.9,28.0
62124.0,98.8,28.1
64128.0,98.7,28.1
66132.0,98.1,28.1
68136.0,98.0,28.2
