Time,Humidity,Temperature
0.0,44.0,24.7
2004.0,44.0,24.7
4008.0,44.0,24.7
6012.0,44.0,24.7
8016.0,44.1,24.7
10020.0,44.7,24.7
12024.0,44.9,24.7
14028.0,50.0,24.9
16032.0,58.0,25.2
18036.0,64.9,25.3
20040.0,73.0,26.1
22044.0,79.1,26.7
24048.0,83.6,26.8
26052.0,87.8,27.4
28056.0,90.8,27.6
30060.0,93.0,27.6
32064.0,95.1,27.9
34068.0,96.7,28.0
36072.0,97.8,28.0
38076.0,99.1,28.3
40080.0,99.9,28.3
42084.0,99.9,28.2
44088.0,99.9,28.4
46092.0,99.9,28.4
48096.0,99.9,28.3
50100.0,99.9,28.5
52104.0,99.9,28.5
54108.0,99.9,28.4
56112.0,99.9,28.4
58116.0,99.9,28.4
60120.0,99.9,28.4
62124.0,99.9,28.4
64128.0,99.9,28.4
66132.0,99.9,28.4
68136.0,99.9,28.4
70140.0,99.9,28.4
