Time,Humidity,Temperature
0.0,43.7,24.4
2004.0,43.7,24.4
4008.0,43.8,24.4
6012.0,43.8,24.4
8016.0,43.9,24.4
10020.0,44.0,24.4
12024.0,46.0,24.6
14028.0,54.4,25.1
16032.0,62.0,25.2
18036.0,68.4,25.3
20040.0,74.2,25.6
22044.0,78.6,25.7
24048.0,82.3,25.9
26052.0,85.6,26.1
28056.0,88.1,26.1
30060.0,90.1,26.1
32064.0,91.8,26.2
34068.0,93.2,26.2
36072.0,94.2,26.2
38076.0,95.1,26.3
40080.0,95.8,26.3
42084.0,96.3,26.3
44088.0,96.9,26.4
46092.0,97.3,26.4
48096.0,97.5,26.4
50100.0,98.0,26.5
52104.0,98.1,26.6
54108.0,98.3,26.6
56112.0,98.7,26.7
58116.0,98.8,26.7
60120.0,98.9,26.8
62124.0,99.3,26.9
64128.0,99.4,26.9
66132.0,99.5,27.0
68136.0,99.8,27.1
