Time,Humidity,Temperature
0.0,42.8,24.8
2004.0,43.0,24.9
4008.0,42.9,24.9
6012.0,42.9,24.9
8016.0,43.0,24.9
10020.0,42.9,24.9
12024.0,43.1,24.9
14028.0,53.5,25.9
16032.0,64.6,26.3
18036.0,72.0,26.5
20040.0,78.6,27.0
22044.0,83.4,27.2
24048.0,87.1,27.2
26052.0,90.4,27.4
28056.0,92.8,27.5
30060.0,94.7,27.5
32064.0,96.7,27.7
34068.0,98.1,27.7
36072.0,99.1,27.7
38076.0,99.9,27.9
40080.0,99.9,27.9
42084.0,99.9,27.8
44088.0,99.9,28.0
46092.0,99.9,28.0
48096.0,99.9,27.9
50100.0,99.9,27.9
52104.0,99.9,27.9
54108.0,99.9,27.8
56112.0,99.9,27.8
58116.0,99.9,27.8
60120.0,99.9,27.7
62124.0,99.9,27.7
64128.0,99.9,27.7
66132.0,99.9,27.6
68136.0,99.9,27.7
70140.0,99.9,27.7
