Time,Humidity,Temperature
0.0,43.4,24.6
2004.0,43.5,24.6
4008.0,43.4,24.6
6012.0,43.6,24.6
8016.0,43.7,24.6
10020.0,44.0,24.6
12024.0,44.8,24.6
14028.0,52.9,25.1
16032.0,61.6,25.3
18036.0,68.8,25.6
20040.0,75.6,26.2
22044.0,80.6,26.4
24048.0,84.5,26.5
26052.0,88.1,26.9
28056.0,90.8,27.0
30060.0,92.9,27.1
32064.0,95.0,27.4
34068.0,96.5,27.4
36072.0,97.7,27.6
38076.0,98.9,27.9
40080.0,99.8,27.9
42084.0,99.9,27.9
44088.0,99.9,28.1
46092.0,99.9,28.1
48096.0,99.9,28.2
50100.0,99.9,28.4
52104.0,99.9,28.4
54108.0,99.9,28.4
56112.0,99.9,28.6
58116.0,99.9,28.6
60120.0,99.9,28.6
62124.0,99.9,28.8
64128.0,99.9,28.7
66132.0,99.9,28.7
68136.0,99.9,28.9
