Time,Humidity,Temperature
0.0,46.8,24.9
2004.0,46.7,25.0
4008.0,46.5,25.0
6012.0,46.4,25.0
8016.0,46.3,25.0
10020.0,46.3,24.9
12024.0,46.2,25.0
14028.0,54.1,25.5
16032.0,63.6,25.8
18036.0,70.4,26.0
20040.0,76.6,26.4
22044.0,81.5,26.6
24048.0,85.2,26.7
26052.0,88.5,27.0
28056.0,91.0,27.0
30060.0,93.0,27.0
32064.0,95.0,27.3
34068.0,96.4,27.4
36072.0,97.6,27.4
38076.0,98.9,27.8
40080.0,99.8,27.9
42084.0,99.9,27.8
44088.0,99.9,28.1
46092.0,99.9,28.1
48096.0,99.9,28.1
50100.0,99.9,28.2
52104.0,99.9,28.2
54108.0,99.9,28.2
56112.0,99.9,28.4
58116.0,99.9,28.4
60120.0,99.9,28.5
62124.0,99.9,28.8
64128.0,99.9,28.8
66132.0,99.9,28.7
68136.0,99.9,28.9
70140.0,99.9,28.9
