Time,Humidity,Temperature
0.0,46.7,25.1
2004.0,46.6,25.1
4008.0,46.6,25.1
6012.0,46.4,25.1
8016.0,46.4,25.0
10020.0,46.4,25.1
12024.0,46.2,25.1
14028.0,54.5,25.7
16032.0,64.3,26.0
18036.0,71.3,26.2
20040.0,77.8,26.8
22044.0,82.8,27.0
24048.0,86.5,27.1
26052.0,90.1,27.5
28056.0,92.8,27.6
30060.0,94.6,27.6
32064.0,96.7,28.0
34068.0,98.2,28.1
36072.0,99.2,28.0
38076.0,99.9,28.2
40080.0,99.9,28.2
42084.0,99.9,28.2
44088.0,99.9,28.3
46092.0,99.9,28.4
48096.0,99.9,28.4
50100.0,99.9,28.6
52104.0,99.9,28.6
54108.0,99.9,28.5
56112.0,99.9,28.7
58116.0,99.9,28.8
60120.0,99.9,28.7
62124.0,99.9,28.9
64128.0,99.9,28.9
66132.0,99.9,28.8
68136.0,99.9,28.9
70140.0,99.9,29.0
