Time,Humidity,Temperature
0.0,42.6,24.9
2004.0,42.6,24.9
4008.0,42.6,24.9
6012.0,42.7,24.9
8016.0,42.8,24.9
10020.0,42.8,24.9
12024.0,43.2,24.9
14028.0,51.6,25.4
16032.0,62.2,25.9
18036.0,69.4,26.1
20040.0,75.9,26.7
22044.0,80.9,26.9
24048.0,84.7,27.0
26052.0,88.3,27.3
28056.0,91.0,27.4
30060.0,93.1,27.5
32064.0,95.0,27.7
34068.0,96.3,27.7
36072.0,97.3,27.6
38076.0,98.3,27.7
40080.0,98.9,27.7
42084.0,99.5,27.7
44088.0,99.9,27.9
46092.0,99.9,28.0
48096.0,99.9,28.0
50100.0,99.9,28.1
52104.0,99.9,28.2
54108.0,99.9,28.1
56112.0,99.9,28.2
58116.0,99.9,28.2
60120.0,99.9,28.2
62124.0,99.9,28.3
64128.0,99.9,28.3
66132.0,99.9,28.3
68136.0,99.9,28.3
70140.0,99.9,28.3
