Time,Humidity,Temperature
0.0,42.1,25.2
2004.0,42.1,25.2
4008.0,42.1,25.3
6012.0,42.1,25.2
8016.0,42.1,25.2
10020.0,42.1,25.2
12024.0,42.0,25.2
14028.0,49.5,25.8
16032.0,59.8,26.2
18036.0,67.2,26.3
20040.0,73.6,26.7
22044.0,78.5,26.8
24048.0,82.3,26.8
26052.0,85.2,26.8
28056.0,87.7,26.8
30060.0,89.3,26.8
32064.0,90.8,26.9
34068.0,92.0,26.9
36072.0,92.6,26.9
38076.0,93.2,27.0
40080.0,93.6,27.0
42084.0,93.1,27.0
44088.0,92.8,27.0
46092.0,92.5,27.1
48096.0,90.8,27.0
50100.0,91.7,27.2
52104.0,92.3,27.3
54108.0,91.2,27.3
56112.0,93.0,27.7
58116.0,94.5,27.9
60120.0,95.2,27.9
62124.0,96.4,28.1
64128.0,97.2,28.3
66132.0,97.6,28.2
68136.0,98.2,28.4
70140.0,98.5,28.5
