Time,Humidity,Temperature
0.0,42.7,25.3
2004.0,42.6,25.3
4008.0,42.7,25.3
6012.0,42.6,25.3
8016.0,42.7,25.3
10020.0,42.7,25.3
12024.0,43.4,25.3
14028.0,51.6,25.8
16032.0,60.0,26.0
18036.0,66.9,26.1
20040.0,73.5,26.6
22044.0,78.6,26.8
24048.0,82.7,26.9
26052.0,86.4,27.3
28056.0,89.2,27.4
30060.0,91.4,27.5
32064.0,93.6,27.7
34068.0,95.1,27.8
36072.0,96.3,27.8
38076.0,97.4,28.0
40080.0,98.1,28.0
42084.0,98.7,28.0
44088.0,99.3,28.1
46092.0,99.7,28.1
48096.0,99.9,28.0
50100.0,99.9,28.1
52104.0,99.9,28.1
54108.0,99.9,28.0
56112.0,99.9,28.2
58116.0,99.9,28.2
60120.0,99.9,28.2
62124.0,99.9,28.3
64128.0,99.9,28.2
66132.0,99.0,28.2
68136.0,98.6,28.3
