Time,Humidity,Temperature
0.0,45.3,23.3
2004.0,45.4,23.3
4008.0,45.4,23.3
6012.0,45.6,23.3
8016.0,45.6,23.3
10020.0,45.7,23.3
12024.0,48.1,23.5
14028.0,55.7,23.9
16032.0,62.0,24.0
18036.0,68.9,24.7
20040.0,75.9,25.5
22044.0,80.5,25.6
24048.0,84.4,25.9
26052.0,88.0,26.3
28056.0,90.6,26.4
30060.0,93.1,26.8
32064.0,95.3,27.1
34068.0,96.7,27.1
36072.0,97.8,27.3
38076.0,99.0,27.5
40080.0,99.8,27.5
42084.0,99.9,27.6
44088.0,99.9,27.8
46092.0,99.9,27.7
48096.0,99.9,27.9
50100.0,99.9,28.2
52104.0,99.9,28.2
54108.0,99.9,28.4
56112.0,99.9,28.6
58116.0,99.9,28.4
60120.0,99.9,28.6
62124.0,99.9,28.7
64128.0,99.9,28.6
66132.0,99.9,28.7
68136.0,99.9,28.9
