Time,Humidity,Temperature
0.0,51.6,23.9
2004.0,51.7,23.9
4008.0,51.7,24.0
6012.0,51.7,23.9
8016.0,51.7,23.9
10020.0,51.7,23.9
12024.0,55.1,24.0
14028.0,62.2,24.2
16032.0,66.8,24.2
18036.0,69.9,24.3
20040.0,74.8,24.5
22044.0,78.5,24.7
24048.0,80.8,24.6
26052.0,83.8,24.7
28056.0,86.4,25.0
30060.0,88.1,24.9
32064.0,90.0,25.1
34068.0,91.1,25.1
36072.0,92.0,25.0
38076.0,93.3,25.2
40080.0,94.1,25.3
42084.0,94.6,25.2
44088.0,95.5,25.4
46092.0,95.8,25.4
48096.0,96.0,25.4
50100.0,96.7,25.6
52104.0,96.8,25.5
54108.0,96.9,25.5
56112.0,97.4,25.7
58116.0,97.2,25.6
60120.0,97.3,25.6
62124.0,97.6,25.8
64128.0,97.4,25.7
66132.0,97.2,25.7
68136.0,97.6,25.9
70140.0,97.5,25.8
