Time,Humidity,Temperature
0.0,51.0,23.2
2004.0,51.0,23.2
4008.0,50.9,23.2
6012.0,50.9,23.2
8016.0,50.9,23.2
10020.0,51.4,23.2
12024.0,58.0,23.4
14028.0,64.6,23.6
16032.0,68.6,23.5
18036.0,72.9,23.7
20040.0,77.1,23.9
22044.0,80.0,23.8
24048.0,83.2,24.0
26052.0,85.9,24.2
28056.0,87.7,24.2
30060.0,89.6,24.4
32064.0,91.3,24.6
34068.0,92.3,24.5
36072.0,93.5,24.6
38076.0,94.7,24.8
40080.0,95.1,24.7
42084.0,96.0,24.9
44088.0,96.7,25.0
46092.0,96.9,24.9
48096.0,97.5,25.1
50100.0,98.0,25.2
52104.0,98.0,25.1
54108.0,98.5,25.3
56112.0,98.9,25.4
58116.0,98.8,25.3
60120.0,99.1,25.4
62124.0,99.5,25.6
64128.0,99.3,25.5
66132.0,99.5,25.6
68136.0,99.9,25.8
70140.0,99.7,25.7
