Time,Humidity,Temperature
0.0,52.2,23.1
2004.0,52.2,23.1
4008.0,52.3,23.1
6012.0,52.3,23.1
8016.0,52.3,23.0
10020.0,52.4,23.0
12024.0,53.4,23.1
14028.0,61.0,23.6
16032.0,67.4,23.8
18036.0,71.8,23.8
20040.0,77.0,24.3
22044.0,80.7,24.5
24048.0,83.1,24.3
26052.0,86.1,24.6
28056.0,88.4,24.8
30060.0,89.7,24.6
32064.0,91.6,25.0
34068.0,93.0,25.1
36072.0,93.7,24.9
38076.0,94.9,25.2
40080.0,95.6,25.3
42084.0,96.0,25.1
44088.0,96.9,25.5
46092.0,97.3,25.5
48096.0,97.5,25.4
50100.0,98.2,25.7
52104.0,98.4,25.7
54108.0,98.4,25.6
56112.0,99.0,25.8
58116.0,99.1,25.8
60120.0,99.1,25.8
62124.0,99.6,26.0
64128.0,99.5,26.0
66132.0,99.4,25.9
68136.0,99.9,26.2
70140.0,99.8,26.1
