Time,Humidity,Temperature
0.0,51.8,23.9
2004.0,51.9,23.9
4008.0,51.9,23.9
6012.0,52.0,23.9
8016.0,52.0,23.9
10020.0,52.0,23.9
12024.0,53.9,23.9
14028.0,61.0,24.2
16032.0,66.7,24.3
18036.0,70.8,24.3
20040.0,75.6,24.5
22044.0,79.2,24.7
24048.0,81.8,24.6
26052.0,84.7,24.8
28056.0,86.9,24.9
30060.0,88.5,24.9
32064.0,90.4,25.1
34068.0,91.6,25.1
36072.0,92.5,25.1
38076.0,93.7,25.3
40080.0,94.4,25.4
42084.0,95.0,25.3
44088.0,95.9,25.6
46092.0,96.1,25.5
48096.0,96.4,25.5
50100.0,97.1,25.7
52104.0,97.3,25.7
54108.0,97.5,25.7
56112.0,98.1,25.9
58116.0,97.9,25.9
60120.0,98.1,25.9
62124.0,98.6,26.1
64128.0,98.5,26.0
66132.0,98.4,26.0
68136.0,98.8,26.2
70140.0,98.8,26.1
