Time,Humidity,Temperature
0.0,50.8,23.5
2004.0,50.8,23.5
4008.0,50.8,23.5
6012.0,50.9,23.5
8016.0,50.9,23.5
10020.0,51.1,23.5
12024.0,56.2,23.8
14028.0,63.6,24.2
16032.0,68.4,24.2
18036.0,73.0,24.4
20040.0,77.6,24.8
22044.0,80.7,24.8
24048.0,83.7,25.0
26052.0,86.5,25.2
28056.0,88.2,25.1
30060.0,90.1,25.3
32064.0,91.8,25.6
34068.0,92.7,25.4
36072.0,93.6,25.5
38076.0,94.8,25.7
40080.0,95.2,25.6
42084.0,95.9,25.8
44088.0,96.6,25.9
46092.0,96.7,25.7
48096.0,97.2,25.9
50100.0,97.6,26.1
52104.0,97.6,25.9
54108.0,98.0,26.2
56112.0,98.5,26.3
58116.0,98.2,26.1
60120.0,98.5,26.3
62124.0,98.9,26.4
64128.0,98.6,26.2
66132.0,98.9,26.4
68136.0,99.2,26.6
70140.0,99.0,26.4
