Time,Humidity,Temperature
0.0,47.0,24.4
2004.0,47.0,24.5
4008.0,47.0,24.4
6012.0,47.0,24.5
8016.0,46.9,24.4
10020.0,46.9,24.4
12024.0,46.9,24.4
14028.0,52.0,24.6
16032.0,58.1,24.7
18036.0,60.4,24.7
20040.0,65.7,24.9
22044.0,70.2,25.0
24048.0,71.4,24.9
26052.0,75.1,25.2
28056.0,78.3,25.2
30060.0,78.6,25.2
32064.0,81.0,25.4
34068.0,83.1,25.5
36072.0,81.7,25.4
38076.0,83.7,25.7
40080.0,85.2,25.8
42084.0,83.3,25.7
44088.0,85.2,26.0
46092.0,86.5,26.0
48096.0,84.7,26.0
50100.0,86.4,26.2
52104.0,87.7,26.3
54108.0,85.4,26.2
56112.0,86.9,26.4
58116.0,87.7,26.5
60120.0,85.3,26.4
62124.0,87.1,26.6
64128.0,88.5,26.7
66132.0,85.9,26.6
68136.0,87.5,26.8
70140.0,88.3,26.8
