Time,Humidity,Temperature
0.0,50.8,23.5
2004.0,50.8,23.6
4008.0,50.8,23.6
6012.0,50.8,23.6
8016.0,50.8,23.5
10020.0,50.8,23.6
12024.0,51.3,23.6
14028.0,57.9,23.9
16032.0,63.9,24.0
18036.0,66.4,24.0
20040.0,71.4,24.2
22044.0,75.8,24.4
24048.0,78.9,24.4
26052.0,82.1,24.7
28056.0,84.5,24.8
30060.0,85.5,24.7
32064.0,87.4,25.0
34068.0,88.9,25.1
36072.0,88.1,25.0
38076.0,89.3,25.2
40080.0,90.5,25.3
42084.0,89.4,25.3
44088.0,90.9,25.5
46092.0,91.7,25.6
48096.0,90.0,25.5
50100.0,91.2,25.8
52104.0,92.1,25.9
54108.0,90.8,25.8
56112.0,91.7,26.0
58116.0,92.5,26.1
60120.0,90.6,26.0
62124.0,91.5,26.2
64128.0,92.4,26.4
66132.0,90.4,26.3
68136.0,91.7,26.5
70140.0,92.1,26.5
