Time,Humidity,Temperature
0.0,50.1,25.0
2004.0,50.1,25.0
4008.0,50.2,25.0
6012.0,50.1,25.0
8016.0,50.2,25.0
10020.0,50.2,25.0
12024.0,52.3,25.1
14028.0,59.2,25.3
16032.0,64.7,25.4
18036.0,68.6,25.5
20040.0,73.5,25.8
22044.0,76.7,25.8
24048.0,79.5,25.9
26052.0,82.7,26.2
28056.0,84.5,26.2
30060.0,85.7,26.2
32064.0,87.9,26.5
34068.0,89.1,26.5
36072.0,90.1,26.6
38076.0,91.6,26.8
40080.0,91.6,26.7
42084.0,91.6,26.8
44088.0,92.7,27.0
46092.0,92.4,27.0
48096.0,92.0,27.1
50100.0,93.0,27.3
52104.0,92.5,27.2
54108.0,91.8,27.3
56112.0,92.9,27.5
58116.0,92.4,27.4
60120.0,90.9,27.5
62124.0,92.0,27.7
64128.0,90.9,27.6
66132.0,90.0,27.6
68136.0,91.4,27.8
70140.0,89.9,27.7
