Time,Humidity,Temperature
0.0,50.5,23.7
2004.0,50.5,23.7
4008.0,50.5,23.7
6012.0,50.4,23.6
8016.0,50.4,23.6
10020.0,50.4,23.6
12024.0,50.6,23.6
14028.0,56.9,23.8
16032.0,63.7,24.0
18036.0,68.2,24.0
20040.0,73.4,24.3
22044.0,77.4,24.3
24048.0,80.5,24.4
26052.0,83.9,24.6
28056.0,86.1,24.7
30060.0,87.9,24.7
32064.0,90.0,24.9
34068.0,91.2,24.9
36072.0,92.3,24.9
38076.0,93.6,25.1
40080.0,94.5,25.1
42084.0,95.0,25.1
44088.0,95.9,25.2
46092.0,96.4,25.3
48096.0,96.6,25.2
50100.0,97.3,25.4
52104.0,97.8,25.5
54108.0,97.8,25.4
56112.0,98.4,25.6
58116.0,98.4,25.5
60120.0,98.5,25.5
62124.0,98.9,25.7
64128.0,99.0,25.7
66132.0,99.1,25.7
68136.0,99.4,25.9
70140.0,99.4,25.9
