Time,Humidity,Temperature
0.0,46.6,24.6
2004.0,46.6,24.6
4008.0,46.6,24.6
6012.0,46.7,24.6
8016.0,46.7,24.6
10020.0,46.7,24.6
12024.0,48.3,24.6
14028.0,54.8,24.8
16032.0,55.6,24.7
18036.0,58.8,24.9
20040.0,66.4,25.4
22044.0,72.4,25.8
24048.0,76.6,25.8
26052.0,80.8,26.1
28056.0,83.4,26.0
30060.0,85.1,25.9
32064.0,87.7,26.2
34068.0,89.3,26.2
36072.0,90.4,26.2
38076.0,92.0,26.5
40080.0,92.6,26.4
42084.0,93.2,26.4
44088.0,94.4,26.7
46092.0,94.6,26.7
48096.0,94.9,26.7
50100.0,95.8,27.0
52104.0,95.5,26.9
54108.0,95.1,26.9
56112.0,95.8,27.2
58116.0,95.5,27.1
60120.0,94.8,27.1
62124.0,95.5,27.4
64128.0,95.4,27.4
66132.0,94.4,27.3
68136.0,94.9,27.5
70140.0,91.5,27.3
