Time,Humidity,Temperature
0.0,50.7,24.3
2004.0,50.8,24.2
4008.0,50.8,24.2
6012.0,50.9,24.2
8016.0,50.9,24.2
10020.0,50.9,24.2
12024.0,51.0,24.2
14028.0,57.5,24.4
16032.0,63.6,24.5
18036.0,67.1,24.5
20040.0,72.4,24.7
22044.0,76.6,24.8
24048.0,79.4,24.8
26052.0,82.8,25.0
28056.0,85.1,25.0
30060.0,86.8,25.0
32064.0,89.0,25.2
34068.0,90.3,25.2
36072.0,91.4,25.3
38076.0,92.8,25.4
40080.0,93.5,25.4
42084.0,94.1,25.4
44088.0,95.1,25.6
46092.0,95.5,25.6
48096.0,95.8,25.6
50100.0,96.5,25.8
52104.0,96.7,25.8
54108.0,96.9,25.8
56112.0,97.4,26.0
58116.0,97.5,26.0
60120.0,97.5,25.9
62124.0,97.9,26.1
64128.0,98.0,26.1
66132.0,97.9,26.1
68136.0,98.3,26.3
70140.0,98.2,26.3
