Time,Humidity,Temperature
0.0,53.5,22.8
2004.0,53.5,22.8
4008.0,53.5,22.8
6012.0,53.5,22.8
8016.0,53.5,22.8
10020.0,53.6,22.8
12024.0,54.5,22.8
14028.0,61.4,23.1
16032.0,67.6,23.3
18036.0,72.4,23.4
20040.0,76.8,23.5
22044.0,79.8,23.6
24048.0,82.5,23.7
26052.0,85.2,23.9
28056.0,87.0,24.0
30060.0,88.8,24.1
32064.0,90.4,24.2
34068.0,91.4,24.3
36072.0,92.4,24.4
38076.0,93.5,24.6
40080.0,94.1,24.6
42084.0,94.6,24.7
44088.0,95.3,24.9
46092.0,95.6,24.9
48096.0,96.1,25.1
50100.0,96.9,25.3
52104.0,97.1,25.4
54108.0,97.5,25.5
56112.0,97.9,25.7
58116.0,98.2,25.7
60120.0,98.3,25.8
62124.0,98.8,26.0
64128.0,98.9,26.0
66132.0,99.1,26.0
68136.0,99.4,26.2
70140.0,99.4,26.2
