Time,Humidity,Temperature
0.0,46.0,25.2
2004.0,46.0,25.2
4008.0,46.0,25.2
6012.0,46.0,25.2
8016.0,46.0,25.2
10020.0,46.1,25.2
12024.0,48.8,25.3
14028.0,56.2,25.5
16032.0,60.5,25.5
18036.0,65.8,25.6
20040.0,70.8,25.8
22044.0,71.6,25.7
24048.0,73.7,25.8
26052.0,76.9,25.9
28056.0,76.3,25.9
30060.0,78.7,26.1
32064.0,81.2,26.2
34068.0,79.6,26.1
36072.0,81.4,26.3
38076.0,83.9,26.4
40080.0,82.5,26.3
42084.0,83.9,26.5
44088.0,85.9,26.6
46092.0,84.3,26.5
48096.0,85.6,26.7
50100.0,87.4,26.9
52104.0,85.6,26.7
54108.0,86.4,26.9
56112.0,87.9,27.0
58116.0,85.6,26.9
60120.0,86.2,27.0
62124.0,87.8,27.1
64128.0,85.3,27.0
66132.0,86.3,27.2
68136.0,87.9,27.3
70140.0,85.3,27.1
