Time,Humidity,Temperature
0.0,50.0,24.3
2004.0,50.0,24.2
4008.0,50.2,24.3
6012.0,50.1,24.3
8016.0,50.2,24.3
10020.0,50.1,24.2
12024.0,51.6,24.3
14028.0,57.8,24.5
16032.0,64.5,24.6
18036.0,68.1,24.6
20040.0,73.6,24.9
22044.0,77.8,25.1
24048.0,80.6,25.0
26052.0,83.9,25.2
28056.0,86.4,25.3
30060.0,88.1,25.3
32064.0,90.1,25.5
34068.0,91.6,25.6
36072.0,92.5,25.5
38076.0,93.8,25.7
40080.0,94.7,25.8
42084.0,95.2,25.7
44088.0,96.1,25.9
46092.0,96.6,26.0
48096.0,96.9,25.9
50100.0,97.6,26.2
52104.0,97.9,26.2
54108.0,98.0,26.1
56112.0,98.7,26.3
58116.0,98.9,26.4
60120.0,98.9,26.3
62124.0,99.3,26.5
64128.0,99.5,26.5
66132.0,99.4,26.5
68136.0,99.8,26.7
70140.0,99.9,26.7
