Time,Humidity,Temperature
0.0,49.5,23.9
2004.0,49.4,23.9
4008.0,49.4,23.9
6012.0,49.4,23.9
8016.0,49.3,23.9
10020.0,49.4,23.9
12024.0,49.9,23.9
14028.0,56.6,24.1
16032.0,62.9,24.2
18036.0,67.0,24.2
20040.0,72.4,24.5
22044.0,76.5,24.5
24048.0,79.7,24.6
26052.0,83.1,24.7
28056.0,85.3,24.7
30060.0,87.1,24.7
32064.0,89.2,24.9
34068.0,90.4,24.9
36072.0,91.5,24.8
38076.0,92.8,25.0
40080.0,93.6,25.0
42084.0,94.2,25.0
44088.0,95.2,25.2
46092.0,95.6,25.2
48096.0,95.8,25.2
50100.0,96.6,25.3
52104.0,96.7,25.3
54108.0,96.7,25.3
56112.0,97.3,25.5
58116.0,97.4,25.5
60120.0,97.5,25.5
62124.0,98.0,25.7
64128.0,98.0,25.6
66132.0,98.0,25.6
68136.0,98.3,25.8
70140.0,98.3,25.8
