Time,Humidity,Temperature
0.0,46.6,25.0
2004.0,46.5,25.0
4008.0,46.5,25.0
6012.0,46.5,25.0
8016.0,46.5,25.0
10020.0,46.5,25.0
12024.0,46.5,25.0
14028.0,50.1,25.0
16032.0,53.3,25.0
18036.0,54.4,25.1
20040.0,61.1,25.5
22044.0,66.6,25.6
24048.0,67.1,25.5
26052.0,71.9,25.9
28056.0,76.2,26.1
30060.0,77.3,26.0
32064.0,80.6,26.3
34068.0,83.1,26.4
36072.0,82.4,26.3
38076.0,84.7,26.6
40080.0,86.5,26.6
42084.0,85.3,26.5
44088.0,87.1,26.8
46092.0,88.3,26.8
48096.0,86.2,26.7
50100.0,88.0,27.0
52104.0,89.5,27.2
54108.0,87.8,27.0
56112.0,89.1,27.3
58116.0,89.9,27.3
60120.0,87.2,27.2
62124.0,88.8,27.5
64128.0,89.9,27.6
66132.0,87.3,27.4
68136.0,88.5,27.7
70140.0,89.0,27.7
