Time,Humidity,Temperature
0.0,51.5,23.9
2004.0,51.4,23.9
4008.0,51.5,23.9
6012.0,51.6,23.9
8016.0,51.4,23.8
10020.0,51.5,23.9
12024.0,52.8,23.9
14028.0,59.6,24.1
16032.0,65.6,24.2
18036.0,68.5,24.1
20040.0,73.1,24.3
22044.0,77.4,24.4
24048.0,80.0,24.4
26052.0,83.2,24.6
28056.0,85.6,24.6
30060.0,87.2,24.6
32064.0,89.3,24.8
34068.0,90.6,24.8
36072.0,91.5,24.7
38076.0,92.8,24.9
40080.0,93.7,25.0
42084.0,94.2,24.9
44088.0,95.1,25.1
46092.0,95.6,25.2
48096.0,95.8,25.1
50100.0,96.6,25.3
52104.0,96.9,25.3
54108.0,97.0,25.3
56112.0,97.6,25.5
58116.0,97.8,25.5
60120.0,97.8,25.5
62124.0,98.3,25.6
64128.0,98.4,25.7
66132.0,98.4,25.6
68136.0,98.9,25.8
70140.0,98.9,25.8
