Time,Humidity,Temperature
0.0,48.4,24.4
2004.0,48.3,24.3
4008.0,48.2,24.4
6012.0,48.2,24.4
8016.0,48.1,24.3
10020.0,48.2,24.3
12024.0,52.5,24.5
14028.0,58.9,24.7
16032.0,62.4,24.7
18036.0,66.1,24.8
20040.0,70.6,25.0
22044.0,72.2,24.9
24048.0,74.9,25.0
26052.0,77.9,25.2
28056.0,77.4,25.1
30060.0,79.5,25.3
32064.0,81.9,25.4
34068.0,80.7,25.3
36072.0,82.0,25.5
38076.0,84.0,25.6
40080.0,83.2,25.6
42084.0,84.0,25.7
44088.0,85.8,25.8
46092.0,84.3,25.8
48096.0,84.9,25.9
50100.0,86.4,26.0
52104.0,83.9,25.9
54108.0,84.2,26.0
56112.0,85.6,26.1
58116.0,82.7,26.1
60120.0,83.1,26.2
62124.0,84.7,26.3
64128.0,82.2,26.2
66132.0,82.8,26.3
68136.0,84.8,26.5
70140.0,83.4,26.4
