Time,Humidity,Temperature
0.0,50.8,23.4
2004.0,50.7,23.4
4008.0,50.6,23.4
6012.0,50.6,23.4
8016.0,50.7,23.4
10020.0,50.7,23.4
12024.0,53.6,23.4
14028.0,60.8,23.6
16032.0,65.8,23.7
18036.0,70.5,23.7
20040.0,75.1,23.9
22044.0,78.3,23.9
24048.0,81.4,24.0
26052.0,84.2,24.2
28056.0,86.0,24.1
30060.0,88.0,24.2
32064.0,89.7,24.4
34068.0,90.8,24.4
36072.0,92.0,24.4
38076.0,93.2,24.6
40080.0,93.8,24.6
42084.0,94.5,24.6
44088.0,95.2,24.8
46092.0,95.6,24.8
48096.0,96.1,24.8
50100.0,96.6,25.0
52104.0,96.6,24.9
54108.0,97.1,25.1
56112.0,97.5,25.2
58116.0,97.4,25.2
60120.0,97.7,25.2
62124.0,98.0,25.4
64128.0,97.9,25.3
66132.0,98.1,25.4
68136.0,98.4,25.5
70140.0,98.2,25.5
