Time,Humidity,Temperature
0.0,50.8,24.4
2004.0,50.9,24.4
4008.0,50.9,24.4
6012.0,50.9,24.4
8016.0,51.0,24.4
10020.0,51.0,24.4
12024.0,52.9,24.6
14028.0,61.1,25.1
16032.0,68.7,25.4
18036.0,75.2,25.7
20040.0,80.5,26.1
22044.0,84.5,26.2
24048.0,87.9,26.5
26052.0,91.0,26.8
28056.0,93.2,26.8
30060.0,95.2,27.0
32064.0,96.9,27.3
34068.0,98.1,27.3
36072.0,99.2,27.5
38076.0,99.9,27.7
40080.0,99.9,27.8
42084.0,99.9,27.9
44088.0,99.9,28.2
46092.0,99.9,28.2
48096.0,99.9,28.4
50100.0,99.9,28.5
52104.0,99.9,28.5
54108.0,99.9,28.6
56112.0,99.9,28.7
58116.0,99.9,28.7
60120.0,99.9,28.8
62124.0,99.9,28.7
64128.0,99.9,28.6
66132.0,99.9,28.8
68136.0,99.9,28.9
