Time,Humidity,Temperature
0.0,51.5,24.9
2004.0,51.5,24.9
4008.0,51.5,24.9
6012.0,51.5,24.9
8016.0,51.4,24.9
10020.0,51.2,24.9
12024.0,51.8,25.0
14028.0,58.6,25.4
16032.0,66.8,25.6
18036.0,72.9,25.8
20040.0,78.4,26.1
22044.0,82.7,26.2
24048.0,86.1,26.4
26052.0,89.1,26.6
28056.0,91.4,26.7
30060.0,93.4,26.8
32064.0,95.1,27.0
34068.0,96.5,27.0
36072.0,97.5,27.1
38076.0,98.5,27.2
40080.0,99.2,27.3
42084.0,99.8,27.3
44088.0,99.9,27.4
46092.0,99.9,27.4
48096.0,99.9,27.4
50100.0,99.9,27.5
52104.0,99.9,27.5
54108.0,99.9,27.6
56112.0,99.9,27.6
58116.0,99.9,27.6
60120.0,99.9,27.6
62124.0,99.9,27.7
64128.0,99.9,27.6
66132.0,99.9,27.6
68136.0,99.9,27.7
