Time,Humidity,Temperature
0.0,47.4,23.9
2004.0,47.4,23.8
4008.0,47.3,23.8
6012.0,47.4,23.8
8016.0,47.6,23.8
10020.0,47.8,23.8
12024.0,48.1,23.9
14028.0,55.8,24.4
16032.0,63.8,24.7
18036.0,70.4,24.9
20040.0,76.6,25.6
22044.0,81.3,25.8
24048.0,85.0,26.0
26052.0,88.3,26.2
28056.0,90.8,26.3
30060.0,92.7,26.3
32064.0,94.5,26.5
34068.0,96.0,26.5
36072.0,97.0,26.5
38076.0,98.0,26.6
40080.0,98.7,26.5
42084.0,99.2,26.5
44088.0,99.7,26.5
46092.0,99.9,26.5
48096.0,99.9,26.4
50100.0,99.9,26.5
52104.0,99.9,26.6
54108.0,99.9,26.7
56112.0,99.9,26.7
58116.0,99.9,26.7
60120.0,99.9,26.7
62124.0,99.9,26.8
64128.0,99.9,26.8
66132.0,99.9,26.8
68136.0,99.9,26.9
70140.0,99.9,26.9
