Time,Humidity,Temperature
0.0,48.0,24.1
2004.0,48.0,24.0
4008.0,47.9,24.0
6012.0,48.0,24.0
8016.0,48.3,24.1
10020.0,48.5,24.1
12024.0,50.5,24.3
14028.0,61.5,25.4
16032.0,70.2,25.8
18036.0,76.4,26.1
20040.0,81.3,26.4
22044.0,84.9,26.3
24048.0,88.1,26.5
26052.0,90.6,26.6
28056.0,92.5,26.5
30060.0,94.1,26.5
32064.0,95.5,26.5
34068.0,96.5,26.5
36072.0,97.4,26.5
38076.0,98.1,26.6
40080.0,98.6,26.5
42084.0,99.9,27.2
44088.0,99.9,27.6
46092.0,99.9,27.8
48096.0,99.9,28.0
50100.0,99.9,28.0
52104.0,99.9,28.4
54108.0,99.9,28.5
56112.0,99.9,28.5
58116.0,99.9,28.7
60120.0,99.9,28.7
62124.0,99.9,28.6
64128.0,99.9,28.6
66132.0,99.9,28.5
68136.0,99.9,28.4
