Time,Humidity,Temperature
0.0,49.5,24.8
2004.0,49.5,24.8
4008.0,49.5,24.8
6012.0,49.5,24.8
8016.0,49.6,24.8
10020.0,49.6,24.8
12024.0,50.1,24.8
14028.0,58.9,25.6
16032.0,67.9,25.9
18036.0,74.1,26.0
20040.0,79.1,26.3
22044.0,83.1,26.4
24048.0,86.3,26.5
26052.0,89.5,26.9
28056.0,91.8,27.0
30060.0,93.6,27.0
32064.0,95.2,27.2
34068.0,96.2,27.1
36072.0,97.1,27.0
38076.0,97.8,27.1
40080.0,98.4,27.1
42084.0,98.8,27.0
44088.0,99.1,27.0
46092.0,99.3,27.0
48096.0,99.4,26.9
50100.0,99.5,26.9
52104.0,99.4,26.9
54108.0,99.0,26.9
56112.0,98.7,26.9
58116.0,98.6,27.0
60120.0,98.3,27.1
62124.0,99.3,27.6
64128.0,99.9,27.7
66132.0,99.9,27.7
68136.0,99.9,28.1
70140.0,99.9,28.2
