Time,Humidity,Temperature
0.0,51.3,24.5
2004.0,51.2,24.5
4008.0,51.1,24.5
6012.0,51.1,24.5
8016.0,51.1,24.5
10020.0,51.0,24.5
12024.0,52.3,24.6
14028.0,61.2,25.3
16032.0,69.6,25.7
18036.0,75.8,26.1
20040.0,81.3,26.6
22044.0,85.3,26.8
24048.0,88.6,26.9
26052.0,91.4,27.1
28056.0,93.5,27.1
30060.0,95.1,27.1
32064.0,96.6,27.2
34068.0,97.7,27.1
36072.0,98.5,27.1
38076.0,99.2,27.0
40080.0,99.7,26.9
42084.0,99.9,26.9
44088.0,99.9,26.9
46092.0,99.9,26.9
48096.0,99.9,26.8
50100.0,99.9,26.9
52104.0,99.9,26.9
54108.0,99.9,26.9
56112.0,99.9,27.0
58116.0,99.9,27.1
60120.0,99.9,27.1
62124.0,99.9,27.2
64128.0,99.9,27.2
66132.0,99.9,27.2
68136.0,99.9,27.2
