Time,Humidity,Temperature
0.0,57.5,23.1
2004.0,57.5,23.1
4008.0,57.4,23.1
6012.0,57.2,23.1
8016.0,57.1,23.1
10020.0,57.0,23.1
12024.0,58.9,23.5
14028.0,68.5,24.3
16032.0,75.4,24.6
18036.0,80.8,25.1
20040.0,85.8,25.8
22044.0,89.4,25.9
24048.0,92.3,26.3
26052.0,95.2,26.7
28056.0,97.1,26.8
30060.0,98.7,26.9
32064.0,99.9,27.2
34068.0,99.9,27.2
36072.0,99.9,27.2
38076.0,99.9,27.5
40080.0,99.9,27.6
42084.0,99.9,27.6
44088.0,99.9,27.7
46092.0,99.9,27.7
48096.0,99.9,27.7
50100.0,99.9,27.7
52104.0,99.9,27.6
54108.0,99.9,27.6
56112.0,99.9,27.6
58116.0,99.9,27.5
60120.0,99.9,27.4
62124.0,99.9,27.5
64128.0,99.9,27.6
66132.0,99.9,27.6
68136.0,99.9,27.8
