Time,Humidity,Temperature
0.0,54.7,24.7
2004.0,54.7,24.7
4008.0,54.6,24.7
6012.0,54.4,24.7
8016.0,54.2,24.7
10020.0,54.0,24.7
12024.0,59.2,25.2
14028.0,68.1,25.6
16032.0,74.4,25.7
18036.0,80.2,26.4
20040.0,84.9,26.7
22044.0,88.4,26.7
24048.0,91.6,27.1
26052.0,94.0,27.2
28056.0,95.8,27.2
30060.0,97.8,27.7
32064.0,99.4,27.9
34068.0,99.9,27.8
36072.0,99.9,28.2
38076.0,99.9,28.3
40080.0,99.9,28.2
42084.0,99.9,28.6
44088.0,99.9,28.6
46092.0,99.9,28.5
48096.0,99.9,28.7
50100.0,99.9,28.8
52104.0,99.9,28.7
54108.0,99.9,28.8
56112.0,99.9,28.8
58116.0,99.9,28.7
60120.0,99.9,28.8
62124.0,99.9,28.8
64128.0,99.9,28.8
66132.0,99.9,28.8
68136.0,99.9,28.8
