Time,Humidity,Temperature
0.0,57.7,24.2
2004.0,57.6,24.2
4008.0,57.6,24.2
6012.0,57.5,24.2
8016.0,57.3,24.2
10020.0,57.1,24.2
12024.0,60.7,24.7
14028.0,69.9,25.4
16032.0,76.3,25.6
18036.0,81.3,25.8
20040.0,85.4,26.0
22044.0,88.5,26.0
24048.0,91.1,26.1
26052.0,93.5,26.3
28056.0,95.2,26.3
30060.0,96.8,26.5
32064.0,98.2,26.7
34068.0,99.3,26.8
36072.0,99.9,26.9
38076.0,99.9,27.0
40080.0,99.9,27.0
42084.0,99.9,27.2
44088.0,99.9,27.3
46092.0,99.9,27.3
48096.0,99.9,27.4
50100.0,99.9,27.4
52104.0,99.9,27.4
54108.0,99.9,27.6
56112.0,99.9,27.7
58116.0,99.9,27.6
60120.0,99.9,27.7
62124.0,99.9,27.8
64128.0,99.9,27.7
66132.0,99.9,27.7
68136.0,99.9,27.7
