Time,Humidity,Temperature
0.0,56.7,24.7
2004.0,56.5,24.7
4008.0,56.5,24.7
6012.0,56.4,24.7
8016.0,56.3,24.7
10020.0,56.1,24.7
12024.0,56.0,24.7
14028.0,65.2,25.8
16032.0,75.4,26.5
18036.0,81.5,26.6
20040.0,86.7,27.1
22044.0,90.8,27.5
24048.0,93.6,27.5
26052.0,96.2,27.7
28056.0,98.1,27.8
30060.0,99.5,27.8
32064.0,99.9,28.0
34068.0,99.9,28.1
36072.0,99.9,28.0
38076.0,99.9,28.0
40080.0,99.9,27.9
42084.0,99.9,27.9
44088.0,99.9,27.8
46092.0,99.9,27.8
48096.0,99.9,27.8
50100.0,99.9,27.9
52104.0,99.9,27.9
54108.0,99.9,27.9
56112.0,99.9,27.8
58116.0,99.9,27.9
60120.0,99.9,27.8
62124.0,99.9,27.8
64128.0,99.9,27.8
66132.0,99.9,27.8
68136.0,99.9,27.9
70140.0,99.9,27.9
