Time,Humidity,Temperature
0.0,49.8,24.9
2004.0,49.8,24.9
4008.0,49.8,24.9
6012.0,49.7,24.8
8016.0,49.9,24.8
10020.0,50.0,24.8
12024.0,50.7,24.9
14028.0,59.6,25.8
16032.0,69.5,26.2
18036.0,76.4,26.7
20040.0,82.3,27.3
22044.0,86.5,27.5
24048.0,90.0,27.7
26052.0,93.3,28.2
28056.0,95.5,28.3
30060.0,97.2,28.3
32064.0,99.0,28.6
34068.0,99.9,28.6
36072.0,99.9,28.7
38076.0,99.9,29.0
40080.0,99.9,28.9
42084.0,99.9,28.9
44088.0,99.9,29.1
46092.0,99.9,29.1
48096.0,99.9,29.1
50100.0,99.9,29.2
52104.0,99.9,29.3
54108.0,99.9,29.2
56112.0,99.9,29.2
58116.0,99.9,29.2
60120.0,99.9,29.1
62124.0,99.9,29.1
64128.0,99.9,29.1
66132.0,99.9,29.1
68136.0,99.9,29.4
