Time,Humidity,Temperature
0.0,55.6,24.8
2004.0,55.6,24.8
4008.0,55.4,24.8
6012.0,55.2,24.8
8016.0,54.8,24.8
10020.0,54.6,24.8
12024.0,54.8,24.8
14028.0,62.7,25.5
16032.0,71.5,25.8
18036.0,77.6,26.1
20040.0,83.5,26.9
22044.0,87.7,27.1
24048.0,91.0,27.3
26052.0,93.6,27.4
28056.0,95.6,27.4
30060.0,97.1,27.4
32064.0,98.4,27.4
34068.0,99.4,27.4
36072.0,99.9,27.3
38076.0,99.9,27.4
40080.0,99.9,27.5
42084.0,99.9,27.4
44088.0,99.9,27.5
46092.0,99.9,27.5
48096.0,99.9,27.5
50100.0,99.9,27.7
52104.0,99.9,27.8
54108.0,99.9,27.8
56112.0,99.9,27.9
58116.0,99.9,27.9
60120.0,99.9,27.9
62124.0,99.9,27.9
64128.0,99.9,27.9
66132.0,99.9,27.9
68136.0,99.9,27.9
