Time,Humidity,Temperature
0.0,47.4,24.2
2004.0,47.5,24.2
4008.0,47.4,24.2
6012.0,47.6,24.2
8016.0,47.7,24.2
10020.0,47.9,24.2
12024.0,49.1,24.3
14028.0,60.4,25.5
16032.0,70.0,26.0
18036.0,76.4,26.3
20040.0,82.1,27.0
22044.0,86.4,27.1
24048.0,89.6,27.2
26052.0,92.3,27.3
28056.0,94.3,27.3
30060.0,95.8,27.1
32064.0,97.1,27.2
34068.0,98.2,27.1
36072.0,99.0,27.1
38076.0,99.7,27.2
40080.0,99.9,27.3
42084.0,99.9,27.2
44088.0,99.9,27.3
46092.0,99.9,27.3
48096.0,99.9,27.2
50100.0,99.9,27.4
52104.0,99.9,27.5
54108.0,99.9,27.5
56112.0,99.9,27.6
58116.0,99.9,27.6
60120.0,99.9,27.5
62124.0,99.9,27.6
64128.0,99.9,27.5
66132.0,99.9,27.5
68136.0,99.9,27.4
