Time,Humidity,Temperature
0.0,50.7,23.0
2004.0,50.6,23.0
4008.0,50.5,22.9
6012.0,50.3,23.0
8016.0,50.3,23.0
10020.0,50.2,23.0
12024.0,53.2,23.3
14028.0,61.9,23.9
16032.0,69.2,24.1
18036.0,74.6,24.3
20040.0,78.9,24.5
22044.0,82.4,24.5
24048.0,85.8,24.8
26052.0,88.9,25.2
28056.0,91.2,25.3
30060.0,93.3,25.6
32064.0,95.4,26.0
34068.0,96.7,26.0
36072.0,97.8,26.1
38076.0,98.8,26.2
40080.0,99.6,26.2
42084.0,99.9,26.3
44088.0,99.9,26.4
46092.0,99.9,26.4
48096.0,99.9,26.4
50100.0,99.9,26.5
52104.0,99.9,26.5
54108.0,99.9,26.6
56112.0,99.9,26.7
58116.0,99.9,26.6
60120.0,99.9,26.7
62124.0,99.9,26.8
64128.0,99.9,26.8
66132.0,99.9,26.8
68136.0,99.9,27.0
