Time,Humidity,Temperature
0.0,54.0,24.9
2004.0,53.9,24.8
4008.0,53.9,24.8
6012.0,53.8,24.8
8016.0,53.6,24.8
10020.0,53.5,24.8
12024.0,53.6,24.8
14028.0,61.8,25.6
16032.0,70.9,26.0
18036.0,76.9,26.1
20040.0,83.0,26.9
22044.0,87.7,27.3
24048.0,91.1,27.4
26052.0,94.3,28.0
28056.0,97.2,28.3
30060.0,98.9,28.3
32064.0,99.9,28.7
34068.0,99.9,28.8
36072.0,99.9,28.8
38076.0,99.9,29.1
40080.0,99.9,29.1
42084.0,99.9,29.0
44088.0,99.9,29.1
46092.0,99.9,29.0
48096.0,99.9,29.0
50100.0,99.9,29.1
52104.0,99.9,29.1
54108.0,99.9,29.0
56112.0,99.9,29.0
58116.0,99.9,28.9
60120.0,99.9,28.9
62124.0,99.9,28.9
64128.0,99.9,28.9
66132.0,99.9,28.8
68136.0,99.9,28.9
70140.0,99.9,28.9
