Time,Humidity,Temperature
0.0,55.7,24.7
2004.0,55.5,24.7
4008.0,55.2,24.7
6012.0,55.2,24.7
8016.0,55.1,24.7
10020.0,55.0,24.7
12024.0,60.6,25.3
14028.0,71.3,26.0
16032.0,77.6,26.2
18036.0,82.7,26.4
20040.0,86.9,26.7
22044.0,90.0,26.7
24048.0,92.7,26.8
26052.0,95.0,27.0
28056.0,96.7,27.0
30060.0,98.2,27.1
32064.0,99.7,27.4
34068.0,99.9,27.4
36072.0,99.9,27.5
38076.0,99.9,27.7
40080.0,99.9,27.7
42084.0,99.9,27.8
44088.0,99.9,27.9
46092.0,99.9,27.9
48096.0,99.9,28.1
50100.0,99.9,28.4
52104.0,99.9,28.4
54108.0,99.9,28.5
56112.0,99.9,28.7
58116.0,99.9,28.6
60120.0,99.9,28.7
62124.0,99.9,28.8
64128.0,99.9,28.8
66132.0,99.9,28.9
68136.0,99.9,29.0
