Time,Humidity,Temperature
0.0,55.1,24.2
2004.0,55.0,24.2
4008.0,54.9,24.2
6012.0,54.7,24.2
8016.0,54.5,24.2
10020.0,54.4,24.2
12024.0,58.0,24.5
14028.0,66.9,25.1
16032.0,73.4,25.2
18036.0,79.6,26.0
20040.0,84.4,26.3
22044.0,87.9,26.4
24048.0,91.3,26.8
26052.0,93.7,26.9
28056.0,95.5,26.9
30060.0,97.4,27.3
32064.0,98.8,27.4
34068.0,99.8,27.4
36072.0,99.9,27.6
38076.0,99.9,27.6
40080.0,99.9,27.5
42084.0,99.9,27.7
44088.0,99.9,27.7
46092.0,99.9,27.6
48096.0,99.9,27.8
50100.0,99.9,27.8
52104.0,99.9,27.7
54108.0,99.9,27.8
56112.0,99.9,27.8
58116.0,99.9,27.7
60120.0,99.9,27.8
62124.0,99.9,27.8
64128.0,99.9,27.7
66132.0,99.9,27.9
68136.0,99.9,28.0
