Time,Humidity,Temperature
0.0,49.3,25.2
2004.0,49.4,25.2
4008.0,49.4,25.2
6012.0,49.5,25.2
8016.0,49.6,25.2
10020.0,49.7,25.2
12024.0,52.1,25.4
14028.0,60.5,25.7
16032.0,68.0,25.9
18036.0,74.2,26.2
20040.0,79.6,26.5
22044.0,83.7,26.6
24048.0,87.1,26.9
26052.0,90.1,27.1
28056.0,92.3,27.2
30060.0,94.4,27.5
32064.0,96.1,27.6
34068.0,97.2,27.6
36072.0,98.4,27.8
38076.0,99.4,28.0
40080.0,99.9,28.0
42084.0,99.9,28.1
44088.0,99.9,28.2
46092.0,99.9,28.2
48096.0,99.9,28.3
50100.0,99.9,28.4
52104.0,99.9,28.3
54108.0,99.9,28.3
56112.0,99.9,28.3
58116.0,99.9,28.3
60120.0,99.9,28.6
62124.0,99.9,28.7
64128.0,99.9,28.7
66132.0,99.9,28.8
68136.0,99.9,28.9
