Time,Humidity,Temperature
0.0,56.0,24.4
2004.0,56.0,24.4
4008.0,56.0,24.3
6012.0,56.0,24.4
8016.0,55.9,24.4
10020.0,55.8,24.4
12024.0,55.9,24.4
14028.0,64.5,25.3
16032.0,73.4,25.8
18036.0,79.3,26.1
20040.0,85.0,26.9
22044.0,89.3,27.2
24048.0,92.4,27.3
26052.0,95.5,27.8
28056.0,98.1,28.0
30060.0,99.6,28.0
32064.0,99.9,28.4
34068.0,99.9,28.6
36072.0,99.9,28.6
38076.0,99.9,28.9
40080.0,99.9,29.0
42084.0,99.9,28.9
44088.0,99.9,29.1
46092.0,99.9,29.1
48096.0,99.9,29.1
50100.0,99.9,29.2
52104.0,99.9,29.2
54108.0,99.9,29.2
56112.0,99.9,29.3
58116.0,99.9,29.4
60120.0,99.9,29.3
62124.0,99.9,29.4
64128.0,99.9,29.4
66132.0,99.9,29.4
68136.0,99.9,29.5
70140.0,99.9,29.4
