Time,Humidity,Temperature
0.0,55.2,23.3
2004.0,55.3,23.3
4008.0,55.3,23.3
6012.0,55.3,23.3
8016.0,55.4,23.3
10020.0,55.5,23.3
12024.0,58.0,23.4
14028.0,66.3,24.0
16032.0,73.0,24.2
18036.0,78.9,24.8
20040.0,84.3,25.4
22044.0,88.0,25.6
24048.0,91.3,26.1
26052.0,94.0,26.3
28056.0,95.8,26.4
30060.0,97.5,26.6
32064.0,98.7,26.6
34068.0,99.7,26.5
36072.0,99.9,26.6
38076.0,99.9,26.8
40080.0,99.9,26.8
42084.0,99.9,26.9
44088.0,99.9,27.0
46092.0,99.9,27.0
48096.0,99.9,27.1
50100.0,99.9,27.2
52104.0,99.9,27.2
54108.0,99.9,27.3
56112.0,99.9,27.3
58116.0,99.9,27.3
60120.0,99.9,27.3
62124.0,99.9,27.4
64128.0,99.9,27.4
66132.0,99.9,27.4
68136.0,99.9,27.6
