Time,Humidity,Temperature
0.0,49.5,24.8
2004.0,49.5,24.8
4008.0,49.5,24.8
6012.0,49.6,24.8
8016.0,49.6,24.8
10020.0,49.8,24.8
12024.0,53.2,24.8
14028.0,59.3,24.9
16032.0,62.5,24.9
18036.0,64.9,25.0
20040.0,69.7,25.1
22044.0,72.5,25.2
24048.0,73.8,25.2
26052.0,77.2,25.3
28056.0,78.7,25.4
30060.0,79.6,25.4
32064.0,82.2,25.6
34068.0,82.4,25.6
36072.0,83.3,25.7
38076.0,85.5,25.8
40080.0,86.0,25.9
42084.0,86.8,25.9
44088.0,88.5,26.1
46092.0,88.9,26.1
48096.0,88.8,26.2
50100.0,90.1,26.3
52104.0,89.6,26.3
54108.0,89.3,26.4
56112.0,90.5,26.5
58116.0,89.2,26.4
60120.0,88.8,26.5
62124.0,89.9,26.7
64128.0,88.3,26.6
66132.0,88.3,26.7
68136.0,89.6,26.9
70140.0,89.2,26.8
