Time,Humidity,Temperature
0.0,53.2,23.9
2004.0,53.3,23.9
4008.0,53.2,23.9
6012.0,53.4,23.9
8016.0,53.4,23.8
10020.0,53.4,23.8
12024.0,57.6,24.0
14028.0,65.9,24.5
16032.0,71.5,24.6
18036.0,76.9,24.9
20040.0,81.4,25.2
22044.0,84.4,25.2
24048.0,87.3,25.4
26052.0,89.9,25.6
28056.0,91.4,25.5
30060.0,93.3,25.7
32064.0,94.9,25.9
34068.0,95.8,25.8
36072.0,96.8,26.0
38076.0,98.0,26.2
40080.0,98.3,26.1
42084.0,98.9,26.2
44088.0,99.7,26.4
46092.0,99.8,26.2
48096.0,99.9,26.4
50100.0,99.9,26.6
52104.0,99.9,26.4
54108.0,99.9,26.5
56112.0,99.9,26.7
58116.0,99.9,26.6
60120.0,99.9,26.7
62124.0,99.9,26.8
64128.0,99.9,26.7
66132.0,99.9,26.9
68136.0,99.9,26.9
70140.0,99.9,26.8
