Time,Humidity,Temperature
0.0,49.9,24.8
2004.0,49.9,24.8
4008.0,49.9,24.8
6012.0,49.9,24.8
8016.0,49.9,24.8
10020.0,49.9,24.8
12024.0,53.3,24.8
14028.0,59.3,24.9
16032.0,61.1,24.9
18036.0,64.6,24.9
20040.0,69.3,25.1
22044.0,70.4,25.0
24048.0,73.0,25.1
26052.0,76.3,25.2
28056.0,75.4,25.1
30060.0,77.0,25.2
32064.0,79.5,25.3
34068.0,78.7,25.3
36072.0,80.5,25.3
38076.0,82.8,25.4
40080.0,81.3,25.4
42084.0,83.3,25.5
44088.0,86.1,25.7
46092.0,85.9,25.7
48096.0,87.0,25.7
50100.0,89.1,25.9
52104.0,88.7,25.9
54108.0,89.7,26.0
56112.0,91.4,26.2
58116.0,91.0,26.1
60120.0,91.9,26.2
62124.0,93.2,26.4
64128.0,93.0,26.4
66132.0,93.9,26.5
68136.0,94.8,26.6
70140.0,94.4,26.5
