Time,Humidity,Temperature
0.0,52.1,24.7
2004.0,52.0,24.7
4008.0,51.9,24.7
6012.0,51.8,24.7
8016.0,51.7,24.7
10020.0,51.8,24.7
12024.0,58.3,25.0
14028.0,67.0,25.5
16032.0,72.1,25.5
18036.0,77.4,25.8
20040.0,82.0,26.2
22044.0,84.8,26.1
24048.0,88.0,26.4
26052.0,90.4,26.6
28056.0,91.8,26.4
30060.0,93.6,26.7
32064.0,95.1,26.9
34068.0,95.7,26.8
36072.0,96.7,27.0
38076.0,97.9,27.1
40080.0,98.1,27.1
42084.0,98.9,27.3
44088.0,99.8,27.6
46092.0,99.6,27.3
48096.0,99.9,27.5
50100.0,99.9,27.7
52104.0,99.9,27.6
54108.0,99.9,27.7
56112.0,99.9,27.9
58116.0,99.9,27.7
60120.0,99.9,27.9
62124.0,99.9,28.0
64128.0,99.9,27.9
66132.0,99.9,27.9
68136.0,99.9,27.9
70140.0,99.9,27.7
