Time,Humidity,Temperature
0.0,50.0,24.8
2004.0,50.0,24.8
4008.0,50.0,24.8
6012.0,50.0,24.8
8016.0,50.1,24.8
10020.0,51.7,24.7
12024.0,56.6,24.8
14028.0,62.2,24.9
16032.0,62.8,24.9
18036.0,66.5,25.0
20040.0,70.7,25.1
22044.0,70.5,25.1
24048.0,73.5,25.2
26052.0,76.6,25.3
28056.0,75.5,25.2
30060.0,77.7,25.4
32064.0,79.8,25.4
34068.0,77.7,25.4
36072.0,79.8,25.5
38076.0,81.8,25.6
40080.0,79.5,25.6
42084.0,81.4,25.7
44088.0,83.3,25.8
46092.0,81.3,25.8
48096.0,83.0,25.9
50100.0,84.6,26.0
52104.0,82.2,26.0
54108.0,83.6,26.1
56112.0,85.2,26.1
58116.0,82.9,26.1
60120.0,84.5,26.3
62124.0,85.8,26.3
64128.0,83.2,26.3
66132.0,84.9,26.4
68136.0,86.4,26.5
70140.0,83.9,26.5
