Time,Humidity,Temperature
0.0,52.4,24.3
2004.0,52.5,24.3
4008.0,52.6,24.2
6012.0,52.8,24.3
8016.0,53.0,24.2
10020.0,53.0,24.2
12024.0,53.6,24.2
14028.0,58.1,24.3
16032.0,62.5,24.4
18036.0,65.7,24.5
20040.0,70.2,24.6
22044.0,73.1,24.7
24048.0,74.9,24.7
26052.0,78.0,24.8
28056.0,79.1,24.8
30060.0,80.1,24.9
32064.0,82.5,25.0
34068.0,83.5,25.0
36072.0,84.2,25.1
38076.0,86.1,25.3
40080.0,86.2,25.3
42084.0,86.6,25.4
44088.0,88.0,25.5
46092.0,87.5,25.5
48096.0,87.5,25.5
50100.0,89.2,25.7
52104.0,89.2,25.6
54108.0,89.5,25.7
56112.0,90.7,25.9
58116.0,90.0,25.8
60120.0,89.2,25.9
62124.0,90.4,26.0
64128.0,90.4,26.0
66132.0,89.8,26.0
68136.0,91.0,26.2
70140.0,90.6,26.1
