Time,Humidity,Temperature
0.0,49.8,24.7
2004.0,49.8,24.7
4008.0,49.8,24.8
6012.0,49.8,24.7
8016.0,49.8,24.7
10020.0,49.8,24.7
12024.0,49.8,24.7
14028.0,54.4,24.9
16032.0,59.5,24.9
18036.0,60.2,24.9
20040.0,64.4,25.1
22044.0,68.8,25.1
24048.0,68.8,25.1
26052.0,71.9,25.2
28056.0,75.1,25.3
30060.0,74.6,25.3
32064.0,77.1,25.5
34068.0,78.9,25.5
36072.0,77.2,25.5
38076.0,79.2,25.7
40080.0,81.2,25.8
42084.0,79.2,25.7
44088.0,80.6,25.9
46092.0,82.3,26.0
48096.0,80.6,25.9
50100.0,82.2,26.1
52104.0,83.6,26.2
54108.0,81.7,26.1
56112.0,83.0,26.3
58116.0,84.3,26.3
60120.0,82.4,26.3
62124.0,83.8,26.4
64128.0,84.6,26.5
66132.0,82.4,26.5
68136.0,83.8,26.6
70140.0,84.0,26.6
