Time,Humidity,Temperature
0.0,50.1,24.9
2004.0,50.2,24.9
4008.0,50.2,24.9
6012.0,50.2,24.9
8016.0,50.2,24.9
10020.0,50.3,24.9
12024.0,53.2,24.9
14028.0,59.2,25.0
16032.0,63.2,25.0
18036.0,64.2,25.0
20040.0,68.9,25.1
22044.0,71.0,25.1
24048.0,71.5,25.2
26052.0,74.8,25.3
28056.0,75.6,25.3
30060.0,74.8,25.3
32064.0,78.4,25.4
34068.0,81.0,25.5
36072.0,79.7,25.5
38076.0,82.1,25.6
40080.0,83.7,25.7
42084.0,81.9,25.7
44088.0,84.4,25.9
46092.0,85.3,25.9
48096.0,84.0,25.9
50100.0,86.4,26.1
52104.0,86.9,26.1
54108.0,85.4,26.1
56112.0,87.6,26.3
58116.0,88.1,26.3
60120.0,86.2,26.3
62124.0,88.1,26.4
64128.0,87.6,26.4
66132.0,85.6,26.4
68136.0,87.8,26.6
70140.0,87.8,26.6
