Time,Humidity,Temperature
0.0,50.9,24.7
2004.0,51.0,24.7
4008.0,51.0,24.7
6012.0,50.9,24.7
8016.0,50.9,24.6
10020.0,51.0,24.6
12024.0,51.0,24.6
14028.0,54.1,24.7
16032.0,59.2,24.8
18036.0,61.8,24.8
20040.0,65.4,24.9
22044.0,69.5,25.0
24048.0,70.4,25.0
26052.0,73.4,25.1
28056.0,76.2,25.2
30060.0,76.8,25.1
32064.0,79.1,25.2
34068.0,80.8,25.3
36072.0,79.8,25.3
38076.0,81.4,25.4
40080.0,83.0,25.5
42084.0,81.5,25.4
44088.0,82.6,25.6
46092.0,83.9,25.6
48096.0,82.3,25.6
50100.0,83.4,25.7
52104.0,84.3,25.8
54108.0,82.2,25.7
56112.0,83.3,25.8
58116.0,84.3,25.9
60120.0,82.6,25.9
62124.0,83.6,26.0
64128.0,84.5,26.0
66132.0,82.3,26.0
68136.0,83.3,26.1
70140.0,84.1,26.2
