Time,Humidity,Temperature
0.0,54.4,24.0
2004.0,54.5,24.0
4008.0,54.7,24.0
6012.0,54.8,24.0
8016.0,55.0,24.0
10020.0,55.2,24.0
12024.0,56.4,24.0
14028.0,61.6,24.3
16032.0,66.7,24.5
18036.0,69.6,24.5
20040.0,73.3,24.7
22044.0,76.3,24.7
24048.0,77.7,24.7
26052.0,80.4,24.9
28056.0,82.7,25.0
30060.0,83.1,25.0
32064.0,84.9,25.2
34068.0,86.4,25.3
36072.0,86.3,25.3
38076.0,88.6,25.5
40080.0,90.2,25.6
42084.0,90.8,25.6
44088.0,92.4,25.8
46092.0,93.3,25.9
48096.0,93.7,25.9
50100.0,94.7,26.0
52104.0,95.4,26.1
54108.0,95.6,26.1
56112.0,96.4,26.3
58116.0,96.9,26.4
60120.0,96.9,26.3
62124.0,97.5,26.5
64128.0,97.7,26.5
66132.0,97.6,26.4
68136.0,98.1,26.6
70140.0,98.3,26.7
