Time,Humidity,Temperature
0.0,57.2,23.4
2004.0,57.1,23.4
4008.0,57.1,23.5
6012.0,57.1,23.5
8016.0,57.2,23.4
10020.0,57.3,23.5
12024.0,57.4,23.4
14028.0,61.6,23.6
16032.0,66.2,23.7
18036.0,68.7,23.7
20040.0,72.3,23.9
22044.0,75.3,24.0
24048.0,77.3,24.0
26052.0,79.9,24.1
28056.0,82.1,24.2
30060.0,83.6,24.3
32064.0,85.5,24.4
34068.0,86.6,24.5
36072.0,86.9,24.5
38076.0,88.1,24.7
40080.0,88.8,24.8
42084.0,88.7,24.8
44088.0,89.7,25.0
46092.0,90.4,25.1
48096.0,89.9,25.1
50100.0,90.6,25.3
52104.0,91.2,25.4
54108.0,90.4,25.4
56112.0,91.0,25.5
58116.0,91.4,25.6
60120.0,90.1,25.6
62124.0,90.6,25.7
64128.0,90.7,25.8
66132.0,89.5,25.8
68136.0,90.2,25.9
70140.0,90.3,26.0
