Time,Humidity,Temperature
0.0,51.6,24.4
2004.0,51.6,24.4
4008.0,51.6,24.4
6012.0,51.7,24.4
8016.0,51.7,24.4
10020.0,51.7,24.4
12024.0,51.9,24.4
14028.0,57.1,24.5
16032.0,60.8,24.5
18036.0,61.8,24.5
20040.0,66.3,24.7
22044.0,70.7,24.8
24048.0,71.5,24.8
26052.0,74.9,24.9
28056.0,77.9,25.0
30060.0,78.1,25.0
32064.0,80.5,25.1
34068.0,82.1,25.2
36072.0,81.2,25.2
38076.0,83.4,25.4
40080.0,84.8,25.4
42084.0,83.6,25.4
44088.0,85.6,25.6
46092.0,86.7,25.7
48096.0,85.0,25.7
50100.0,86.7,25.8
52104.0,87.4,25.8
54108.0,85.1,25.9
56112.0,86.6,26.0
58116.0,87.2,26.0
60120.0,85.0,26.1
62124.0,86.5,26.1
64128.0,87.2,26.2
66132.0,85.0,26.2
68136.0,86.5,26.3
70140.0,87.1,26.4
