Time,Humidity,Temperature
0.0,57.3,23.1
2004.0,57.2,23.1
4008.0,57.2,23.1
6012.0,57.2,23.0
8016.0,57.3,23.0
10020.0,57.2,23.0
12024.0,58.4,23.0
14028.0,64.5,23.3
16032.0,68.8,23.3
18036.0,73.1,23.5
20040.0,78.3,23.8
22044.0,81.5,23.9
24048.0,84.6,24.0
26052.0,87.6,24.3
28056.0,89.3,24.3
30060.0,91.2,24.4
32064.0,93.1,24.7
34068.0,94.2,24.7
36072.0,95.3,24.8
38076.0,96.8,25.1
40080.0,97.4,25.1
42084.0,98.1,25.2
44088.0,99.0,25.4
46092.0,99.2,25.3
48096.0,99.7,25.4
50100.0,99.9,25.7
52104.0,99.9,25.6
54108.0,99.9,25.7
56112.0,99.9,25.9
58116.0,99.9,25.9
60120.0,99.9,25.9
62124.0,99.9,26.1
64128.0,99.9,26.0
66132.0,99.9,26.1
68136.0,99.9,26.3
70140.0,99.9,26.3
