Time,Humidity,Temperature
0.0,52.7,24.5
2004.0,52.7,24.5
4008.0,52.6,24.5
6012.0,52.5,24.5
8016.0,52.4,24.5
10020.0,52.5,24.5
12024.0,57.4,24.6
14028.0,64.7,24.9
16032.0,69.3,24.9
18036.0,73.2,24.9
20040.0,77.8,25.1
22044.0,80.3,25.1
24048.0,83.2,25.2
26052.0,86.0,25.4
28056.0,87.5,25.3
30060.0,89.4,25.4
32064.0,91.0,25.5
34068.0,91.6,25.5
36072.0,93.0,25.6
38076.0,94.0,25.8
40080.0,94.2,25.7
42084.0,95.0,25.8
44088.0,95.7,25.9
46092.0,95.6,25.8
48096.0,96.1,25.9
50100.0,96.7,26.1
52104.0,96.5,26.0
54108.0,97.0,26.2
56112.0,97.4,26.3
58116.0,97.1,26.2
60120.0,97.4,26.3
62124.0,97.7,26.4
64128.0,97.4,26.3
66132.0,97.7,26.5
68136.0,97.9,26.5
70140.0,97.3,26.5
