Time,Humidity,Temperature
0.0,51.4,24.9
2004.0,51.4,24.9
4008.0,51.3,24.8
6012.0,51.2,24.9
8016.0,51.2,24.8
10020.0,52.6,24.8
12024.0,59.0,25.1
14028.0,68.1,25.8
16032.0,73.9,25.9
18036.0,78.9,26.2
20040.0,83.5,26.6
22044.0,86.7,26.6
24048.0,89.3,26.8
26052.0,92.0,27.1
28056.0,93.6,27.1
30060.0,94.9,27.2
32064.0,96.6,27.5
34068.0,97.3,27.3
36072.0,98.1,27.5
38076.0,99.2,27.8
40080.0,99.5,27.7
42084.0,99.9,27.7
44088.0,99.9,28.0
46092.0,99.9,27.9
48096.0,99.9,27.9
50100.0,99.9,28.2
52104.0,99.9,28.1
54108.0,99.9,28.1
56112.0,99.9,28.4
58116.0,99.9,28.2
60120.0,99.9,28.3
62124.0,99.9,28.5
64128.0,99.9,28.3
66132.0,99.9,28.5
68136.0,99.9,28.7
70140.0,99.9,28.5
