Time,Humidity,Temperature
0.0,51.8,24.7
2004.0,51.8,24.6
4008.0,51.8,24.7
6012.0,51.8,24.6
8016.0,51.8,24.7
10020.0,51.8,24.6
12024.0,52.9,24.7
14028.0,59.1,24.8
16032.0,64.1,24.9
18036.0,65.3,24.9
20040.0,70.3,25.0
22044.0,74.4,25.2
24048.0,75.8,25.2
26052.0,79.3,25.3
28056.0,81.8,25.4
30060.0,82.2,25.4
32064.0,84.7,25.6
34068.0,86.0,25.6
36072.0,84.9,25.7
38076.0,86.9,25.8
40080.0,87.5,25.8
42084.0,86.2,25.9
44088.0,88.1,26.1
46092.0,88.1,26.1
48096.0,86.9,26.1
50100.0,88.7,26.3
52104.0,88.6,26.3
54108.0,87.3,26.3
56112.0,89.2,26.5
58116.0,89.6,26.6
60120.0,88.7,26.6
62124.0,90.3,26.7
64128.0,90.0,26.7
66132.0,88.6,26.8
68136.0,89.9,26.9
70140.0,89.2,26.9
