Time,Humidity,Temperature
0.0,56.9,23.2
2004.0,56.9,23.2
4008.0,56.9,23.2
6012.0,56.9,23.2
8016.0,56.8,23.2
10020.0,56.8,23.2
12024.0,56.8,23.2
14028.0,62.0,23.5
16032.0,68.8,23.7
18036.0,73.1,23.7
20040.0,78.1,24.1
22044.0,82.2,24.3
24048.0,84.8,24.3
26052.0,87.8,24.6
28056.0,90.2,24.8
30060.0,91.7,24.8
32064.0,93.6,25.1
34068.0,95.2,25.2
36072.0,96.0,25.1
38076.0,97.2,25.4
40080.0,98.2,25.5
42084.0,98.6,25.4
44088.0,99.3,25.7
46092.0,99.9,25.8
48096.0,99.9,25.7
50100.0,99.9,26.0
52104.0,99.9,26.1
54108.0,99.9,26.0
56112.0,99.9,26.2
58116.0,99.9,26.3
60120.0,99.9,26.2
62124.0,99.9,26.5
64128.0,99.9,26.6
66132.0,99.9,26.5
68136.0,99.9,26.7
70140.0,99.9,26.7
