Time,Humidity,Temperature
0,56.4,27.7
2000,56.4,27.9
4000,57.0,27.9
6000,56.9,28.0
8000,56.2,27.9
10000,56.4,28.0
12000,55.8,27.7
14000,59.9,27.9
16000,66.8,28.1
18000,71.2,28.6
20000,77.8,28.9
22000,81.7,29.2
24000,83.4,29.2
26000,88.1,29.5
28000,90.6,29.8
30000,91.6,29.8
32000,94.5,30.0
34000,95.8,30.2
36000,97.7,30.2
38000,98.9,30.5
40000,99.9,30.7
42000,99.9,30.8
44000,99.9,30.8
46000,99.9,30.8
48000,99.9,31.1
50000,99.9,31.0
52000,99.9,31.3
54000,99.9,31.4
56000,99.9,31.2
58000,99.9,31.4
60000,99.9,31.7
62000,99.9,31.6
64000,99.9,31.8
66000,99.9,31.9
68000,99.9,31.9
70000,99.9,32.0
