Time,Humidity,Temperature
0,46.5,27.6
2000,46.6,27.7
4000,46.8,27.6
6000,46.8,27.7
8000,46.5,27.7
10000,46.9,27.8
12000,46.4,27.5
14000,52.7,27.8
16000,61.1,28.1
18000,65.7,28.5
20000,68.5,28.8
22000,74.8,29.2
24000,78.8,29.4
26000,79.7,29.7
28000,79.2,29.6
30000,80.4,29.8
32000,83.4,30.4
34000,85.2,30.5
36000,84.8,30.5
38000,84.0,30.1
40000,85.3,30.9
42000,86.6,31.2
44000,86.8,31.2
46000,85.9,30.9
48000,85.3,31.0
50000,87.0,31.6
52000,87.9,31.7
54000,86.6,31.5
56000,86.7,31.6
58000,87.9,32.0
60000,87.9,32.0
62000,87.4,31.9
64000,86.2,31.7
66000,86.9,32.0
68000,87.7,32.1
70000,88.4,32.2
