Time,Humidity,Temperature
0,50.3,25.1
2000,50.4,25.0
4000,50.3,25.0
6000,50.3,24.9
8000,50.3,24.9
10000,50.1,25.1
12000,51.6,25.2
14000,59.0,25.0
16000,66.8,25.4
18000,69.5,25.6
20000,74.7,25.9
22000,79.2,26.2
24000,80.6,26.1
26000,84.5,26.6
28000,87.8,26.7
30000,88.3,26.8
32000,88.0,26.8
34000,90.4,27.3
36000,92.2,27.4
38000,91.9,27.1
40000,92.5,27.3
42000,93.5,27.6
44000,93.5,27.6
46000,93.4,27.5
48000,94.4,28.1
50000,94.8,28.0
52000,93.8,28.0
54000,94.7,28.3
56000,95.1,28.3
58000,94.8,28.1
60000,95.0,28.4
62000,95.5,28.5
64000,95.3,28.4
66000,95.0,28.7
68000,95.9,28.8
70000,96.5,28.5
