Time,Humidity,Temperature
0,51.7,24.9
2000,51.5,24.8
4000,51.4,24.8
6000,51.1,24.9
8000,50.9,24.9
10000,51.0,24.9
12000,51.4,25.0
14000,59.7,25.1
16000,69.7,25.4
18000,74.1,25.6
20000,76.7,25.9
22000,83.0,26.3
24000,87.1,26.6
26000,88.5,26.7
28000,90.5,26.9
30000,95.2,27.3
32000,96.9,27.4
34000,97.0,27.4
36000,96.5,27.4
38000,99.9,28.0
40000,99.9,27.9
42000,99.0,27.9
44000,99.9,28.4
46000,99.9,28.4
48000,99.9,28.3
50000,99.9,28.7
52000,99.9,28.8
54000,99.9,28.8
56000,99.9,28.6
58000,99.9,28.9
60000,99.9,29.1
62000,99.9,29.1
64000,99.9,28.9
66000,99.9,28.7
68000,99.9,29.3
70000,99.9,29.6
