Time,Humidity,Temperature
0,50.0,29.0
2000,50.1,29.3
4000,49.7,29.0
6000,50.2,29.2
8000,50.1,29.3
10000,50.4,28.9
12000,51.0,29.3
14000,59.3,29.3
16000,69.8,29.7
18000,75.2,29.9
20000,77.1,30.0
22000,78.1,30.1
24000,85.1,30.6
26000,90.5,31.2
28000,93.3,31.2
30000,94.6,31.3
32000,94.8,31.2
34000,93.9,31.2
36000,95.1,31.5
38000,97.9,32.0
40000,98.5,31.9
42000,97.1,31.9
44000,99.9,32.4
46000,99.9,32.7
48000,99.9,32.6
50000,99.9,32.6
52000,99.9,32.4
54000,99.9,32.7
56000,99.9,33.0
58000,99.9,33.1
60000,99.9,32.8
62000,99.9,32.9
64000,99.9,32.7
66000,99.9,33.3
68000,99.9,33.4
70000,99.9,33.3
