Time,Humidity,Temperature
0,59.6,24.8
2000,59.2,24.8
4000,59.9,24.8
6000,59.0,24.8
8000,59.1,24.8
10000,59.5,24.8
12000,60.1,24.8
14000,66.6,24.9
16000,74.1,25.1
18000,77.3,25.5
20000,82.8,25.8
22000,88.9,26.1
24000,92.1,26.3
26000,93.5,26.2
28000,98.5,26.6
30000,99.5,26.6
32000,99.6,26.7
34000,99.9,26.9
36000,99.9,27.3
38000,99.9,27.1
40000,99.9,27.2
42000,99.9,27.5
44000,99.9,27.8
46000,99.9,27.6
48000,99.9,27.8
50000,99.9,27.9
52000,99.9,28.0
54000,99.9,28.0
56000,99.9,28.1
58000,99.9,28.2
60000,99.9,28.2
62000,99.9,28.3
64000,99.9,28.4
66000,99.9,28.4
68000,99.9,28.4
70000,99.9,28.8
