Time,Humidity,Temperature
0,45.9,28.8
2000,45.5,28.7
4000,46.1,28.6
6000,45.5,28.7
8000,45.8,28.5
10000,45.2,28.6
12000,46.4,28.7
14000,51.7,28.9
16000,58.8,29.3
18000,61.8,29.5
20000,66.3,29.8
22000,70.7,30.2
24000,72.3,30.2
26000,76.7,30.7
28000,79.7,30.8
30000,80.2,30.9
32000,81.3,31.0
34000,83.6,31.4
36000,84.7,31.5
38000,84.3,31.3
40000,86.4,31.8
42000,87.1,31.8
44000,87.1,31.8
46000,86.8,31.9
48000,88.3,32.3
50000,88.9,32.3
52000,87.8,32.2
54000,88.1,32.3
56000,88.8,32.5
58000,88.9,32.4
60000,89.6,32.8
62000,89.9,32.7
64000,90.0,32.7
66000,89.9,33.0
68000,90.6,33.1
70000,90.8,32.9
