Time,Humidity,Temperature
0,55.5,24.6
2000,56.2,24.5
4000,55.8,24.6
6000,55.8,24.6
8000,55.5,24.7
10000,55.6,24.5
12000,56.5,24.7
14000,59.6,24.7
16000,67.6,25.0
18000,73.0,25.3
20000,75.0,25.4
22000,78.6,25.6
24000,84.2,26.1
26000,87.2,26.4
28000,87.6,26.3
30000,87.2,26.3
32000,91.9,26.8
34000,94.2,27.1
36000,95.5,27.1
38000,94.9,27.1
40000,95.0,27.0
42000,96.9,27.6
44000,98.7,27.8
46000,98.3,27.5
48000,96.6,27.5
50000,98.6,27.9
52000,99.9,28.3
54000,99.9,28.1
56000,99.8,28.1
58000,98.8,27.8
60000,99.8,28.4
62000,99.9,28.7
64000,99.9,28.5
66000,99.4,28.4
68000,99.0,28.2
70000,99.9,29.0
