Time,Humidity,Temperature
0,47.7,28.7
2000,48.4,28.8
4000,48.1,28.7
6000,48.3,28.7
8000,48.4,28.7
10000,47.5,28.8
12000,47.6,28.7
14000,51.6,28.9
16000,59.1,29.1
18000,63.9,29.4
20000,66.3,29.4
22000,70.7,29.7
24000,75.5,29.9
26000,77.9,30.0
28000,79.4,30.2
30000,83.0,30.5
32000,84.6,30.5
34000,84.6,30.7
36000,85.6,30.7
38000,88.0,31.0
40000,89.9,31.2
42000,90.4,31.2
44000,89.4,31.1
46000,91.5,31.3
48000,92.8,31.5
50000,92.8,31.4
52000,92.6,31.8
54000,94.8,31.9
56000,94.5,32.0
58000,93.6,31.8
60000,93.2,31.9
62000,94.3,32.1
64000,94.3,32.1
66000,94.1,32.0
68000,95.3,32.3
70000,96.2,32.6
