Time,Humidity,Temperature
0,52.2,26.5
2000,51.9,26.7
4000,51.9,26.6
6000,52.0,26.5
8000,52.1,26.6
10000,51.7,26.7
12000,51.9,26.6
14000,57.6,26.7
16000,66.8,27.1
18000,72.0,27.3
20000,77.7,27.8
22000,83.9,28.0
24000,87.0,28.2
26000,87.4,28.2
28000,90.3,28.5
30000,94.2,29.0
32000,96.0,29.1
34000,95.6,29.0
36000,96.9,29.1
38000,99.1,29.5
40000,99.4,29.4
42000,98.9,29.5
44000,99.9,29.7
46000,99.9,30.1
48000,99.9,30.1
50000,99.9,30.1
52000,99.9,29.9
54000,99.9,30.4
56000,99.9,30.6
58000,99.9,30.4
60000,99.9,30.3
62000,99.9,30.8
64000,99.9,30.7
66000,99.9,30.5
68000,99.9,30.8
70000,99.9,31.1
