Time,Humidity,Temperature
0,48.5,22.0
2000,48.7,22.0
4000,48.8,22.0
6000,48.5,22.1
8000,48.6,22.0
10000,48.7,22.1
12000,48.8,22.1
14000,56.1,22.1
16000,64.8,22.2
18000,68.5,22.4
20000,75.5,22.8
22000,80.5,22.8
24000,81.5,23.0
26000,81.0,23.0
28000,87.1,23.3
30000,89.3,23.5
32000,89.4,23.5
34000,90.8,23.7
36000,92.9,23.8
38000,93.5,23.9
40000,92.4,23.8
42000,93.9,24.2
44000,94.6,24.3
46000,94.5,24.2
48000,93.9,24.1
50000,94.8,24.4
52000,96.0,24.5
54000,96.0,24.7
56000,94.9,24.4
58000,93.9,24.4
60000,95.3,24.9
62000,95.6,24.7
64000,94.6,24.8
66000,95.7,25.0
68000,96.3,25.1
70000,96.2,25.1
