Time,Humidity,Temperature
0,36.0,22.1
2000,35.4,22.3
4000,36.1,22.5
6000,34.9,22.4
8000,36.2,22.5
10000,35.2,22.4
12000,35.4,22.7
14000,38.6,22.6
16000,45.7,22.4
18000,52.0,22.2
20000,54.2,22.5
22000,63.0,23.0
24000,66.8,22.7
26000,69.8,22.6
28000,70.0,22.8
30000,74.1,22.9
32000,76.8,22.9
34000,77.2,22.8
36000,79.0,23.0
38000,81.5,23.2
40000,82.3,23.3
42000,82.1,23.1
44000,84.9,23.3
46000,85.1,23.2
48000,85.3,23.3
50000,86.6,23.4
52000,86.6,23.4
54000,86.2,23.5
56000,87.3,23.4
58000,88.7,23.6
60000,88.4,23.7
62000,86.9,23.2
64000,88.5,23.6
66000,88.5,23.9
68000,88.5,23.4
70000,88.7,23.5
