Time,Humidity,Temperature
0,50.5,25.9
2000,50.8,25.8
4000,50.7,25.7
6000,50.2,25.9
8000,51.5,25.8
10000,51.0,25.9
12000,50.0,25.9
14000,54.0,25.9
16000,61.4,26.0
18000,65.3,25.8
20000,70.2,26.0
22000,75.5,26.1
24000,77.8,26.2
26000,78.2,26.2
28000,82.1,26.3
30000,83.5,26.3
32000,84.8,26.3
34000,85.4,26.4
36000,87.9,26.6
38000,88.5,26.5
40000,88.7,26.5
42000,90.2,26.7
44000,90.7,26.7
46000,90.2,26.7
48000,92.0,26.7
50000,91.3,26.8
52000,92.6,27.0
54000,93.6,26.8
56000,94.0,26.7
58000,92.4,26.8
60000,93.6,26.9
62000,93.7,26.9
64000,92.8,27.0
66000,93.8,27.0
68000,94.2,27.0
70000,93.9,27.2
