Time,Humidity,Temperature
0,43.1,22.8
2000,43.1,22.7
4000,43.4,22.7
6000,43.2,22.7
8000,43.5,22.7
10000,43.8,22.7
12000,43.7,22.7
14000,46.3,22.9
16000,53.3,22.8
18000,59.1,22.7
20000,66.0,23.0
22000,69.3,23.0
24000,74.7,23.2
26000,77.3,23.1
28000,78.2,23.2
30000,82.0,23.3
32000,83.8,23.3
34000,86.3,23.5
36000,87.1,23.6
38000,88.1,23.5
40000,89.6,23.6
42000,89.7,23.7
44000,90.3,23.6
46000,91.4,23.7
48000,90.7,23.7
50000,92.0,23.9
52000,92.3,23.8
54000,92.2,23.7
56000,92.6,24.0
58000,93.0,24.0
60000,93.0,23.7
62000,93.8,24.0
64000,93.5,24.0
66000,93.1,24.1
68000,94.1,24.1
70000,93.7,24.1
