Time,Humidity,Temperature
0,47.3,26.5
2000,46.7,26.5
4000,47.0,26.4
6000,47.0,26.3
8000,47.0,26.2
10000,47.9,26.3
12000,48.3,26.3
14000,54.2,26.4
16000,60.1,26.5
18000,62.4,26.4
20000,69.2,26.5
22000,73.0,26.6
24000,73.7,26.8
26000,79.4,26.8
28000,81.3,27.1
30000,82.3,27.0
32000,83.0,27.1
34000,84.5,27.1
36000,85.6,27.3
38000,86.1,27.1
40000,87.6,27.3
42000,88.6,27.0
44000,87.8,27.3
46000,89.4,27.4
48000,89.4,27.4
50000,90.2,27.5
52000,91.5,27.5
54000,90.8,27.4
56000,90.4,27.6
58000,90.9,27.4
60000,91.4,27.6
62000,90.9,27.5
64000,92.1,27.7
66000,91.3,27.5
68000,91.6,27.7
70000,93.3,27.6
