Time,Humidity,Temperature
0,45.9,26.9
2000,46.4,26.9
4000,46.5,26.9
6000,46.6,27.1
8000,47.2,27.0
10000,46.4,26.9
12000,46.4,27.0
14000,50.3,27.1
16000,59.7,27.1
18000,68.5,27.2
20000,72.8,27.2
22000,75.8,27.3
24000,79.1,27.1
26000,79.8,27.1
28000,79.6,27.5
30000,83.8,27.4
32000,88.3,27.4
34000,90.9,27.4
36000,92.0,27.6
38000,92.4,27.5
40000,92.4,27.5
42000,92.7,27.6
44000,91.1,27.6
46000,91.3,27.7
48000,94.2,27.8
50000,96.6,27.9
52000,96.1,28.0
54000,95.5,28.0
56000,92.9,28.1
58000,93.0,28.2
60000,96.5,28.4
62000,97.6,28.3
64000,96.1,28.3
66000,96.0,28.2
68000,96.3,28.5
70000,99.9,28.6
