Time,Humidity,Temperature
0,52.4,25.5
2000,51.5,25.3
4000,51.6,25.6
6000,52.0,25.6
8000,52.7,25.5
10000,51.6,25.5
12000,53.4,25.5
14000,57.9,25.8
16000,63.6,25.7
18000,69.0,25.8
20000,74.3,25.9
22000,76.9,25.9
24000,79.3,26.0
26000,82.7,25.6
28000,85.0,26.4
30000,86.8,26.1
32000,88.6,26.3
34000,90.9,26.3
36000,92.2,26.4
38000,94.1,26.3
40000,94.9,26.5
42000,94.6,26.5
44000,97.0,26.3
46000,96.6,26.5
48000,96.0,26.4
50000,97.4,26.5
52000,97.1,26.4
54000,97.9,26.5
56000,99.0,26.8
58000,99.4,26.6
60000,99.0,26.7
62000,99.5,26.7
64000,99.9,26.7
66000,99.5,26.7
68000,99.9,26.8
70000,99.9,26.9
