Time,Humidity,Temperature
0,45.7,24.5
2000,45.4,24.5
4000,45.5,24.6
6000,45.5,24.5
8000,45.5,24.3
10000,45.5,24.4
12000,45.4,24.3
14000,50.4,24.6
16000,56.5,24.4
18000,61.2,24.5
20000,68.2,24.5
22000,71.9,24.5
24000,73.8,24.6
26000,78.0,24.8
28000,81.3,24.7
30000,82.3,24.8
32000,83.9,24.9
34000,86.5,25.0
36000,87.5,24.9
38000,88.7,25.1
40000,91.0,25.1
42000,90.7,25.2
44000,91.1,25.2
46000,92.0,25.1
48000,92.4,25.1
50000,92.3,25.2
52000,93.2,25.3
54000,94.2,25.3
56000,94.3,25.3
58000,93.2,25.3
60000,94.5,25.3
62000,95.7,25.3
64000,95.8,25.3
66000,94.3,25.4
68000,95.4,25.4
70000,95.5,25.6
