Time,Humidity,Temperature
0,44.8,25.9
2000,44.4,26.1
4000,45.1,26.1
6000,44.5,26.0
8000,43.9,26.1
10000,45.0,26.0
12000,45.1,26.1
14000,47.1,26.0
16000,55.2,26.2
18000,61.4,26.2
20000,69.5,26.4
22000,74.0,26.3
24000,76.3,26.3
26000,80.0,26.5
28000,84.5,26.6
30000,86.6,26.5
32000,86.9,26.5
34000,87.3,26.5
36000,90.3,26.9
38000,90.8,26.7
40000,91.7,26.8
42000,93.2,26.8
44000,94.4,26.8
46000,92.6,26.9
48000,94.6,26.9
50000,95.0,27.0
52000,95.3,26.9
54000,95.9,27.0
56000,96.5,26.9
58000,94.6,26.8
60000,96.4,27.0
62000,97.2,27.1
64000,96.0,27.0
66000,96.5,27.0
68000,97.3,27.1
70000,97.2,27.1
