Time,Humidity,Temperature
0,51.4,25.1
2000,51.5,25.1
4000,50.8,24.9
6000,51.5,24.9
8000,51.6,24.9
10000,51.5,25.0
12000,51.3,24.9
14000,55.3,25.2
16000,61.3,25.2
18000,65.9,25.0
20000,72.4,25.2
22000,76.0,25.2
24000,78.1,25.3
26000,82.6,25.6
28000,85.1,25.4
30000,87.0,25.6
32000,89.4,25.4
34000,90.9,25.9
36000,91.2,25.7
38000,92.0,25.9
40000,94.1,25.9
42000,94.5,25.9
44000,95.1,25.8
46000,95.7,25.9
48000,95.4,25.8
50000,95.7,26.2
52000,96.9,26.3
54000,96.9,26.2
56000,96.2,26.1
58000,97.3,26.3
60000,97.4,26.1
62000,96.7,26.3
64000,97.9,26.3
66000,98.8,26.3
68000,98.4,26.2
70000,98.1,26.3
