Time,Humidity,Temperature
0,34.4,27.4
2000,34.8,27.3
4000,34.5,27.3
6000,34.2,27.3
8000,34.1,27.3
10000,34.6,27.3
12000,34.7,27.3
14000,39.6,27.3
16000,47.1,27.4
18000,51.6,27.5
20000,53.1,27.5
22000,58.9,27.6
24000,63.1,27.9
26000,64.3,27.6
28000,68.1,27.8
30000,69.8,27.9
32000,70.9,27.9
34000,71.4,28.0
36000,74.1,28.1
38000,75.6,28.1
40000,75.3,27.9
42000,76.6,28.2
44000,78.2,28.1
46000,78.3,28.2
48000,77.9,28.2
50000,78.8,28.0
52000,78.8,28.3
54000,78.9,28.1
56000,79.9,28.3
58000,80.6,28.3
60000,81.5,28.6
62000,80.7,28.3
64000,79.7,28.4
66000,81.1,28.7
68000,81.8,28.5
70000,83.0,28.7
