Time,Humidity,Temperature
0,49.2,26.7
2000,49.2,26.9
4000,49.6,26.8
6000,49.7,26.7
8000,49.1,26.8
10000,49.6,27.0
12000,49.2,26.8
14000,51.5,26.9
16000,58.6,27.0
18000,64.4,26.9
20000,68.7,27.3
22000,74.3,27.3
24000,78.1,27.1
26000,80.6,27.2
28000,83.4,26.7
30000,85.9,27.4
32000,89.1,27.7
34000,91.2,27.5
36000,91.7,27.4
38000,94.0,27.6
40000,95.0,27.3
42000,96.2,27.7
44000,96.6,27.6
46000,98.5,27.6
48000,98.6,27.6
50000,98.6,27.7
52000,99.3,27.9
54000,99.9,27.8
56000,99.8,27.9
58000,99.9,27.9
60000,99.9,27.7
62000,99.9,27.9
64000,99.9,27.9
66000,99.9,27.9
68000,99.9,28.1
70000,99.9,28.0
