Time,Humidity,Temperature
0,43.9,24.9
2000,43.3,24.8
4000,44.4,24.9
6000,44.2,24.8
8000,44.1,24.8
10000,43.9,24.8
12000,43.6,24.9
14000,50.6,24.9
16000,59.5,24.9
18000,64.9,25.0
20000,70.6,25.0
22000,76.3,25.1
24000,80.0,25.3
26000,80.9,25.2
28000,84.5,25.3
30000,87.0,25.5
32000,88.0,25.5
34000,88.1,25.5
36000,89.9,25.6
38000,92.9,25.7
40000,93.4,25.7
42000,92.0,25.7
44000,92.7,25.8
46000,94.3,26.0
48000,94.3,26.0
50000,92.8,25.9
52000,95.1,26.1
54000,95.9,26.0
56000,96.1,25.9
58000,94.2,26.0
60000,94.9,26.0
62000,96.0,26.2
64000,96.0,25.9
66000,95.5,26.1
68000,94.5,25.9
70000,95.2,26.3
