Time,Humidity,Temperature
0,46.5,22.3
2000,45.6,22.3
4000,45.8,22.3
6000,46.1,22.3
8000,45.9,22.3
10000,45.6,22.3
12000,47.1,22.4
14000,52.5,22.5
16000,59.5,22.4
18000,62.3,22.5
20000,69.5,22.5
22000,72.7,22.6
24000,74.8,22.7
26000,80.7,22.8
28000,84.1,23.0
30000,86.5,23.0
32000,87.1,23.1
34000,89.7,23.1
36000,91.2,23.2
38000,92.0,23.2
40000,94.3,23.4
42000,97.3,23.3
44000,96.6,23.5
46000,96.2,23.4
48000,98.3,23.4
50000,98.9,23.5
52000,99.2,23.6
54000,98.9,23.4
56000,99.9,23.5
58000,99.9,23.5
60000,99.9,23.5
62000,99.9,23.7
64000,99.9,23.7
66000,99.9,23.9
68000,99.9,23.8
70000,99.9,23.8
