Time,Humidity,Temperature
0,39.4,22.1
2000,39.2,22.2
4000,39.2,22.3
6000,39.6,22.2
8000,39.8,22.1
10000,40.2,22.1
12000,39.7,22.2
14000,42.3,22.1
16000,49.9,22.2
18000,55.7,22.3
20000,62.3,22.3
22000,66.7,22.2
24000,68.0,22.4
26000,72.6,22.6
28000,75.0,22.6
30000,76.2,22.7
32000,78.5,22.7
34000,80.4,22.6
36000,81.1,22.7
38000,83.5,22.8
40000,83.5,22.8
42000,84.4,22.8
44000,85.2,22.8
46000,84.9,22.8
48000,85.0,22.9
50000,86.1,23.0
52000,86.6,23.1
54000,86.9,23.0
56000,87.7,22.9
58000,87.6,23.1
60000,87.1,23.0
62000,88.6,23.1
64000,88.1,23.2
66000,88.2,23.2
68000,87.8,23.2
70000,88.5,23.3
