Time,Humidity,Temperature
0,46.4,23.5
2000,47.3,23.5
4000,47.5,23.6
6000,47.2,23.6
8000,47.1,23.4
10000,47.1,23.6
12000,46.9,23.5
14000,50.2,23.5
16000,56.0,23.5
18000,60.6,23.7
20000,66.4,23.6
22000,70.4,23.8
24000,73.8,23.8
26000,77.4,23.9
28000,80.0,24.2
30000,81.2,24.0
32000,83.7,24.4
34000,85.6,24.3
36000,86.4,24.4
38000,88.8,24.4
40000,89.5,24.5
42000,89.8,24.6
44000,90.7,24.5
46000,91.6,24.7
48000,92.9,24.6
50000,91.9,24.6
52000,92.1,24.6
54000,93.7,24.9
56000,94.3,24.7
58000,94.1,24.8
60000,94.4,24.8
62000,95.6,24.9
64000,94.9,24.9
66000,96.1,24.9
68000,96.0,25.0
70000,96.4,24.9
