Time,Humidity,Temperature
0,40.6,22.6
2000,40.8,22.5
4000,40.7,22.5
6000,40.8,22.6
8000,40.8,22.6
10000,40.9,22.6
12000,44.8,22.8
14000,56.5,23.0
16000,64.5,23.2
18000,70.6,23.6
20000,78.4,24.1
22000,81.7,24.3
24000,82.5,24.4
26000,88.4,24.9
28000,89.3,25.0
30000,90.0,25.2
32000,91.8,25.6
34000,92.4,25.6
36000,91.7,25.6
38000,94.1,26.1
40000,93.9,26.1
42000,93.3,26.0
44000,93.9,26.3
46000,95.6,26.6
48000,94.6,26.7
50000,94.2,26.6
52000,93.7,26.8
54000,94.9,27.0
56000,95.1,27.0
58000,94.3,27.1
60000,94.4,27.5
62000,95.1,27.4
64000,93.9,27.2
66000,95.2,27.6
68000,95.5,27.6
70000,95.1,27.8
