Time,Humidity,Temperature
0,34.0,23.4
2000,34.1,23.4
4000,33.9,23.5
6000,33.5,23.4
8000,33.6,23.3
10000,33.3,23.4
12000,33.5,23.4
14000,41.2,23.5
16000,54.2,23.9
18000,61.1,24.2
20000,62.2,24.4
22000,64.4,24.8
24000,73.4,25.5
26000,77.7,25.9
28000,78.6,25.8
30000,77.0,25.7
32000,81.3,26.3
34000,83.1,26.6
36000,84.0,26.5
38000,81.9,26.4
40000,83.8,26.9
42000,85.0,27.2
44000,85.3,27.2
46000,84.5,27.2
48000,84.5,27.4
50000,85.4,27.5
52000,85.6,27.7
54000,84.3,27.5
56000,84.3,27.5
58000,85.8,27.9
60000,85.8,28.1
62000,84.5,27.8
64000,85.0,27.9
66000,86.1,28.1
68000,86.4,28.3
70000,86.0,28.0
