Time,Humidity,Temperature
0,32.0,24.2
2000,32.7,24.2
4000,32.2,24.1
6000,32.1,24.2
8000,32.4,24.2
10000,32.1,24.2
12000,32.1,24.2
14000,38.2,24.4
16000,50.5,24.8
18000,57.0,25.1
20000,66.1,25.6
22000,70.7,26.0
24000,76.1,26.3
26000,79.7,26.4
28000,80.5,26.5
30000,83.6,27.1
32000,84.9,27.1
34000,86.7,27.5
36000,87.5,27.6
38000,86.7,27.6
40000,89.1,28.1
42000,89.3,28.1
44000,88.6,28.0
46000,89.5,28.2
48000,89.4,28.2
50000,90.1,28.5
52000,90.5,28.7
54000,89.8,28.6
56000,89.6,28.8
58000,89.9,28.6
60000,89.5,28.7
62000,90.0,29.0
64000,89.7,29.0
66000,90.4,29.4
68000,91.0,29.1
70000,91.3,29.4
