Time,Humidity,Temperature
0,41.6,21.6
2000,41.4,21.7
4000,41.1,21.7
6000,41.3,21.8
8000,41.7,21.7
10000,41.9,21.6
12000,41.7,21.7
14000,57.9,21.9
16000,76.8,22.3
18000,83.8,22.3
20000,84.7,22.3
22000,95.7,22.9
24000,99.9,23.3
26000,99.9,23.3
28000,99.8,23.1
30000,99.9,23.7
32000,99.9,24.0
34000,99.9,23.9
36000,99.9,23.7
38000,99.9,24.5
40000,99.9,24.3
42000,99.9,24.3
44000,99.9,24.5
46000,99.9,24.9
48000,99.9,24.8
50000,99.9,24.7
52000,99.9,25.1
54000,99.9,25.3
56000,99.9,25.1
58000,99.9,25.3
60000,99.9,25.6
62000,99.9,25.8
64000,99.9,25.6
66000,99.9,25.4
68000,99.9,25.8
70000,99.9,26.1
