Time,Humidity,Temperature
0,40.2,21.3
2000,39.8,21.3
4000,40.1,21.4
6000,40.2,21.4
8000,40.1,21.3
10000,40.2,21.3
12000,40.9,21.3
14000,50.4,21.6
16000,61.2,21.9
18000,69.9,22.3
20000,77.8,22.7
22000,80.6,22.7
24000,86.8,23.2
26000,89.2,23.5
28000,89.0,23.4
30000,92.2,23.9
32000,93.7,24.1
34000,93.9,24.2
36000,93.6,24.2
38000,94.9,24.7
40000,95.1,24.6
42000,95.1,24.9
44000,95.7,25.1
46000,95.5,25.1
48000,95.1,25.1
50000,96.1,25.4
52000,95.5,25.3
54000,95.3,25.5
56000,96.6,25.6
58000,96.3,25.6
60000,95.6,25.7
62000,96.1,25.9
64000,96.1,25.9
66000,95.0,25.6
68000,95.8,26.1
70000,96.5,26.4
