Time,Humidity,Temperature
0,48.2,22.9
2000,47.8,22.8
4000,48.0,22.8
6000,48.7,22.8
8000,48.5,22.8
10000,48.4,22.8
12000,48.6,22.8
14000,56.2,23.0
16000,65.5,23.4
18000,71.6,23.8
20000,78.4,24.0
22000,81.5,24.3
24000,84.8,24.5
26000,87.7,24.7
28000,88.2,24.9
30000,90.6,25.1
32000,91.3,25.4
34000,92.0,25.6
36000,93.3,25.8
38000,92.9,25.8
40000,93.7,25.9
42000,94.0,26.3
44000,93.7,26.2
46000,94.2,26.5
48000,94.5,26.5
50000,93.8,26.4
52000,94.2,26.9
54000,94.2,26.9
56000,94.0,26.8
58000,94.7,27.1
60000,94.7,27.0
62000,94.7,27.2
64000,94.7,27.3
66000,94.4,27.3
68000,95.0,27.3
70000,95.9,27.7
