Time,Humidity,Temperature
0,41.1,21.8
2000,41.2,21.8
4000,41.0,21.8
6000,41.5,21.8
8000,41.3,21.9
10000,41.1,21.9
12000,40.7,21.9
14000,48.9,22.0
16000,58.6,22.2
18000,65.8,22.5
20000,72.6,22.8
22000,77.1,23.0
24000,77.9,23.0
26000,82.1,23.3
28000,84.9,23.5
30000,86.2,23.7
32000,85.7,23.7
34000,85.7,23.9
36000,88.4,24.2
38000,89.2,24.2
40000,88.1,24.2
42000,89.1,24.4
44000,89.9,24.7
46000,90.4,24.7
48000,89.3,24.7
50000,88.9,24.7
52000,90.2,25.0
54000,89.9,25.0
56000,88.7,24.9
58000,90.8,25.3
60000,90.8,25.2
62000,89.4,25.1
64000,90.4,25.4
66000,91.0,25.4
68000,90.6,25.3
70000,90.6,25.4
