Time,Humidity,Temperature
0,48.2,22.0
2000,48.6,21.9
4000,48.4,22.0
6000,48.3,21.9
8000,48.4,21.9
10000,48.4,21.9
12000,49.8,21.9
14000,63.0,22.2
16000,77.5,22.6
18000,83.5,22.8
20000,96.1,23.5
22000,99.9,23.7
24000,99.9,23.9
26000,99.9,24.1
28000,99.9,24.5
30000,99.9,24.6
32000,99.9,24.6
34000,99.9,25.0
36000,99.9,25.2
38000,99.9,25.2
40000,99.9,25.4
42000,99.9,25.6
44000,99.9,25.5
46000,99.9,26.1
48000,99.9,26.0
50000,99.9,25.7
52000,99.9,26.3
54000,99.9,26.3
56000,99.9,26.1
58000,99.9,26.6
60000,99.9,26.6
62000,99.9,26.3
64000,99.9,26.8
66000,99.9,27.0
68000,99.9,26.7
70000,99.9,26.8
