Time,Humidity,Temperature
0,38.2,19.8
2000,38.0,19.9
4000,38.0,19.8
6000,38.4,19.8
8000,37.9,19.8
10000,37.9,19.8
12000,42.3,19.9
14000,56.3,20.0
16000,65.3,20.3
18000,69.1,20.6
20000,79.7,21.3
22000,83.1,21.4
24000,83.6,21.4
26000,86.3,21.8
28000,87.8,21.9
30000,87.3,22.0
32000,88.3,22.2
34000,90.2,22.6
36000,91.6,22.8
38000,90.4,22.7
40000,88.9,22.7
42000,89.2,22.8
44000,90.9,23.3
46000,91.5,23.5
48000,90.4,23.4
50000,88.8,23.2
52000,89.6,23.6
54000,90.5,24.0
56000,90.7,23.9
58000,89.9,23.8
60000,88.6,23.6
62000,90.2,24.1
64000,90.4,24.4
66000,90.7,24.4
68000,89.8,24.2
70000,88.9,24.3
