Time,Humidity,Temperature
0,36.7,22.0
2000,36.9,21.9
4000,36.9,21.9
6000,37.2,21.9
8000,37.0,21.8
10000,36.4,21.9
12000,36.9,21.8
14000,43.5,22.0
16000,60.2,22.2
18000,69.0,22.5
20000,70.9,22.8
22000,82.0,23.1
24000,87.3,23.5
26000,87.4,23.3
28000,88.2,23.7
30000,92.7,24.1
32000,93.9,24.2
34000,92.4,24.1
36000,90.8,24.0
38000,94.0,24.7
40000,95.9,24.8
42000,95.3,24.9
44000,94.4,24.8
46000,92.3,24.5
48000,94.9,25.3
50000,95.9,25.4
52000,95.3,25.3
54000,93.9,25.2
56000,94.7,25.4
58000,95.5,25.7
60000,95.6,25.7
62000,94.1,25.5
64000,93.5,25.5
66000,94.7,25.9
68000,95.7,25.9
70000,94.9,26.0
