Time,Humidity,Temperature
0,41.5,21.7
2000,41.5,21.5
4000,41.7,21.6
6000,41.5,21.7
8000,41.4,21.6
10000,41.9,21.7
12000,42.1,21.6
14000,52.0,21.9
16000,65.7,22.2
18000,71.8,22.4
20000,72.7,22.6
22000,79.3,23.2
24000,83.8,23.4
26000,83.9,23.5
28000,88.2,23.9
30000,91.3,24.3
32000,91.6,24.3
34000,89.9,24.2
36000,92.9,24.8
38000,94.1,24.9
40000,93.6,25.0
42000,92.6,25.0
44000,93.4,25.4
46000,94.2,25.4
48000,94.0,25.7
50000,95.2,25.9
52000,94.6,25.9
54000,93.8,25.7
56000,94.6,26.1
58000,95.8,26.4
60000,95.3,26.5
62000,93.9,26.2
64000,93.3,26.2
66000,94.9,26.7
68000,94.9,26.8
70000,94.4,26.7
