Time,Humidity,Temperature
0,39.0,22.4
2000,39.0,22.4
4000,39.3,22.4
6000,39.3,22.3
8000,38.7,22.3
10000,39.0,22.2
12000,39.0,22.5
14000,43.1,22.3
16000,54.2,22.7
18000,64.0,23.1
20000,72.0,23.4
22000,77.0,23.7
24000,82.4,24.1
26000,86.1,24.2
28000,88.4,24.5
30000,90.9,24.6
32000,92.1,24.7
34000,94.9,25.2
36000,95.5,25.2
38000,96.7,25.4
40000,98.1,25.8
42000,98.3,25.5
44000,98.2,25.8
46000,98.5,26.1
48000,98.8,26.1
50000,99.7,26.4
52000,99.4,26.4
54000,98.9,26.4
56000,99.6,26.5
58000,99.4,26.8
60000,99.9,27.0
62000,99.7,26.8
64000,99.8,27.0
66000,99.9,27.0
68000,99.9,27.2
70000,99.9,27.5
