Time,Humidity,Temperature
0,38.3,21.7
2000,38.1,21.7
4000,38.1,21.8
6000,37.9,21.8
8000,38.5,21.8
10000,38.6,21.8
12000,38.2,21.7
14000,41.8,21.9
16000,53.9,22.1
18000,62.2,22.3
20000,64.6,22.5
22000,70.8,23.0
24000,77.9,23.4
26000,80.0,23.4
28000,79.8,23.5
30000,83.0,24.0
32000,85.5,24.3
34000,85.9,24.3
36000,86.8,24.5
38000,89.0,24.8
40000,89.8,24.9
42000,89.1,24.8
44000,88.0,24.7
46000,90.0,25.3
48000,90.7,25.5
50000,90.5,25.3
52000,88.9,25.3
54000,90.3,25.8
56000,91.4,26.0
58000,90.7,25.9
60000,90.2,25.8
62000,90.3,26.0
64000,91.2,26.5
66000,91.0,26.3
68000,90.4,26.1
70000,90.8,26.5
