Time,Humidity,Temperature
0,40.7,22.6
2000,40.8,22.6
4000,41.2,22.6
6000,41.6,22.6
8000,41.7,22.5
10000,41.5,22.6
12000,41.9,22.6
14000,47.3,22.6
16000,60.8,22.8
18000,68.2,23.1
20000,70.2,23.2
22000,78.2,23.7
24000,85.0,24.0
26000,88.8,24.1
28000,87.8,24.2
30000,86.3,24.2
32000,92.5,24.8
34000,94.9,25.2
36000,95.5,25.0
38000,94.3,24.9
40000,94.8,25.2
42000,97.9,25.5
44000,98.1,25.6
46000,96.4,25.5
48000,96.7,25.5
50000,97.9,26.0
52000,98.8,26.1
54000,97.5,25.9
56000,97.2,25.9
58000,98.2,26.2
60000,98.9,26.2
62000,97.3,26.1
64000,98.6,26.5
66000,98.8,26.6
68000,99.1,26.6
70000,98.2,26.4
