Time,Humidity,Temperature
0,40.4,22.9
2000,40.8,22.7
4000,40.7,22.7
6000,40.5,22.7
8000,40.5,22.6
10000,40.5,22.8
12000,40.6,22.8
14000,44.4,22.9
16000,54.9,23.0
18000,61.5,23.4
20000,67.3,23.7
22000,73.8,24.0
24000,77.0,23.9
26000,81.4,24.5
28000,85.3,24.8
30000,86.4,24.8
32000,87.4,24.9
34000,90.5,25.3
36000,92.1,25.3
38000,91.8,25.2
40000,92.7,25.7
42000,94.2,26.0
44000,94.5,25.7
46000,94.7,26.0
48000,96.0,26.4
50000,96.2,26.2
52000,95.6,26.2
54000,96.2,26.5
56000,97.2,26.6
58000,96.6,26.4
60000,96.5,26.8
62000,97.3,26.8
64000,96.7,26.7
66000,96.5,26.8
68000,98.0,27.1
70000,98.9,27.1
