Time,Humidity,Temperature
0,46.5,25.0
2000,45.4,25.0
4000,45.7,25.1
6000,45.4,25.0
8000,45.5,25.0
10000,45.3,25.0
12000,47.7,24.9
14000,57.6,25.3
16000,67.1,25.5
18000,69.8,25.8
20000,78.3,26.3
22000,82.9,26.7
24000,84.8,26.6
26000,87.5,26.9
28000,91.2,27.1
30000,90.9,27.2
32000,92.0,27.3
34000,94.2,27.7
36000,94.2,27.8
38000,93.1,27.8
40000,94.9,28.2
42000,95.8,28.1
44000,95.5,28.2
46000,95.2,28.5
48000,95.8,28.6
50000,94.9,28.6
52000,95.9,28.7
54000,96.9,28.9
56000,95.6,28.7
58000,95.2,29.0
60000,96.5,29.0
62000,96.3,29.1
64000,95.1,28.8
66000,95.7,29.4
68000,96.7,29.6
70000,96.3,29.5
