Time,Humidity,Temperature
0,46.1,25.6
2000,45.3,25.9
4000,46.0,25.8
6000,46.0,25.8
8000,45.5,25.7
10000,44.6,26.0
12000,46.8,25.8
14000,56.4,26.1
16000,60.9,26.0
18000,63.8,26.2
20000,67.4,26.3
22000,72.5,26.5
24000,75.7,26.6
26000,76.5,27.0
28000,81.2,27.3
30000,83.9,27.0
32000,83.8,27.4
34000,84.3,27.8
36000,86.9,27.9
38000,87.2,28.1
40000,89.0,28.1
42000,90.5,28.6
44000,90.3,28.4
46000,90.9,28.4
48000,89.7,28.5
50000,91.6,28.7
52000,91.9,28.9
54000,91.4,28.8
56000,91.1,29.0
58000,91.4,29.2
60000,90.5,29.1
62000,93.4,29.2
64000,92.9,29.4
66000,92.8,29.3
68000,92.2,29.4
70000,94.9,29.9
