Time,Humidity,Temperature
0,45.3,21.3
2000,45.3,21.5
4000,45.1,21.2
6000,45.2,21.4
8000,45.3,21.5
10000,45.7,21.3
12000,45.9,21.4
14000,48.7,21.5
16000,54.7,22.0
18000,59.7,22.0
20000,66.6,22.0
22000,69.3,22.1
24000,72.9,22.4
26000,76.3,23.0
28000,79.0,22.8
30000,79.9,22.9
32000,84.3,23.4
34000,85.3,23.6
36000,87.0,23.8
38000,87.5,24.0
40000,89.0,24.1
42000,91.0,24.3
44000,91.4,24.3
46000,90.7,24.3
48000,92.6,24.8
50000,93.0,24.8
52000,92.8,24.6
54000,94.7,25.0
56000,94.7,25.2
58000,94.1,24.9
60000,94.6,25.1
62000,95.4,25.2
64000,94.9,25.3
66000,95.7,25.4
68000,96.9,25.6
70000,96.7,25.4
