Time,Humidity,Temperature
0,40.2,24.5
2000,39.7,24.4
4000,40.4,24.5
6000,40.9,24.5
8000,40.3,24.5
10000,40.1,24.5
12000,39.8,24.3
14000,44.0,24.5
16000,50.1,24.6
18000,57.1,24.8
20000,61.9,24.9
22000,65.2,25.0
24000,68.5,25.3
26000,72.1,25.5
28000,74.1,25.6
30000,76.6,25.6
32000,78.3,25.9
34000,78.9,25.9
36000,81.8,26.2
38000,83.1,26.3
40000,83.9,26.2
42000,83.4,26.4
44000,85.5,26.6
46000,85.5,26.4
48000,85.8,26.7
50000,86.8,26.8
52000,87.1,26.8
54000,87.3,26.9
56000,87.1,27.1
58000,87.5,27.0
60000,88.5,27.1
62000,89.2,27.2
64000,88.7,27.3
66000,89.8,27.4
68000,89.4,27.4
70000,91.0,27.4
