Time,Humidity,Temperature
0,49.5,21.8
2000,49.8,21.8
4000,50.1,21.8
6000,49.5,21.8
8000,50.1,21.8
10000,49.5,21.8
12000,51.2,21.9
14000,57.4,22.1
16000,62.6,22.2
18000,67.2,22.7
20000,72.5,23.0
22000,74.7,23.1
24000,78.3,23.6
26000,81.4,23.8
28000,82.9,23.9
30000,83.5,23.8
32000,86.0,24.3
34000,87.4,24.4
36000,87.1,24.4
38000,90.2,24.9
40000,90.0,25.0
42000,90.2,25.1
44000,90.2,25.0
46000,91.0,25.2
48000,92.3,25.6
50000,91.9,25.5
52000,92.3,25.7
54000,92.7,25.7
56000,92.2,25.6
58000,92.9,26.1
60000,93.4,26.1
62000,93.2,26.1
64000,93.0,26.1
66000,93.7,26.1
68000,93.2,26.3
70000,93.7,26.9
