Time,Humidity,Temperature
0,33.5,24.4
2000,34.3,24.7
4000,34.3,24.4
6000,34.0,24.6
8000,33.9,24.5
10000,33.9,24.7
12000,35.5,24.6
14000,42.0,24.8
16000,48.4,25.0
18000,52.2,25.0
20000,58.7,25.2
22000,62.7,25.4
24000,64.2,25.2
26000,68.5,25.8
28000,72.1,26.1
30000,73.2,26.3
32000,72.9,26.2
34000,75.1,26.5
36000,78.0,26.6
38000,78.2,27.0
40000,78.0,26.7
42000,78.9,26.7
44000,79.8,27.3
46000,79.7,26.9
48000,80.6,27.1
50000,82.2,27.5
52000,82.2,27.4
54000,81.1,27.3
56000,81.3,27.5
58000,82.4,27.6
60000,82.8,27.8
62000,81.9,27.6
64000,82.1,28.1
66000,83.2,28.2
68000,83.2,27.9
70000,82.3,27.9
