Time,Humidity,Temperature
0,38.1,18.3
2000,37.5,18.2
4000,38.0,18.2
6000,37.9,18.3
8000,37.9,18.2
10000,38.4,18.1
12000,38.4,18.4
14000,41.6,18.3
16000,48.4,18.2
18000,53.1,18.7
20000,55.5,18.8
22000,60.7,18.9
24000,65.9,19.5
26000,69.0,19.8
28000,70.7,20.0
30000,71.6,20.0
32000,71.7,20.1
34000,75.7,20.9
36000,78.4,21.0
38000,80.3,20.9
40000,78.9,20.8
42000,78.2,20.8
44000,81.6,21.7
46000,83.7,21.8
48000,84.0,21.6
50000,83.5,21.8
52000,83.1,21.4
54000,84.6,22.0
56000,86.6,22.1
58000,86.6,22.2
60000,86.0,22.2
62000,84.9,21.7
64000,85.9,22.3
66000,87.6,22.6
68000,87.7,22.7
70000,86.9,22.5
