Time,Humidity,Temperature
0,42.7,20.5
2000,41.5,20.3
4000,41.1,20.1
6000,41.3,20.0
8000,40.8,20.3
10000,41.8,20.2
12000,42.2,20.2
14000,46.6,20.5
16000,52.8,20.7
18000,56.5,20.6
20000,61.4,20.9
22000,66.6,21.3
24000,69.5,21.5
26000,70.6,21.7
28000,73.8,22.2
30000,76.8,22.5
32000,79.6,22.6
34000,80.1,22.5
36000,79.4,22.5
38000,81.5,22.8
40000,83.4,23.5
42000,85.0,23.3
44000,83.9,23.2
46000,85.0,23.4
48000,86.2,23.9
50000,86.9,23.9
52000,87.6,23.7
54000,86.3,23.7
56000,85.6,23.9
58000,88.0,24.4
60000,87.9,24.2
62000,87.3,24.0
64000,87.9,24.4
66000,89.2,24.3
68000,90.0,24.6
70000,89.2,24.4
