Time,Humidity,Temperature
0,48.1,18.7
2000,48.1,18.5
4000,47.7,18.6
6000,48.4,18.7
8000,48.0,18.5
10000,47.9,18.7
12000,47.5,18.5
14000,52.8,18.7
16000,62.3,18.8
18000,68.0,19.3
20000,70.9,19.0
22000,77.9,19.4
24000,82.8,19.3
26000,84.2,19.6
28000,84.8,19.9
30000,89.8,20.4
32000,92.3,20.7
34000,93.8,20.8
36000,92.9,20.8
38000,96.2,21.2
40000,97.4,21.6
42000,97.0,21.4
44000,95.7,21.5
46000,98.9,22.1
48000,99.9,21.8
50000,99.9,22.0
52000,99.4,22.2
54000,99.8,22.3
56000,99.9,22.6
58000,99.9,22.5
60000,99.5,22.4
62000,99.9,22.6
64000,99.9,22.9
66000,99.9,23.0
68000,99.9,22.9
70000,99.9,22.8
