Time,Humidity,Temperature
0,35.1,25.7
2000,35.0,25.8
4000,34.9,26.0
6000,35.1,25.8
8000,35.3,25.7
10000,35.0,25.9
12000,35.9,25.8
14000,40.3,26.2
16000,46.0,26.0
18000,48.7,26.2
20000,52.8,26.6
22000,56.9,26.5
24000,59.1,26.8
26000,59.3,26.8
28000,62.7,27.2
30000,66.1,27.4
32000,67.2,27.7
34000,66.4,27.9
36000,68.5,27.9
38000,70.4,28.4
40000,71.5,28.6
42000,71.3,28.5
44000,70.9,28.6
46000,72.6,29.1
48000,74.1,29.3
50000,73.8,29.3
52000,72.8,28.8
54000,73.9,29.3
56000,75.1,29.7
58000,75.4,29.7
60000,75.1,29.4
62000,74.7,29.5
64000,76.4,30.0
66000,75.7,30.0
68000,76.0,30.0
70000,75.1,29.7
