Time,Humidity,Temperature
0,43.6,25.7
2000,43.3,25.8
4000,44.7,25.7
6000,43.8,25.8
8000,44.0,25.7
10000,43.5,25.8
12000,44.4,25.9
14000,51.3,25.9
16000,57.1,26.1
18000,61.2,26.2
20000,65.9,26.3
22000,70.5,26.9
24000,73.6,27.0
26000,74.1,27.2
28000,76.8,27.5
30000,81.3,28.1
32000,83.3,28.3
34000,82.7,28.3
36000,84.0,28.7
38000,86.2,29.0
40000,87.3,29.0
42000,87.9,29.1
44000,89.3,29.2
46000,90.0,29.8
48000,90.9,29.2
50000,90.9,29.3
52000,90.8,29.4
54000,91.3,29.7
56000,91.2,29.7
58000,92.8,30.1
60000,93.7,30.1
62000,93.1,30.4
64000,92.0,30.1
66000,92.7,30.3
68000,93.8,30.3
70000,94.6,30.6
