Time,Humidity,Temperature
0,43.4,22.0
2000,43.3,22.1
4000,43.5,21.6
6000,43.5,22.3
8000,43.8,21.9
10000,43.4,21.9
12000,43.5,21.9
14000,47.2,22.3
16000,55.3,22.5
18000,61.8,22.6
20000,64.9,22.4
22000,67.4,22.4
24000,67.6,22.6
26000,71.6,23.0
28000,76.7,23.2
30000,79.1,23.8
32000,79.7,23.8
34000,82.3,23.9
36000,81.8,24.0
38000,82.6,24.1
40000,80.8,23.9
42000,81.3,24.5
44000,84.8,25.0
46000,86.4,25.2
48000,86.8,25.1
50000,86.9,25.3
52000,86.3,25.2
54000,85.2,24.9
56000,85.9,25.4
58000,87.9,26.0
60000,88.5,25.7
62000,88.6,26.2
64000,88.4,25.8
66000,87.8,25.8
68000,87.9,25.9
70000,85.9,25.8
