Time,Humidity,Temperature
0,36.3,18.4
2000,36.2,18.3
4000,36.2,18.5
6000,36.5,18.4
8000,36.8,18.3
10000,36.3,18.4
12000,38.2,18.4
14000,49.4,18.7
16000,65.8,19.0
18000,73.7,19.3
20000,75.3,19.5
22000,75.3,19.5
24000,85.0,20.5
26000,89.0,20.7
28000,89.9,20.7
30000,89.1,20.7
32000,92.4,21.2
34000,95.0,21.6
36000,94.4,21.6
38000,92.9,21.4
40000,94.6,21.8
42000,96.5,22.2
44000,96.2,22.4
46000,94.9,22.3
48000,94.5,22.3
50000,96.1,22.8
52000,96.4,23.0
54000,95.9,22.8
56000,95.1,22.8
58000,96.8,23.3
60000,97.5,23.4
62000,95.8,23.4
64000,94.8,23.1
66000,96.0,23.6
68000,97.1,23.8
70000,97.3,23.8
