Time,Humidity,Temperature
0,33.6,16.7
2000,33.8,16.7
4000,33.7,16.8
6000,33.5,16.7
8000,33.6,16.6
10000,33.6,16.7
12000,33.5,16.7
14000,39.7,17.0
16000,51.3,17.1
18000,57.3,17.5
20000,58.5,17.6
22000,66.9,18.0
24000,73.7,18.5
26000,76.4,18.6
28000,76.4,18.6
30000,78.3,18.8
32000,82.9,19.4
34000,85.1,19.4
36000,84.8,19.5
38000,83.8,19.3
40000,87.2,19.9
42000,88.4,20.0
44000,87.9,20.0
46000,87.7,20.2
48000,89.8,20.4
50000,90.3,20.5
52000,89.1,20.2
54000,89.4,20.7
56000,91.1,20.9
58000,91.4,21.0
60000,90.3,21.2
62000,89.3,21.1
64000,90.9,21.3
66000,91.2,21.6
68000,91.1,21.4
70000,90.3,21.2
