Time,Humidity,Temperature
0,48.0,19.6
2000,47.7,19.5
4000,47.4,19.6
6000,48.3,19.5
8000,47.5,19.6
10000,47.8,19.6
12000,47.7,19.7
14000,56.2,19.8
16000,69.2,19.9
18000,76.1,20.4
20000,77.6,20.5
22000,84.5,20.8
24000,91.4,21.2
26000,95.0,21.2
28000,93.5,21.5
30000,96.2,21.6
32000,99.9,21.8
34000,99.9,22.1
36000,99.9,22.1
38000,99.9,21.9
40000,99.9,22.4
42000,99.9,22.6
44000,99.9,22.7
46000,99.9,22.8
48000,99.9,22.5
50000,99.9,22.8
52000,99.9,23.4
54000,99.9,23.5
56000,99.9,23.2
58000,99.9,22.9
60000,99.9,23.4
62000,99.9,23.9
64000,99.9,23.9
66000,99.9,23.7
68000,99.9,23.5
70000,99.9,24.2
