Time,Humidity,Temperature
0,38.5,22.1
2000,38.2,22.1
4000,38.8,22.0
6000,38.4,22.0
8000,38.5,22.2
10000,38.7,22.1
12000,38.5,22.2
14000,45.6,22.3
16000,59.9,22.5
18000,68.3,22.7
20000,72.1,22.9
22000,82.2,23.3
24000,87.2,23.6
26000,87.9,23.7
28000,86.8,23.7
30000,92.7,23.9
32000,95.1,24.2
34000,94.0,24.2
36000,93.8,24.4
38000,96.5,24.5
40000,96.5,24.6
42000,95.0,24.7
44000,97.1,24.9
46000,97.9,25.1
48000,97.9,25.1
50000,96.9,25.1
52000,97.1,25.2
54000,97.8,25.6
56000,97.1,25.4
58000,95.7,25.2
60000,97.5,25.8
62000,97.9,25.9
64000,97.3,25.8
66000,96.4,25.6
68000,97.5,26.2
70000,98.2,26.2
