Time,Humidity,Temperature
0,35.2,18.3
2000,34.8,18.3
4000,34.7,18.3
6000,34.9,18.4
8000,35.1,18.3
10000,35.1,18.2
12000,34.4,18.3
14000,39.1,18.4
16000,50.1,18.7
18000,57.6,19.0
20000,62.5,19.5
22000,70.5,19.9
24000,75.8,20.2
26000,77.8,20.3
28000,79.0,20.4
30000,80.0,20.4
32000,85.3,21.2
34000,88.4,21.4
36000,88.3,21.5
38000,88.5,21.3
40000,87.7,21.3
42000,90.4,21.9
44000,91.4,22.3
46000,91.6,22.2
48000,90.0,22.0
50000,91.5,22.4
52000,93.2,22.8
54000,92.3,22.8
56000,91.7,22.6
58000,93.8,23.1
60000,93.9,23.2
62000,93.0,23.0
64000,92.4,23.1
66000,93.7,23.6
68000,94.8,23.6
70000,94.9,23.5
