Time,Humidity,Temperature
0,51.6,17.7
2000,51.7,17.6
4000,52.2,17.7
6000,52.1,17.7
8000,52.0,17.7
10000,52.2,17.7
12000,55.2,17.7
14000,66.9,17.9
16000,77.1,18.2
18000,80.5,18.4
20000,84.6,18.6
22000,92.2,19.1
24000,96.1,19.2
26000,96.6,19.1
28000,97.4,19.4
30000,99.9,19.7
32000,99.9,20.0
34000,99.9,20.0
36000,99.9,19.8
38000,99.9,20.0
40000,99.9,20.5
42000,99.9,20.6
44000,99.9,20.5
46000,99.9,20.6
48000,99.9,21.0
50000,99.9,21.1
52000,99.9,21.0
54000,99.9,21.1
56000,99.9,21.2
58000,99.9,21.2
60000,99.9,21.2
62000,99.9,21.5
64000,99.9,21.7
66000,99.9,21.7
68000,99.9,21.5
70000,99.9,21.3
