Time,Humidity,Temperature
0,35.4,17.9
2000,35.6,18.0
4000,35.8,18.0
6000,35.2,18.0
8000,35.3,18.0
10000,35.2,18.0
12000,35.2,17.9
14000,41.7,18.1
16000,51.7,18.6
18000,57.0,18.7
20000,64.1,19.3
22000,69.9,19.7
24000,73.4,19.7
26000,74.1,19.9
28000,78.3,20.3
30000,81.2,20.5
32000,81.3,20.5
34000,82.4,20.7
36000,85.1,21.1
38000,85.9,21.3
40000,85.4,21.2
42000,85.8,21.3
44000,87.1,21.7
46000,86.7,21.7
48000,86.3,21.5
50000,88.4,22.3
52000,89.4,22.3
54000,88.7,22.2
56000,87.1,22.0
58000,88.9,22.4
60000,89.3,22.7
62000,88.8,22.6
64000,87.6,22.3
66000,89.5,22.8
68000,89.4,22.8
70000,89.3,22.8
