Time,Humidity,Temperature
0,44.1,20.0
2000,44.6,19.7
4000,44.5,20.1
6000,44.4,20.1
8000,44.6,20.0
10000,44.4,20.1
12000,48.1,20.2
14000,59.2,20.3
16000,67.9,20.7
18000,73.9,20.8
20000,81.8,21.2
22000,85.7,21.3
24000,87.7,21.4
26000,92.8,21.9
28000,94.3,22.0
30000,94.5,22.1
32000,98.8,22.5
34000,99.1,22.3
36000,98.7,22.2
38000,99.9,22.8
40000,99.9,22.9
42000,99.9,22.7
44000,99.9,23.3
46000,99.9,23.2
48000,99.9,23.4
50000,99.9,23.6
52000,99.9,23.5
54000,99.9,23.9
56000,99.9,23.7
58000,99.9,23.8
60000,99.9,23.8
62000,99.9,24.1
64000,99.9,24.0
66000,99.9,24.1
68000,99.9,24.1
70000,99.9,24.3
