Time,Humidity,Temperature
0,52.7,17.7
2000,52.8,17.6
4000,52.5,17.6
6000,52.4,17.7
8000,52.4,17.7
10000,52.6,17.7
12000,54.0,17.8
14000,64.4,17.9
16000,74.5,18.1
18000,78.4,18.6
20000,87.1,19.1
22000,92.3,19.4
24000,93.5,19.4
26000,96.1,19.8
28000,99.1,20.1
30000,99.5,20.2
32000,99.9,20.7
34000,99.9,21.0
36000,99.9,21.1
38000,99.9,20.9
40000,99.9,21.3
42000,99.9,21.6
44000,99.9,21.5
46000,99.9,21.8
48000,99.9,22.0
50000,99.9,22.0
52000,99.9,22.1
54000,99.9,22.4
56000,99.9,22.4
58000,99.9,22.3
60000,99.9,22.6
62000,99.9,22.6
64000,99.9,22.7
66000,99.9,22.9
68000,99.9,22.8
70000,99.9,23.2
