Time,Humidity,Temperature
0,29.9,24.3
2000,29.9,24.4
4000,30.2,24.3
6000,29.9,24.2
8000,30.0,24.1
10000,30.1,24.5
12000,29.9,24.3
14000,35.4,24.4
16000,45.9,24.6
18000,51.2,24.7
20000,58.8,25.2
22000,66.3,25.8
24000,69.9,25.9
26000,70.3,25.8
28000,76.1,26.2
30000,78.5,26.4
32000,78.3,26.4
34000,83.2,27.0
36000,84.6,27.0
38000,84.8,27.0
40000,87.1,27.4
42000,88.2,27.5
44000,87.1,27.3
46000,89.3,27.8
48000,89.9,28.0
50000,90.0,27.8
52000,88.9,27.8
54000,90.4,28.2
56000,90.8,28.0
58000,90.3,28.2
60000,91.0,28.5
62000,90.7,28.2
64000,91.2,28.7
66000,91.5,28.7
68000,92.1,28.6
70000,94.7,29.0
