Time,Humidity,Temperature
0,50.1,16.3
2000,49.9,16.5
4000,49.9,16.5
6000,49.9,16.7
8000,49.6,16.5
10000,49.6,16.6
12000,49.6,16.4
14000,53.2,16.7
16000,59.4,16.4
18000,64.0,17.0
20000,69.9,16.9
22000,73.3,16.7
24000,74.8,17.1
26000,79.1,17.3
28000,80.6,17.4
30000,82.2,17.5
32000,85.9,17.6
34000,87.4,17.6
36000,87.8,17.6
38000,89.4,18.1
40000,89.3,18.1
42000,90.6,18.0
44000,92.4,18.2
46000,93.1,18.1
48000,93.3,18.3
50000,94.5,18.5
52000,94.3,18.4
54000,94.1,18.5
56000,95.7,18.7
58000,95.3,18.5
60000,95.4,18.7
62000,95.8,18.8
64000,96.9,19.0
66000,96.3,18.8
68000,96.6,19.1
70000,97.3,19.2
