Time,Humidity,Temperature
0,42.8,16.0
2000,42.7,16.0
4000,42.8,16.0
6000,43.0,15.9
8000,43.0,16.0
10000,42.9,16.0
12000,42.5,15.9
14000,47.3,16.2
16000,55.8,16.1
18000,59.5,16.2
20000,61.7,16.4
22000,69.3,16.5
24000,74.6,16.8
26000,75.0,16.8
28000,78.2,17.1
30000,82.8,17.5
32000,83.8,17.3
34000,85.4,17.4
36000,85.9,17.4
38000,88.7,17.9
40000,89.2,17.8
42000,89.7,17.7
44000,90.1,17.6
46000,91.2,17.8
48000,92.2,18.0
50000,93.1,18.0
52000,94.8,18.0
54000,93.2,18.0
56000,94.4,18.3
58000,94.1,18.3
60000,93.5,18.2
62000,93.6,18.4
64000,94.8,18.4
66000,96.0,18.5
68000,94.8,18.5
70000,94.7,18.6
