Time,Humidity,Temperature
0,44.5,20.0
2000,43.8,19.9
4000,43.5,20.4
6000,44.6,20.0
8000,44.0,19.9
10000,44.2,19.9
12000,43.6,20.0
14000,48.2,20.0
16000,53.7,20.4
18000,58.7,20.1
20000,64.6,20.4
22000,67.5,20.8
24000,69.7,20.7
26000,73.8,20.9
28000,76.2,21.1
30000,77.7,21.1
32000,80.5,21.2
34000,82.5,21.0
36000,84.3,21.2
38000,85.9,21.3
40000,86.3,21.2
42000,87.8,21.6
44000,88.9,21.4
46000,88.8,21.5
48000,90.0,21.7
50000,90.4,21.7
52000,91.8,21.9
54000,92.2,21.9
56000,92.0,21.8
58000,93.4,22.2
60000,93.5,22.0
62000,92.7,22.2
64000,94.0,22.1
66000,94.7,22.1
68000,93.7,22.1
70000,94.8,22.3
