Time,Humidity,Temperature
0,32.4,22.7
2000,32.6,22.6
4000,33.3,22.5
6000,32.9,22.6
8000,33.0,22.7
10000,32.1,22.4
12000,33.8,22.6
14000,38.9,22.4
16000,48.2,22.9
18000,52.5,22.8
20000,54.2,23.1
22000,59.4,22.8
24000,65.6,23.3
26000,66.9,23.4
28000,67.0,23.3
30000,72.4,23.6
32000,74.0,23.6
34000,74.7,23.5
36000,74.8,23.7
38000,77.3,23.8
40000,77.1,24.2
42000,77.8,23.8
44000,79.6,24.2
46000,79.2,24.2
48000,78.8,24.1
50000,80.6,24.4
52000,81.1,24.5
54000,81.8,24.3
56000,81.0,24.3
58000,80.8,24.3
60000,81.8,24.8
62000,82.4,24.9
64000,81.0,24.3
66000,82.0,24.4
68000,83.0,24.8
70000,82.9,24.9
