Time,Humidity,Temperature
0,35.8,16.1
2000,36.6,16.1
4000,35.4,16.1
6000,35.5,16.0
8000,36.2,16.1
10000,35.8,16.0
12000,36.1,16.0
14000,43.8,16.1
16000,55.1,16.1
18000,60.9,16.2
20000,71.1,16.5
22000,76.6,16.6
24000,78.7,16.8
26000,81.6,17.2
28000,85.5,17.2
30000,87.1,17.1
32000,87.6,17.2
34000,87.1,17.2
36000,88.6,17.5
38000,89.2,17.7
40000,88.7,17.2
42000,89.9,17.7
44000,91.0,18.0
46000,90.8,17.8
48000,89.1,17.7
50000,91.2,17.8
52000,91.8,18.0
54000,91.0,18.0
56000,89.9,17.9
58000,90.9,18.2
60000,92.0,18.3
62000,91.4,18.2
64000,90.1,18.1
66000,90.3,18.1
68000,91.6,18.4
70000,91.9,18.6
