Time,Humidity,Temperature
0,36.1,17.4
2000,36.4,17.2
4000,36.2,17.4
6000,36.2,17.4
8000,36.2,17.1
10000,35.5,17.2
12000,35.7,17.4
14000,39.4,17.1
16000,45.1,17.2
18000,48.9,17.5
20000,52.2,17.7
22000,56.9,18.0
24000,59.5,18.3
26000,61.7,18.1
28000,66.6,18.3
30000,69.2,18.3
32000,70.1,18.4
34000,69.8,18.5
36000,73.4,18.7
38000,75.2,18.8
40000,75.7,18.8
42000,76.5,18.9
44000,77.9,18.9
46000,78.1,19.1
48000,78.4,18.8
50000,81.0,19.1
52000,81.8,19.1
54000,81.2,19.2
56000,80.6,18.9
58000,82.7,19.2
60000,83.9,19.1
62000,82.9,19.3
64000,83.1,19.4
66000,84.4,19.6
68000,84.9,19.5
70000,85.3,19.5
