Time,Humidity,Temperature
0,39.7,20.8
2000,40.5,20.8
4000,40.4,21.0
6000,40.7,21.1
8000,39.6,21.0
10000,40.5,21.1
12000,40.6,21.2
14000,42.2,21.1
16000,48.4,20.9
18000,54.7,21.1
20000,59.0,21.3
22000,66.0,21.3
24000,69.4,21.7
26000,71.0,21.6
28000,75.9,21.9
30000,79.4,22.0
32000,80.9,22.1
34000,81.0,22.1
36000,84.7,22.1
38000,85.8,22.4
40000,86.8,22.3
42000,85.4,22.3
44000,89.1,22.6
46000,89.5,22.9
48000,88.7,22.8
50000,90.0,22.9
52000,91.5,22.8
54000,89.7,22.9
56000,92.0,22.9
58000,92.6,23.1
60000,92.1,23.2
62000,93.2,23.3
64000,92.8,23.3
66000,93.3,23.5
68000,94.5,23.5
70000,95.0,23.5
