Time,Humidity,Temperature
0,40.8,20.1
2000,40.6,20.1
4000,40.4,20.1
6000,40.7,20.1
8000,40.4,20.0
10000,41.6,20.1
12000,41.0,20.1
14000,45.1,20.3
16000,51.6,20.3
18000,56.4,20.2
20000,62.6,20.6
22000,66.6,20.7
24000,67.0,20.6
26000,72.8,20.9
28000,74.3,21.0
30000,76.1,21.1
32000,78.9,21.3
34000,79.6,21.2
36000,80.2,21.5
38000,82.6,21.3
40000,83.2,21.6
42000,83.5,21.6
44000,84.1,21.7
46000,85.8,21.6
48000,85.3,21.8
50000,86.6,21.8
52000,86.1,21.8
54000,86.6,21.9
56000,86.3,21.9
58000,87.8,21.9
60000,88.0,22.3
62000,87.3,22.3
64000,86.9,22.3
66000,87.2,22.4
68000,87.7,22.3
70000,88.9,22.3
