Time,Humidity,Temperature
0,44.6,17.5
2000,43.5,17.3
4000,43.9,17.4
6000,43.6,17.3
8000,43.5,17.3
10000,43.6,17.6
12000,43.5,17.0
14000,46.3,17.2
16000,52.5,17.3
18000,58.0,17.6
20000,63.3,17.5
22000,66.4,17.8
24000,69.2,17.9
26000,73.1,18.1
28000,74.8,18.1
30000,78.2,18.4
32000,79.5,18.2
34000,80.4,18.3
36000,82.6,18.3
38000,82.1,18.2
40000,86.3,18.8
42000,86.2,18.4
44000,88.5,18.7
46000,87.7,18.7
48000,88.0,18.9
50000,89.7,18.6
52000,89.9,18.9
54000,91.1,18.9
56000,91.3,18.9
58000,91.0,18.9
60000,91.3,19.2
62000,92.1,19.1
64000,91.7,19.1
66000,92.0,19.0
68000,93.0,19.0
70000,94.4,19.4
