Time,Humidity,Temperature
0,41.1,20.3
2000,41.0,20.2
4000,41.0,20.1
6000,41.2,20.1
8000,41.0,20.2
10000,40.8,20.3
12000,41.2,20.3
14000,47.0,20.2
16000,60.1,20.3
18000,69.0,20.4
20000,71.0,20.4
22000,80.1,20.6
24000,85.3,20.9
26000,86.7,20.8
28000,88.4,21.0
30000,91.9,21.2
32000,93.4,21.1
34000,93.4,21.3
36000,97.3,21.5
38000,98.2,21.6
40000,97.3,21.4
42000,96.4,21.3
44000,97.3,21.6
46000,98.3,21.9
48000,97.8,21.8
50000,96.7,21.7
52000,97.3,21.7
54000,98.3,21.9
56000,98.8,21.8
58000,97.2,21.9
60000,97.4,21.8
62000,98.7,22.2
64000,98.8,22.2
66000,97.6,22.0
68000,99.3,22.1
70000,99.9,22.4
