Time,Humidity,Temperature
4,38.50,20.30
2009,38.70,20.30
4014,38.80,20.30
6018,39.00,20.30
8022,38.90,20.30
10025,39.00,20.30
12029,48.30,20.80
14033,57.20,21.10
16037,63.50,21.20
18041,70.40,21.80
20047,75.40,22.10
22051,78.60,22.10
24055,83.40,22.80
26059,85.70,23.00
28063,86.40,22.90
30067,90.90,23.30
32071,93.20,23.50
34077,91.40,23.40
36081,97.60,23.80
38085,99.50,23.90
40091,95.60,23.80
42095,99.90,24.40
44099,99.90,24.60
46104,99.90,24.50
48108,99.90,25.10
50113,99.90,25.40
52117,99.90,25.20
54121,99.90,25.70
56125,99.90,26.00
58131,99.90,25.70
60135,99.90,26.10
62139,99.90,26.40
64143,99.90,26.20
66149,99.90,26.50
68153,99.90,26.80
70157,99.90,26.70