Time,Humidity,Temperature
3,37.70,19.30
2007,37.70,19.30
4011,37.80,19.30
6014,37.80,19.30
8018,37.90,19.30
10022,38.40,19.30
12026,40.40,19.40
14030,50.60,19.90
16035,59.20,20.40
18040,65.70,20.70
20046,70.50,20.60
22050,74.00,20.50
24054,77.60,20.70
26058,81.70,21.20
28062,86.00,21.70
30066,88.90,22.00
32072,88.40,21.90
34076,88.20,21.70
36080,89.20,21.70
38084,92.70,22.20
40088,99.70,22.80
42093,99.80,23.00
44097,94.60,22.80
46101,94.70,22.80
48105,99.90,23.30
50110,99.90,23.80
52114,99.90,23.90
54118,98.50,23.60
56123,99.90,23.70
58127,99.90,24.20
60132,99.90,24.20
62137,97.30,24.00
64141,99.90,24.40
66146,99.90,25.10
68150,99.90,25.40
70154,99.90,25.00