Time,Humidity,Temperature
4,35.60,19.80
2009,35.70,19.80
4013,35.80,19.80
6017,35.90,19.80
8020,35.90,19.80
10024,35.80,19.80
12028,35.80,19.80
14032,45.80,20.40
16037,55.20,20.80
18042,62.20,20.80
20048,68.00,21.10
22052,73.80,21.70
24056,77.90,21.90
26060,80.30,21.80
28064,84.00,22.30
30070,89.40,22.80
32074,87.60,22.60
34078,91.00,22.90
36082,99.90,23.60
38088,99.30,23.70
40092,93.60,23.30
42096,99.90,23.80
44101,99.90,24.50
46105,99.90,24.50
48109,97.30,24.10
50115,99.90,24.60
52119,99.90,25.20
54123,99.90,25.30
56128,99.90,25.00
58132,96.20,24.50
60136,99.90,25.00
62142,99.90,25.70
64146,99.90,25.90
66150,99.90,25.50
68156,97.80,25.20
70160,99.90,25.60