Time,Humidity,Temperature
3,37.50,19.70
2007,37.40,19.70
4011,37.50,19.70
6014,37.50,19.70
8019,37.60,19.70
10025,37.60,19.70
12029,37.90,19.70
14033,46.30,20.10
16037,56.00,20.70
18041,63.50,21.00
20045,68.70,21.00
22050,72.40,20.80
24055,76.50,21.20
26059,80.40,21.80
28063,82.80,22.00
30067,84.20,21.80
32071,87.00,22.20
34077,93.30,22.80
36081,96.90,23.00
38085,92.00,22.80
40089,91.40,22.70
42093,97.60,23.20
44098,99.90,23.70
46102,99.90,23.70
48107,95.70,23.50
50111,99.90,23.80
52115,99.90,24.30
54120,99.90,24.50
56124,99.90,24.20
58129,99.90,24.60
60133,99.90,25.00
62137,99.90,24.90
64142,99.10,24.60
66146,99.90,24.70
68150,99.90,25.20
70155,99.90,25.50