Time,Humidity,Temperature
3,37.30,20.30
2008,37.30,20.30
4012,37.30,20.30
6016,37.30,20.30
8019,37.40,20.30
10023,37.30,20.30
12027,38.80,20.30
14031,48.60,21.00
16036,57.60,21.30
18041,64.40,21.50
20047,71.20,22.20
22051,76.40,22.60
24055,79.30,22.60
26059,81.50,22.40
28063,85.40,22.90
30069,90.40,23.40
32073,91.40,23.40
34077,89.70,23.20
36081,92.30,23.50
38086,99.90,24.30
40090,99.90,24.30
42095,99.90,24.50
44099,99.90,25.00
46103,99.90,25.10
48109,97.40,24.80
50113,96.10,24.80
52117,99.90,25.30
54123,99.90,25.40
56127,99.40,25.30
58131,99.90,25.50
60136,99.90,25.90
62140,99.90,25.90
64144,99.90,25.80
66150,99.90,26.10
68154,99.90,26.50
70158,99.90,26.50