Time,Humidity,Temperature
3,39.10,19.70
2008,39.10,19.70
4012,39.20,19.70
6016,39.10,19.70
8019,39.20,19.70
10023,39.20,19.70
12027,39.90,19.70
14031,48.60,20.00
16035,56.80,20.30
18039,63.20,20.40
20045,68.50,20.50
22049,73.60,20.90
24053,77.90,21.30
26057,81.30,21.60
28061,83.60,21.60
30065,85.70,21.70
32070,89.40,22.10
34074,96.10,22.50
36078,98.40,22.70
38082,98.40,22.70
40087,99.00,22.80
42091,99.90,23.30
44095,99.90,23.60
46100,99.90,23.70
48104,99.90,23.60
50109,99.90,23.70
52113,99.90,24.10
54117,99.90,24.50
56122,99.90,24.60
58126,99.90,24.50
60132,99.90,24.40
62136,99.90,24.70
64140,99.90,25.20
66145,99.90,25.40
68149,99.90,25.30
70155,99.90,25.10