Time,Humidity,Temperature
3,41.20,18.60
2007,40.90,18.60
4011,40.90,18.60
6014,40.90,18.60
8018,40.90,18.60
10022,40.80,18.60
12026,40.80,18.60
14032,48.90,18.90
16036,57.80,19.60
18042,65.10,20.20
20046,70.30,20.30
22050,73.80,20.10
24054,77.30,20.30
26059,81.60,20.90
28063,85.90,21.40
30069,86.80,21.50
32073,87.20,21.30
34077,90.00,21.60
36081,96.80,22.10
38085,99.30,22.40
40089,94.40,22.20
42095,92.20,22.00
44099,94.40,22.30
46103,99.90,22.80
48107,99.90,23.30
50112,99.90,23.40
52116,97.10,23.10
54120,95.00,22.90
56126,99.90,23.40
58130,99.90,23.90
60134,99.90,24.20
62139,99.90,24.00
64143,95.60,23.60
66147,99.30,23.90
68152,99.90,24.50
70156,99.90,24.60