Time,Humidity,Temperature
3,37.90,20.30
2007,37.90,20.30
4011,37.80,20.30
6014,37.90,20.30
8020,37.90,20.30
10024,37.90,20.30
12028,38.70,20.30
14032,49.20,20.90
16036,58.10,21.30
18041,64.80,21.30
20047,70.50,21.60
22051,76.50,22.40
24055,80.20,22.60
26059,82.50,22.50
28063,87.30,23.10
30068,97.30,23.80
32072,97.40,23.80
34077,99.10,24.00
36081,99.90,24.50
38085,99.90,24.60
40091,99.90,24.40
42095,99.90,25.00
44099,99.90,25.20
46104,99.90,25.00
48108,99.90,25.30
50113,99.90,25.90
52117,99.90,25.80
54121,99.90,25.70
56125,99.90,26.20
58129,99.90,26.50
60134,99.90,26.20
62138,99.90,26.20
64142,99.90,26.80
66148,99.90,27.00
68152,99.90,26.70
70156,99.90,26.50