Time,Humidity,Temperature
3,37.00,20.40
2007,36.90,20.30
4011,36.90,20.30
6014,36.90,20.30
8018,36.80,20.30
10023,37.00,20.40
12029,38.50,20.40
14034,49.40,21.00
16038,58.50,21.40
18042,64.70,21.50
20046,70.80,21.90
22050,75.90,22.30
24056,79.30,22.40
26061,82.20,22.50
28065,87.00,23.10
30069,89.10,23.30
32073,89.60,23.30
34079,95.60,23.70
36083,99.20,24.00
38087,95.90,23.80
40091,98.30,24.10
42096,99.90,24.50
44100,99.90,24.60
46106,99.90,24.50
48110,99.90,24.90
50114,99.90,25.20
52119,99.90,25.20
54123,99.90,25.10
56129,99.90,25.60
58133,99.90,25.90
60137,99.90,25.70
62141,99.90,25.70
64147,99.90,26.20
66151,99.90,26.30
68155,99.90,26.00
70159,99.90,26.20