Time,Humidity,Temperature
4,39.10,20.20
2009,39.40,20.20
4014,39.60,20.30
6018,39.90,20.30
8022,40.20,20.30
10025,41.00,20.30
12030,50.70,20.70
14035,59.30,21.10
16039,65.90,21.30
18043,70.80,21.20
20047,74.90,21.40
22051,79.40,21.90
24056,83.60,22.40
26062,87.20,22.70
28066,88.80,22.80
30070,88.90,22.60
32074,90.90,22.70
34080,99.30,23.20
36084,99.90,23.70
38088,99.90,23.90
40093,99.90,23.90
42097,99.90,23.70
44103,99.90,24.00
46107,99.90,24.50
48112,99.90,24.90
50116,99.90,25.00
52120,99.90,24.80
54125,99.90,24.40
56129,99.90,24.80
58133,99.90,25.30
60138,99.90,25.50
62142,99.90,25.40
64147,99.90,25.20
66151,99.90,25.70
68155,99.90,26.30
70159,99.90,26.50