Time,Humidity,Temperature
4,40.30,20.40
2009,40.20,20.40
4014,40.30,20.40
6018,40.10,20.40
8022,40.30,20.40
10025,40.50,20.40
12029,41.90,20.50
14033,53.10,21.30
16037,62.50,22.00
18043,69.50,22.30
20047,74.60,22.30
22051,78.40,22.20
24055,82.80,22.60
26061,89.50,23.10
28065,96.60,23.50
30069,97.90,23.70
32073,97.90,23.50
34078,96.60,23.40
36082,99.90,23.80
38086,99.90,24.40
40091,99.90,24.70
42095,99.90,24.60
44100,99.90,24.40
46104,99.90,24.40
48108,99.90,24.90
50114,99.90,25.40
52118,99.90,25.50
54123,99.90,25.40
56127,99.90,25.10
58131,99.90,24.90
60136,99.90,25.20
62140,99.90,25.80
64144,99.90,26.20
66150,99.90,26.10
68154,99.90,25.90
70158,99.90,25.80