Time,Humidity,Temperature
4,38.80,20.40
2009,38.60,20.40
4013,38.60,20.50
6019,38.60,20.40
8023,38.60,20.50
10029,38.50,20.50
12034,39.00,20.50
14038,48.40,20.90
16041,58.40,21.50
18045,65.80,21.80
20049,71.00,21.80
22053,74.80,21.60
24059,78.90,21.90
26064,83.30,22.60
28068,87.00,22.90
30072,88.00,23.00
32076,88.30,22.80
34082,91.30,23.10
36086,99.60,23.60
38090,99.90,23.80
40094,98.50,23.60
42100,93.90,23.40
44104,96.90,23.60
46108,99.90,24.20
48113,99.90,24.60
50117,99.90,24.60
52121,99.90,24.40
54126,99.90,24.40
56130,99.90,24.90
58134,99.90,25.30
60139,99.90,25.30
62143,99.90,25.10
64148,99.90,24.90
66152,99.90,25.20
68156,99.90,25.70
70162,99.90,26.00