Time,Humidity,Temperature
3,38.30,18.30
2007,38.30,18.30
4011,38.40,18.30
6016,38.30,18.30
8020,38.40,18.30
10025,38.40,18.30
12029,38.50,18.30
14033,46.50,18.70
16037,55.70,19.20
18041,62.20,19.50
20046,66.90,19.40
22052,69.50,19.20
24056,73.30,19.50
26060,77.60,20.10
28064,82.30,20.70
30068,84.20,20.80
32072,84.60,20.70
34078,86.00,20.70
36083,89.00,21.20
38087,95.20,21.80
40091,98.50,22.20
42096,94.30,22.00
44100,91.30,21.80
46104,95.20,22.20
48108,99.90,22.80
50114,99.90,23.10
52118,99.60,22.90
54122,94.90,22.70
56127,99.90,23.10
58131,99.90,23.70
60135,99.90,24.00
62141,99.90,23.90
64145,99.90,23.70
66150,99.90,24.10
68154,99.90,24.60
70158,99.90,24.90