Time,Humidity,Temperature
4,38.60,20.10
2009,38.70,20.10
4013,38.60,20.10
6019,38.70,20.10
8024,38.50,20.10
10029,38.50,20.10
12034,39.10,20.10
14038,47.20,20.50
16041,56.70,21.00
18045,64.30,21.40
20049,69.50,21.40
22055,73.30,21.20
24059,77.20,21.50
26063,81.50,22.10
28067,85.70,22.60
30073,87.60,22.70
32077,88.10,22.60
34081,90.70,22.70
36085,97.90,23.20
38091,99.90,23.60
40095,99.90,23.80
42099,99.80,23.60
44105,99.40,23.60
46109,99.90,24.00
48113,99.90,24.50
50119,99.90,24.70
52123,99.90,24.40
54127,95.90,24.00
56133,96.30,23.90
58137,99.90,24.30
60141,99.90,25.00
62146,99.90,25.40
64150,99.90,25.30
66155,99.90,25.10
68159,99.90,25.30
70163,99.90,25.70