
Time,Humidity,Temperature
4,38.60,20.10
2008,38.80,20.10
4013,38.80,20.10
6018,39.00,20.10
8023,39.10,20.10
10028,39.40,20.10
12034,41.10,20.10
14038,51.50,20.70
16041,59.50,21.00
18045,65.00,21.10
20049,71.20,21.70
22055,76.50,22.20
24059,79.30,22.20
26063,81.10,22.00
28067,83.90,22.50
30073,88.10,23.10
32077,88.60,23.20
34081,88.40,23.00
36085,89.30,23.00
38091,93.70,23.60
40095,99.90,24.10
42099,98.70,24.10
44105,93.00,23.80
46109,93.70,23.90
48113,99.90,24.60
50117,99.90,24.80
52122,96.30,24.60
54126,94.50,24.40
56130,99.90,25.00
58136,99.90,25.40
60140,99.90,25.30
62144,95.60,25.00
64149,99.90,25.50
66153,99.90,25.90
68157,99.90,25.80
70162,95.90,25.50