Time,Humidity,Temperature
4,38.70,20.00
2008,38.70,20.00
4013,38.80,20.00
6018,38.70,20.00
8023,38.80,19.90
10028,38.80,19.90
12033,40.40,20.00
14038,50.80,20.60
16041,60.20,21.40
18045,66.90,21.60
20049,71.10,21.40
22055,75.60,21.80
24060,80.50,22.50
26064,83.30,22.70
28068,84.50,22.50
30072,87.30,22.90
32076,91.40,23.40
34082,90.20,23.30
36086,90.00,23.10
38090,92.30,23.50
40094,98.20,24.10
42100,93.80,24.00
44104,92.50,23.70
46108,94.90,24.20
48112,99.90,24.60
50118,95.30,24.50
52122,94.00,24.40
54126,99.10,24.90
56131,99.90,25.20
58135,95.40,25.00
60139,94.10,24.60
62144,97.40,25.20
64148,99.90,25.80
66152,99.90,25.80
68158,94.90,25.40
70162,95.00,25.30