Time,Humidity,Temperature
4,37.80,20.00
2009,37.80,20.00
4014,37.80,20.00
6019,37.80,20.00
8023,37.80,20.00
10027,37.80,20.00
12030,38.70,20.00
14034,48.60,20.60
16038,57.60,21.10
18042,63.80,21.10
20047,68.30,21.20
22052,73.50,21.70
24056,77.90,22.10
26060,80.50,22.10
28064,82.80,22.20
30070,85.90,22.60
32074,88.70,22.90
34078,89.10,22.90
36082,89.70,22.90
38088,93.00,23.30
40092,98.90,23.70
42096,99.10,23.80
44101,93.30,23.60
46107,94.50,23.70
48111,99.90,24.30
50115,99.90,24.60
52120,98.30,24.40
54124,95.80,24.30
56128,99.90,24.80
58133,99.90,25.30
60137,99.90,25.10
62143,96.30,24.90
64147,99.90,25.30
66151,99.90,25.80
68157,99.90,25.70
70161,97.40,25.50