Time,Humidity,Temperature
4,38.50,20.30
2009,38.50,20.40
4014,38.50,20.40
6019,38.40,20.30
8024,38.50,20.40
10029,38.50,20.30
12034,38.40,20.40
14038,47.90,20.80
16041,57.20,21.20
18045,64.00,21.40
20049,68.60,21.30
22053,73.30,21.70
24059,77.50,22.10
26063,81.00,22.30
28067,83.10,22.30
30071,84.90,22.20
32075,88.10,22.70
34081,92.20,23.20
36085,93.30,23.30
38089,91.60,23.20
40093,95.00,23.50
42099,99.90,23.90
44103,99.90,24.10
46107,99.30,23.90
48112,99.90,24.20
50116,99.90,24.70
52120,99.90,24.80
54125,99.90,24.50
56129,98.90,24.40
58135,99.90,24.90
60139,99.90,25.30
62144,99.90,25.30
64148,99.90,25.00
66152,99.90,25.20
68158,99.90,25.60
70162,99.90,25.80