Time,Humidity,Temperature
4,38.70,20.40
2008,38.70,20.40
4013,38.80,20.40
6018,38.80,20.40
8023,38.70,20.50
10028,38.80,20.50
12033,38.80,20.50
14039,48.50,21.00
16043,58.00,21.50
18046,64.80,21.60
20050,69.00,21.40
22054,72.00,21.50
24058,76.60,22.10
26064,81.30,22.80
28068,85.00,23.10
30072,85.90,23.00
32076,86.90,22.70
34080,90.10,23.30
36086,97.90,23.90
38090,99.60,24.10
40094,92.30,23.80
42098,91.70,23.40
44104,93.80,23.80
46108,99.90,24.30
48112,99.90,24.60
50117,99.50,24.50
52121,94.40,24.20
54125,96.20,24.40
56129,99.90,24.80
58134,99.90,24.90
60138,96.50,24.80
62142,99.90,25.20
64147,99.90,25.30
66151,96.20,25.10
68155,96.90,25.10
70161,99.90,25.70