Time,Humidity,Temperature
4,38.60,20.00
2008,38.60,20.00
4013,38.60,20.00
6018,38.60,20.10
8023,38.60,20.10
10028,38.60,20.00
12033,38.80,20.00
14038,49.70,20.90
16044,59.30,21.50
18048,65.90,21.50
20051,71.60,21.90
22055,77.30,22.50
24059,80.90,22.60
26063,84.10,22.80
28068,90.00,23.30
30074,96.80,23.70
32078,95.90,23.60
34082,93.30,23.60
36086,99.90,24.00
38091,99.90,24.30
40095,99.90,24.20
42099,98.40,24.10
44105,99.90,24.60
46109,99.90,25.00
48113,99.90,25.10
50118,99.90,24.90
52122,99.90,25.30
54128,99.90,25.70
56132,99.90,25.70
58136,99.90,25.40
60140,99.90,25.70
62146,99.90,26.20
64150,99.90,26.50
66154,99.90,26.40
68158,99.90,26.00
70164,99.90,26.20