Time,Humidity,Temperature
3,37.20,18.20
2007,37.20,18.20
4011,37.10,18.20
6014,37.20,18.20
8018,37.30,18.20
10022,37.60,18.30
12027,40.80,18.40
14033,51.00,19.20
16037,59.90,19.90
18041,66.30,20.10
20045,70.90,20.00
22049,75.20,20.20
24053,80.20,21.00
26059,83.60,21.40
28064,84.40,21.30
30069,87.20,21.70
32073,95.40,22.30
34077,96.00,22.50
36081,90.90,22.30
38087,96.50,22.80
40091,99.90,23.40
42095,99.90,23.50
44101,95.40,23.30
46105,99.90,23.70
48109,99.90,24.00
50115,96.20,23.80
52119,95.50,23.80
54123,99.90,24.50
56128,99.90,24.60
58132,96.10,24.30
60136,99.90,24.70
62141,99.90,25.20
64145,99.90,25.10
66150,95.80,24.80
68154,99.90,25.20
70158,99.90,25.70