Time,Humidity,Temperature
3,38.00,20.10
2008,38.00,20.10
4012,38.10,20.10
6016,38.20,20.10
8019,38.10,20.10
10023,38.30,20.10
12028,38.50,20.10
14034,46.60,20.40
16039,55.80,20.80
18043,63.00,21.10
20047,68.00,21.00
22051,72.80,21.30
24055,77.70,22.00
26060,81.50,22.40
28066,83.50,22.30
30071,85.70,22.40
32075,90.00,22.80
34079,96.50,23.20
36083,97.10,23.30
38089,92.70,23.10
40093,95.90,23.40
42097,99.90,23.90
44102,99.90,24.30
46106,99.90,24.30
48111,99.90,24.10
50115,99.90,24.30
52119,99.90,24.80
54124,99.90,25.10
56128,99.90,25.10
58133,99.90,24.80
60137,99.90,24.90
62141,99.90,25.40
64147,99.90,25.90
66151,99.90,25.80
68155,99.90,25.50
70161,98.40,25.30