Time,Humidity,Temperature
3,43.80,19.10
2007,43.70,19.10
4011,43.80,19.10
6016,43.80,19.10
8019,43.90,19.10
10023,43.90,19.00
12028,43.90,19.10
14032,48.30,19.20
16036,53.70,19.40
18040,58.30,19.50
20044,60.70,19.50
22049,64.10,19.60
24054,68.00,19.80
26059,71.10,19.90
28065,73.00,19.80
30069,74.30,19.90
32073,76.20,20.10
34077,78.20,20.30
36082,79.90,20.30
38086,80.60,20.30
40090,80.50,20.20
42094,80.80,20.30
44098,81.80,20.50
46102,83.00,20.80
48107,83.80,20.80
50113,83.70,20.70
52117,83.50,20.70
54121,84.10,20.90
56125,85.00,21.10
58129,85.70,21.20
60133,85.50,21.10
62138,85.20,21.10
64144,85.70,21.30
66148,86.40,21.50
68152,86.20,21.40
70156,85.30,21.40