Time,Humidity,Temperature
3,37.80,19.10
2007,37.90,19.10
4011,38.00,19.10
6016,37.90,19.10
8019,38.20,19.10
10023,38.40,19.10
12027,38.70,19.10
14032,42.70,19.20
16037,48.40,19.30
18042,52.00,19.30
20047,53.30,19.30
22052,57.10,19.40
24056,61.40,19.60
26060,65.50,19.70
28064,68.50,19.70
30068,69.60,19.70
32074,70.20,19.70
34078,72.40,19.90
36082,74.80,20.10
38086,77.00,20.20
40090,77.90,20.20
42095,77.60,20.20
44100,78.50,20.30
46104,79.90,20.50
48108,81.40,20.70
50112,82.50,20.80
52116,82.00,20.70
54122,81.50,20.70
56127,82.40,20.90
58131,83.50,21.10
60135,84.40,21.20
62139,83.80,21.10
64143,82.60,21.10
66147,83.00,21.30
68151,84.00,21.50
70156,85.00,21.70