Time,Humidity,Temperature
4,40.80,20.20
2009,40.80,20.20
4014,40.80,20.10
6019,40.80,20.10
8024,40.80,20.10
10029,40.80,20.10
12033,41.20,20.10
14036,49.80,20.20
16040,57.50,20.30
18044,63.50,20.40
20050,67.70,20.30
22054,70.90,20.30
24058,74.30,20.40
26062,77.50,20.50
28067,80.00,20.60
30072,82.00,20.60
32078,83.40,20.50
34082,84.60,20.50
36086,85.80,20.60
38090,86.90,20.70
40096,87.70,20.70
42100,88.30,20.70
44104,88.70,20.70
46109,89.20,20.70
48114,89.70,20.80
50119,90.10,20.90
52123,90.50,21.00
54127,90.70,20.90
56131,90.70,20.90
58137,90.70,20.90
60141,91.10,21.00
62145,91.30,21.10
64149,91.40,21.20
66153,91.20,21.10
68159,90.90,21.10
70164,90.80,21.20