Time,Humidity,Temperature
4,41.00,19.20
2009,41.00,19.20
4014,41.10,19.20
6018,41.30,19.20
8022,41.90,19.20
10025,42.30,19.20
12029,42.60,19.20
14033,47.10,19.30
16037,52.20,19.30
18041,56.90,19.40
20046,59.90,19.40
22051,61.10,19.40
24057,63.10,19.40
26061,66.10,19.50
28065,69.00,19.60
30069,71.30,19.60
32073,71.40,19.70
34077,70.90,19.70
36081,72.60,19.80
38086,74.60,19.90
40090,76.60,20.00
42094,78.40,20.10
44098,78.70,20.10
46103,76.80,20.10
48108,77.10,20.20
50114,78.50,20.30
52118,80.20,20.50
54122,81.70,20.60
56126,82.60,20.60
58130,81.70,20.60
60134,80.20,20.60
62139,80.90,20.70
64144,82.20,20.90
66148,83.60,21.10
68152,84.80,21.30
70156,85.10,21.20