Time,Humidity,Temperature
3,40.00,21.90
2008,40.00,21.90
4012,40.20,21.90
6016,40.30,21.80
8019,40.20,21.80
10023,40.20,21.80
12028,40.20,21.80
14034,45.60,21.90
16038,52.30,22.00
18042,55.20,22.00
20046,54.90,21.90
22050,57.40,22.00
24054,62.60,22.20
26058,67.40,22.40
28062,71.00,22.40
30066,71.20,22.30
32072,69.40,22.30
34076,72.00,22.50
36080,75.00,22.70
38084,77.60,22.80
40090,78.80,22.70
42094,76.20,22.60
44098,75.60,22.80
46102,77.90,23.00
48106,80.30,23.20
50111,82.20,23.30
52117,82.80,23.20
54121,79.30,23.10
56125,79.40,23.30
58129,81.20,23.50
60133,83.00,23.60
62138,82.90,23.60
64144,78.90,23.40
66148,78.40,23.60
68152,80.40,23.80
70156,82.60,24.00