Time,Humidity,Temperature
3,41.40,18.90
2007,41.40,18.90
4011,41.50,19.00
6016,41.50,18.90
8019,41.40,19.00
10023,41.50,19.00
12027,41.50,18.90
14032,44.60,19.00
16036,49.00,19.00
18040,50.40,19.00
20046,51.50,19.10
22050,55.20,19.10
24055,59.20,19.20
26059,61.30,19.20
28063,61.50,19.20
30067,64.10,19.30
32071,66.90,19.40
34075,69.70,19.50
36079,70.60,19.50
38083,70.20,19.50
40088,70.50,19.60
42094,72.40,19.70
44098,74.70,19.80
46102,76.60,19.90
48106,77.00,19.90
50112,75.60,19.90
52116,75.40,19.90
54120,76.70,20.10
56124,78.20,20.20
58129,79.70,20.30
60133,80.40,20.30
62137,79.10,20.20
64141,78.30,20.30
66147,79.20,20.40
68151,80.50,20.60
70155,81.70,20.70