Time,Humidity,Temperature
4,40.20,19.80
2009,40.40,19.80
4013,40.40,19.80
6017,40.40,19.80
8020,40.40,19.80
10024,40.50,19.80
12028,40.60,19.80
14032,44.40,19.90
16037,49.70,20.00
18043,54.90,20.10
20048,59.20,20.10
22052,62.60,20.20
24056,65.40,20.20
26060,68.40,20.40
28064,71.20,20.50
30070,73.60,20.50
32074,75.00,20.50
34078,75.90,20.50
36082,77.30,20.60
38088,78.70,20.70
40093,80.00,20.90
42097,81.30,21.00
44101,82.00,20.90
46105,81.70,20.90
48109,82.00,21.00
50113,82.70,21.20
52117,83.40,21.20
54121,83.50,21.20
56125,82.50,21.20
58129,82.00,21.30
60133,82.50,21.50
62139,83.50,21.60
64144,84.40,21.70
66149,84.10,21.60
68153,83.20,21.60
70157,83.20,21.70