Time,Humidity,Temperature
4,40.30,19.60
2009,40.20,19.60
4014,40.30,19.60
6019,40.30,19.60
8024,40.20,19.60
10029,40.40,19.60
12033,40.60,19.60
14036,44.80,19.70
16040,48.80,19.70
18044,50.10,19.70
20049,51.80,19.70
22054,55.40,19.80
24060,59.40,19.90
26064,62.80,19.90
28068,64.10,19.90
30072,65.70,20.00
32076,68.30,20.10
34080,70.90,20.10
36084,72.60,20.20
38090,73.40,20.20
40094,74.70,20.30
42098,76.40,20.40
44102,77.90,20.50
46107,78.60,20.50
48113,78.40,20.50
50117,79.10,20.60
52121,80.20,20.70
54125,81.30,20.80
56129,81.80,20.80
58133,81.50,20.80
60137,81.70,20.90
62141,82.50,21.00
64145,83.20,21.10
66149,83.20,21.10
68153,82.80,21.10
70158,83.40,21.30