Time,Humidity,Temperature
3,40.50,20.70
2007,40.40,20.60
4011,40.30,20.60
6014,40.20,20.60
8018,40.30,20.60
10022,40.30,20.60
12026,40.30,20.60
14030,46.00,20.60
16035,52.00,20.60
18041,53.10,20.60
20045,54.50,20.60
22049,59.90,20.70
24053,66.00,20.90
26057,70.30,20.90
28063,71.90,20.90
30067,73.90,21.00
32071,77.20,21.20
34075,80.10,21.40
36079,82.00,21.30
38083,83.40,21.30
40088,85.10,21.40
42094,86.50,21.60
44098,87.40,21.60
46102,87.80,21.60
48106,88.00,21.50
50110,89.00,21.80
52116,90.10,22.10
54120,90.40,22.10
56124,90.40,22.00
58128,90.50,21.90
60133,91.10,22.10
62137,92.00,22.30
64141,92.20,22.40
66145,92.00,22.20
68151,91.80,22.20
70155,92.30,22.30