Time,Humidity,Temperature
3,41.40,19.00
2007,41.60,19.00
4011,41.60,19.00
6014,42.00,19.00
8018,43.40,19.00
10023,44.30,19.00
12027,44.60,19.10
14031,49.00,19.20
16036,53.90,19.30
18042,57.50,19.40
20047,58.70,19.40
22051,61.40,19.50
24055,64.90,19.70
26059,67.90,19.80
28063,67.80,19.80
30067,66.70,19.80
32073,68.70,19.90
34077,71.30,20.10
36081,73.70,20.20
38085,74.80,20.20
40089,72.80,20.10
42093,72.60,20.20
44099,74.30,20.30
46103,76.30,20.50
48107,77.10,20.50
50111,75.00,20.40
52117,74.10,20.50
54121,75.40,20.60
56125,77.10,20.70
58129,78.30,20.80
60133,76.20,20.70
62138,73.50,20.70
64142,74.20,20.80
66146,76.00,21.00
68150,78.00,21.10
70154,78.80,21.10