Time,Humidity,Temperature
4,42.20,19.20
2009,42.20,19.20
4014,42.20,19.20
6019,42.30,19.20
8024,42.50,19.20
10029,42.50,19.20
12033,42.60,19.20
14036,46.40,19.30
16040,52.40,19.30
18044,55.80,19.40
20048,57.00,19.40
22053,60.70,19.50
24058,64.70,19.50
26064,66.90,19.60
28069,66.40,19.60
30073,67.00,19.60
32077,69.50,19.70
34081,72.50,19.80
36087,75.40,20.00
38091,76.70,20.00
40095,76.10,20.00
42099,76.80,20.00
44103,78.40,20.20
46107,80.10,20.30
48113,80.90,20.40
50117,79.50,20.30
52121,79.00,20.40
54125,79.90,20.50
56131,81.00,20.60
58135,82.50,20.70
60139,83.10,20.80
62143,81.80,20.80
64147,81.20,20.80
66152,81.90,20.90
68158,83.00,21.00
70163,84.20,21.10