Time,Humidity,Temperature
3,41.70,19.70
2008,41.70,19.70
4012,41.70,19.70
6016,41.70,19.70
8019,41.80,19.70
10023,41.80,19.70
12027,42.30,19.70
14031,46.90,19.80
16037,51.10,19.80
18042,51.70,19.80
20046,54.60,19.80
22050,58.60,19.90
24054,61.50,19.90
26058,60.80,19.90
28062,62.80,20.00
30066,65.60,20.10
32072,68.30,20.20
34077,67.40,20.10
36081,66.50,20.10
38085,68.10,20.30
40089,70.70,20.40
42093,73.00,20.50
44098,72.40,20.50
46104,70.10,20.50
48108,70.50,20.50
50112,72.30,20.60
52116,74.40,20.80
54120,75.60,20.80
56124,73.30,20.80
58130,71.80,20.80
60135,71.70,20.90
62139,73.50,21.10
64143,75.70,21.20
66147,75.20,21.20
68152,72.60,21.20
70158,73.00,21.30