Time,Humidity,Temperature
4,37.60,19.20
2009,37.60,19.20
4014,37.50,19.20
6019,37.50,19.20
8024,37.60,19.20
10029,37.50,19.20
12033,37.80,19.20
14036,47.30,19.40
16040,55.10,19.50
18044,60.30,19.50
20048,62.60,19.50
22053,67.60,19.70
24058,72.50,20.00
26062,76.30,20.30
28066,79.10,20.30
30070,81.10,20.20
32075,83.50,20.40
34080,85.70,20.70
36084,87.00,20.90
38088,87.80,20.80
40092,88.50,20.70
42098,90.30,21.00
44103,91.70,21.20
46107,92.20,21.40
48111,91.70,21.20
50115,92.00,21.20
52121,93.90,21.50
54125,96.30,21.70
56129,96.40,21.80
58133,94.20,21.70
60139,95.30,21.80
62143,98.80,22.10
64147,99.90,22.20
66151,97.70,22.10
68157,95.40,22.00
70161,97.30,22.20