Time,Humidity,Temperature
3,42.30,19.00
2007,42.30,19.00
4011,42.20,19.00
6014,42.40,19.00
8020,42.30,19.00
10025,42.40,19.00
12029,42.60,19.00
14033,47.00,19.10
16037,52.30,19.20
18042,56.90,19.30
20047,60.00,19.30
22053,62.70,19.30
24058,65.80,19.40
26062,68.90,19.50
28066,71.60,19.60
30070,73.60,19.60
32074,74.50,19.60
34078,75.50,19.70
36083,76.90,19.80
38089,78.50,19.90
40093,79.90,20.00
42097,80.20,20.00
44101,78.60,19.90
46105,77.50,20.00
48110,78.40,20.10
50116,80.00,20.30
52120,81.40,20.50
54124,81.20,20.40
56128,79.40,20.40
58134,79.70,20.50
60138,80.90,20.70
62142,82.50,20.90
64146,83.70,21.00
66150,83.70,21.00
68155,81.40,20.90
70161,79.80,20.90