Time,Humidity,Temperature
3,42.40,18.70
2007,42.50,18.70
4011,42.50,18.70
6014,42.50,18.70
8018,42.60,18.70
10023,42.80,18.70
12028,42.90,18.70
14032,46.80,18.70
16036,52.00,18.80
18040,54.70,18.80
20044,56.10,18.80
22049,58.90,18.90
24055,62.50,19.00
26059,66.20,19.00
28063,68.10,19.10
30067,68.40,19.00
32073,69.60,19.10
34077,71.70,19.20
36081,73.90,19.30
38085,75.30,19.40
40089,74.80,19.30
42094,74.20,19.40
44100,75.10,19.50
46104,76.40,19.60
48108,77.90,19.60
50112,78.10,19.60
52116,76.20,19.60
54120,74.60,19.70
56125,75.40,19.80
58131,77.00,19.90
60136,78.80,20.10
62140,80.10,20.10
64144,79.60,20.10
66148,79.00,20.10
68152,79.80,20.20
70158,81.10,20.40