Time,Humidity,Temperature
3,38.20,19.00
2007,38.20,19.00
4011,38.30,19.00
6016,38.50,19.00
8020,38.60,18.90
10027,40.20,19.00
12030,41.30,18.90
14034,45.60,19.00
16038,50.80,19.10
18044,55.70,19.10
20048,58.60,19.10
22052,59.40,19.10
24056,61.90,19.10
26061,65.10,19.20
28067,68.10,19.40
30072,70.90,19.40
32077,72.40,19.40
34082,71.60,19.40
36086,72.60,19.40
38090,74.40,19.60
40094,76.30,19.70
42098,77.90,19.80
44103,78.10,19.70
46109,77.50,19.70
48113,78.20,19.80
50117,79.40,19.90
52121,80.70,20.00
54125,81.70,20.10
56131,81.40,20.00
58135,80.00,19.90
60139,80.10,20.00
62143,80.90,20.20
64147,82.00,20.30
66151,83.10,20.40
68156,83.20,20.30
70161,81.70,20.30