Time,Humidity,Temperature
3,40.40,20.10
2007,40.50,20.10
4011,40.50,20.10
6014,40.50,20.10
8018,40.70,20.10
10022,41.00,20.10
12027,41.90,20.10
14032,45.30,20.20
16037,49.40,20.20
18041,51.80,20.20
20045,55.30,20.30
22049,59.20,20.30
24053,60.80,20.30
26057,63.30,20.40
28063,66.70,20.60
30067,70.00,20.70
32071,72.00,20.70
34075,73.40,20.70
36081,75.50,20.90
38085,77.50,21.00
40089,79.00,21.00
42093,79.50,21.00
44097,80.00,21.10
46103,81.10,21.30
48108,82.30,21.40
50112,83.00,21.40
52116,82.70,21.40
54120,83.20,21.60
56124,84.00,21.70
58128,84.80,21.90
60134,84.90,21.80
62138,84.60,21.90
64142,85.10,22.00
66146,85.70,22.20
68150,85.90,22.20
70156,85.20,22.10