Time,Humidity,Temperature
3,40.40,20.70
2008,40.40,20.70
4012,40.70,20.70
6016,41.00,20.70
8019,41.40,20.70
10025,41.90,20.70
12029,43.10,20.70
14033,47.50,20.70
16038,52.60,20.80
18043,55.20,20.80
20048,58.00,20.80
22054,61.90,20.90
24058,65.50,21.00
26062,67.80,20.90
28066,68.80,20.90
30070,71.10,21.00
32075,73.20,21.10
34080,74.20,21.10
36084,74.70,21.10
38088,76.30,21.20
40092,77.90,21.30
42098,78.40,21.20
44102,78.20,21.30
46106,79.10,21.40
48110,80.30,21.50
50115,81.00,21.50
52120,80.20,21.40
54124,80.80,21.60
56128,81.80,21.70
58132,82.30,21.70
60136,81.60,21.70
62140,82.00,21.80
64145,82.90,21.90
66150,83.60,21.90
68154,83.10,21.90
70158,82.90,21.90