Time,Humidity,Temperature
3,44.30,19.00
2007,44.20,19.00
4011,44.40,19.00
6017,44.40,19.00
8020,44.50,19.10
10024,44.50,19.00
12029,44.50,19.10
14033,51.90,19.20
16037,58.50,19.30
18041,62.80,19.30
20045,67.80,19.40
22049,72.80,19.80
24053,76.50,19.90
26058,79.20,20.00
28063,81.30,19.90
30067,83.70,20.10
32071,85.80,20.30
34075,87.10,20.40
36080,87.90,20.30
38084,88.60,20.20
40088,90.10,20.40
42092,91.70,20.60
44096,93.00,20.80
46100,93.50,21.00
48106,93.20,21.00
50110,92.90,20.90
52114,93.40,20.90
54118,94.80,21.10
56122,96.30,21.30
58128,96.50,21.30
60132,95.60,21.30
62136,94.70,21.20
64140,95.50,21.30
66146,97.20,21.50
68150,97.90,21.60
70154,97.80,21.60