Time,Humidity,Temperature
4,40.00,19.10
2008,40.00,19.20
4013,40.00,19.10
6019,40.10,19.10
8023,39.90,19.10
10027,40.10,19.10
12030,40.70,19.20
14034,44.00,19.20
16038,48.80,19.30
18043,52.10,19.30
20048,53.30,19.30
22053,55.00,19.30
24058,59.00,19.40
26064,62.90,19.60
28068,66.50,19.60
30072,69.20,19.70
32076,69.80,19.60
34080,69.20,19.60
36084,71.00,19.80
38089,73.60,20.00
40095,75.90,20.10
42100,77.20,20.10
44104,76.70,20.10
46108,76.90,20.10
48112,78.30,20.30
50117,80.10,20.50
52123,81.50,20.60
54128,82.00,20.60
56132,81.30,20.50
58136,81.70,20.70
60140,82.70,20.90
62145,83.70,21.00
64150,84.40,21.00
66155,83.50,21.00
68161,82.40,21.00
70166,82.90,21.20