
Time,Humidity,Temperature
3,41.50,18.90
2007,41.50,18.90
4011,41.50,18.90
6016,41.50,18.90
8019,41.50,18.90
10023,41.60,18.90
12027,41.70,18.90
14033,46.00,18.90
16037,49.80,19.00
18041,50.90,19.00
20047,54.30,19.00
22051,58.50,19.10
24055,61.30,19.10
26059,63.00,19.10
28064,65.40,19.20
30069,68.10,19.30
32074,70.10,19.30
34080,70.80,19.30
36085,72.30,19.40
38089,74.10,19.50
40093,75.70,19.60
42097,76.40,19.60
44102,77.00,19.60
46107,78.50,19.80
48113,79.40,19.80
50117,79.50,19.80
52121,79.80,19.90
54125,80.90,20.10
56129,82.10,20.20
58134,82.50,20.20
60139,82.10,20.10
62144,82.60,20.30
64150,83.50,20.40
66155,84.00,20.50
68159,83.90,20.50
70163,83.90,20.60