Time,Humidity,Temperature
3,37.50,19.80
2007,37.50,19.80
4011,37.40,19.80
6014,37.60,19.80
8019,38.20,19.80
10024,38.60,19.80
12029,39.20,19.80
14035,41.90,19.90
16039,47.00,19.90
18043,49.40,19.90
20048,51.40,20.00
22052,56.40,20.20
24056,61.50,20.30
26061,64.40,20.40
28066,63.80,20.40
30071,66.70,20.60
32075,70.50,20.90
34079,73.70,21.00
36083,75.00,21.00
38087,74.60,21.00
40092,76.60,21.30
42096,78.80,21.60
44100,80.80,21.70
46104,81.70,21.70
48108,81.20,21.70
50112,82.20,22.00
52117,83.60,22.20
54122,84.90,22.40
56127,85.10,22.30
58131,83.40,22.30
60135,84.10,22.60
62139,85.20,22.80
64143,86.30,23.00
66149,86.70,23.00
68153,84.70,22.90
70157,84.90,23.20