Time,Humidity,Temperature
3,40.90,19.70
2008,40.90,19.80
4013,40.90,19.80
6017,40.90,19.80
8020,40.90,19.80
10024,41.00,19.80
12028,41.70,19.80
14032,46.90,19.90
16036,52.40,20.00
18040,56.90,20.00
20044,59.50,20.00
22048,62.60,20.10
24053,66.10,20.20
26059,69.10,20.30
28064,70.70,20.30
30068,72.00,20.40
32072,74.00,20.50
34076,75.80,20.50
36080,76.20,20.50
38085,75.90,20.50
40089,77.30,20.80
42093,79.10,21.00
44097,80.40,21.00
46101,80.50,20.90
48106,81.20,21.10
50112,82.40,21.30
52116,83.70,21.50
54120,84.60,21.50
56124,84.90,21.40
58128,85.40,21.50
60134,86.10,21.70
62139,86.80,21.80
64143,87.00,21.80
66147,86.90,21.80
68151,87.30,22.00
70155,88.00,22.20