Time,Humidity,Temperature
3,43.40,19.40
2007,43.50,19.40
4011,43.50,19.40
6014,43.40,19.40
8018,43.40,19.40
10022,43.50,19.40
12026,43.40,19.40
14031,43.80,19.40
16037,52.90,19.80
18041,60.30,20.10
20045,65.60,20.00
22049,69.30,19.90
24053,73.70,20.30
26058,77.90,20.80
28064,81.50,21.20
30069,83.40,21.20
32073,84.70,21.00
34077,86.10,21.00
36081,89.00,21.40
38085,92.80,22.00
40091,94.50,22.10
42095,92.20,22.00
44099,91.30,21.70
46103,93.40,21.90
48109,99.90,22.40
50113,99.90,22.50
52117,95.50,22.30
54122,94.10,22.20
56126,99.10,22.50
58130,99.90,23.00
60134,99.90,23.00
62140,96.70,22.70
64144,99.60,22.90
66148,99.90,23.30
68154,99.90,23.50
70158,99.90,23.30