Time,Humidity,Temperature
4,39.20,20.10
2009,39.30,20.10
4013,39.20,20.10
6018,39.20,20.10
8024,39.30,20.10
10029,39.60,20.10
12034,43.20,20.10
14038,45.60,20.10
16041,50.30,20.20
18045,55.30,20.20
20049,58.00,20.20
22053,58.10,20.20
24057,59.90,20.30
26061,63.60,20.40
28066,67.50,20.50
30072,70.60,20.60
32076,70.70,20.50
34080,70.30,20.50
36084,72.40,20.70
38090,74.90,20.80
40095,77.00,21.00
42099,76.90,20.90
44103,76.80,20.90
46107,78.30,21.10
48111,80.10,21.20
50115,81.50,21.30
52121,81.10,21.30
54125,79.20,21.20
56129,79.60,21.30
58133,80.90,21.50
60137,82.50,21.60
62141,83.80,21.70
64146,83.90,21.70
66151,81.30,21.60
68157,79.30,21.60
70161,80.10,21.70