Time,Humidity,Temperature
3,40.30,20.70
2007,40.10,20.70
4011,40.10,20.70
6014,40.10,20.70
8018,40.00,20.70
10022,40.10,20.70
12026,39.90,20.70
14032,43.60,20.70
16037,49.60,20.70
18041,55.30,20.80
20045,57.70,20.70
22049,59.50,20.80
24053,62.80,20.80
26057,66.60,20.90
28061,69.90,20.90
30067,71.20,20.90
32072,72.00,21.00
34076,73.90,21.00
36080,75.90,21.10
38084,77.10,21.10
40089,77.40,21.10
42095,78.50,21.20
44099,79.80,21.30
46103,80.40,21.30
48107,79.00,21.20
50113,78.30,21.30
52117,79.20,21.40
54121,80.40,21.50
56125,81.30,21.50
58131,80.40,21.50
60135,78.90,21.50
62139,79.60,21.60
64144,80.80,21.80
66149,81.90,21.80
68154,81.10,21.80
70160,80.70,21.80