Time,Humidity,Temperature
4,54.20,27.50
2009,54.20,27.50
4014,54.20,27.50
6019,54.30,27.50
8024,54.40,27.50
10029,54.80,27.50
12033,69.80,27.80
14036,81.20,28.00
16040,86.40,28.00
18044,93.00,28.30
20048,99.10,28.50
22052,99.90,28.50
24056,99.90,28.70
26061,99.90,28.90
28067,99.90,28.80
30072,99.90,29.10
32076,99.90,29.20
34080,99.90,29.20
36084,99.90,29.40
38088,99.90,29.50
40094,99.90,29.40
42098,99.90,29.50
44102,99.90,29.70
46106,99.90,29.70
48110,99.90,29.80
50114,99.90,30.00
52120,99.90,29.90
54124,99.90,30.10
56128,99.90,30.20
58132,99.90,30.10
60136,99.90,30.30
62142,99.90,30.40
64146,99.90,30.20
66150,99.90,30.40
68154,99.90,30.60
70159,99.90,30.40