Time,Humidity,Temperature
3,45.00,23.10
2007,45.00,23.10
4011,45.00,23.10
6014,45.10,23.10
8018,45.30,23.00
10022,46.50,23.00
12026,47.40,23.00
14032,64.30,23.40
16036,75.60,23.70
18040,84.00,23.80
20044,90.60,24.00
22048,96.70,24.10
24053,99.90,24.20
26057,99.90,24.30
28061,99.90,24.40
30066,99.90,24.30
32070,99.90,24.60
34074,99.90,24.70
36079,99.90,24.70
38083,99.90,24.70
40088,99.90,24.90
42092,99.90,25.10
44096,99.90,25.10
46102,99.90,25.20
48106,99.90,25.30
50111,99.90,25.50
52115,99.90,25.60
54119,99.90,25.70
56123,99.90,25.60
58127,99.90,25.90
60133,99.90,26.10
62137,99.90,26.10
64141,99.90,26.10
66145,99.90,26.30
68150,99.90,26.50
70155,99.90,26.60
