Time,Humidity,Temperature
3,55.10,27.50
2008,55.00,27.60
4013,55.00,27.50
6018,54.90,27.60
8023,55.00,27.60
10028,55.10,27.60
12033,60.80,27.70
14036,76.70,28.00
16040,84.80,28.10
18044,89.10,28.10
20048,94.90,28.30
22054,99.80,28.50
24058,99.90,28.60
26062,99.90,28.60
28066,99.90,28.70
30070,99.90,28.80
32075,99.90,28.80
34080,99.90,28.80
36086,99.90,28.90
38091,99.90,29.00
40095,99.90,28.90
42099,99.90,29.00
44103,99.90,29.10
46107,99.90,29.10
48112,99.90,29.10
50118,99.90,29.30
52122,99.90,29.50
54126,99.90,29.60
56130,99.90,29.60
58134,99.90,29.70
60138,99.90,29.70
62143,99.90,29.60
64149,99.90,29.70
66153,99.90,29.90
68157,99.90,29.90
70161,99.90,29.80