Time,Humidity,Temperature
4,54.10,27.70
2009,54.10,27.60
4014,54.20,27.60
6019,54.20,27.70
8024,54.20,27.60
10029,57.00,27.70
12033,73.90,28.10
14036,83.80,28.30
16040,87.10,28.20
18046,91.90,28.30
20050,96.90,28.50
22054,99.90,28.90
24058,99.90,29.00
26062,99.90,28.90
28066,99.90,29.10
30070,99.90,28.90
32075,99.90,28.90
34081,99.90,29.20
36085,99.90,29.10
38089,99.90,29.20
40093,99.90,29.50
42097,99.90,29.40
44102,99.90,29.40
46108,99.90,29.80
48113,99.90,29.70
50117,99.90,29.80
52121,99.90,30.00
54125,99.90,29.80
56131,99.90,29.90
58136,99.90,30.10
60140,99.90,30.00
62144,99.90,30.00
64148,99.90,30.30
66154,99.90,30.10
68158,99.90,30.10
70162,99.90,30.50