Time,Humidity,Temperature
4,54.00,27.60
2008,54.00,27.60
4013,53.90,27.60
6018,54.00,27.60
8023,53.90,27.60
10028,54.10,27.60
12033,54.30,27.60
14039,60.50,27.80
16044,77.20,28.20
18049,83.40,28.20
20054,90.60,28.50
22057,97.10,28.70
24061,99.90,28.70
26066,99.90,28.80
28072,99.90,29.00
30077,99.90,29.00
32081,99.90,29.10
34085,99.90,29.20
36089,99.90,29.30
38093,99.90,29.40
40098,99.90,29.60
42104,99.90,29.60
44109,99.90,29.70
46113,99.90,29.70
48117,99.90,29.80
50121,99.90,30.00
52125,99.90,30.10
54131,99.90,30.00
56135,99.90,30.20
58139,99.90,30.30
60143,99.90,30.20
62149,99.90,30.30
64153,99.90,30.30
66157,99.90,30.20
68161,99.90,30.40
70166,99.90,30.40