Time,Humidity,Temperature
3,45.80,22.80
2007,45.70,22.90
4011,45.70,22.90
6014,45.90,22.90
8018,46.20,22.80
10023,46.50,22.90
12028,46.70,22.90
14032,59.30,23.20
16036,73.30,23.50
18040,81.70,23.60
20044,88.20,23.60
22049,96.00,23.90
24055,99.90,24.00
26059,99.90,24.00
28063,99.90,24.10
30069,99.90,24.10
32073,99.90,24.10
34077,99.90,24.20
36083,99.90,24.10
38087,99.90,24.50
40091,99.90,24.60
42096,99.90,24.70
44100,99.90,24.80
46104,99.90,24.60
48110,99.90,24.90
50114,99.90,25.00
52118,99.90,25.00
54124,99.90,25.00
56128,99.90,25.20
58132,99.90,25.40
60137,99.90,25.50
62141,99.90,25.50
64145,99.90,25.60
66151,99.90,25.80
68155,99.90,25.80
70159,99.90,25.90
