Time,Humidity,Temperature
4,54.30,27.60
2009,54.20,27.60
4014,54.20,27.60
6019,54.30,27.60
8024,54.40,27.60
10029,56.30,27.60
12033,69.50,27.90
14036,81.50,28.20
16040,87.00,28.30
18044,93.90,28.50
20050,96.90,28.50
22055,99.90,28.80
24059,99.90,28.90
26063,99.90,28.80
28067,99.90,29.00
30071,99.90,29.10
32075,99.90,29.20
34081,99.90,29.20
36086,99.90,29.30
38090,99.90,29.40
40094,99.90,29.40
42098,99.90,29.60
44102,99.90,29.70
46106,99.90,29.60
48112,99.90,29.90
50116,99.90,29.90
52120,99.90,29.80
54124,99.90,30.00
56128,99.90,30.10
58134,99.90,30.00
60138,99.90,30.30
62142,99.90,30.30
64146,99.90,30.10
66151,99.90,30.40
68157,99.90,30.50
70161,99.90,30.30