Time,Humidity,Temperature
4,55.40,27.50
2008,55.40,27.50
4013,55.40,27.50
6017,55.20,27.50
8020,55.20,27.50
10024,55.10,27.50
12029,57.60,27.60
14034,75.00,28.10
16040,84.80,28.30
18044,91.50,28.50
20048,96.70,28.60
22052,99.90,28.70
24056,99.90,28.80
26061,99.90,28.90
28067,99.90,28.80
30072,99.90,29.00
32076,99.90,29.20
34080,99.90,29.40
36084,99.90,29.30
38088,99.90,29.40
40092,99.90,29.50
42098,99.90,29.50
44103,99.90,29.30
46107,99.90,29.70
48111,99.90,30.00
50115,99.90,30.00
52119,99.90,30.00
54125,99.90,30.10
56129,99.90,30.30
58133,99.90,30.10
60137,99.90,30.30
62143,99.90,30.30
64147,99.90,30.30
66151,99.90,30.20
68155,99.90,30.30
70161,99.90,30.40