Time,Humidity,Temperature
4,45.00,22.20
2009,45.10,22.20
4013,45.10,22.20
6017,45.10,22.20
8020,45.30,22.20
10024,45.60,22.20
12028,48.20,22.20
14033,67.50,22.80
16039,77.20,23.10
18043,84.70,23.20
20047,90.70,23.30
22051,93.20,23.20
24055,98.60,23.40
26060,99.90,23.60
28064,99.90,23.60
30068,99.90,23.60
32073,99.90,23.90
34077,99.90,24.10
36081,99.90,24.20
38086,99.90,24.10
40090,99.90,24.40
42095,99.90,24.50
44099,99.90,24.60
46103,99.90,24.50
48109,99.90,24.70
50113,99.90,24.90
52117,99.90,25.00
54123,99.90,25.10
56127,99.90,25.00
58131,99.90,25.20
60136,99.90,25.40
62140,99.90,25.50
64145,99.90,25.50
66149,99.90,25.80
68153,99.90,26.10
70157,99.90,26.20
