Time,Humidity,Temperature
3,45.50,22.70
2007,45.40,22.60
4011,45.40,22.60
6014,45.70,22.60
8018,46.30,22.60
10022,47.00,22.70
12026,56.50,23.00
14032,71.60,23.50
16037,80.90,23.80
18041,88.90,23.80
20045,93.50,23.80
22049,99.90,24.00
24054,99.90,24.20
26058,99.90,24.40
28062,99.90,24.40
30067,99.90,24.60
32071,99.90,24.70
34075,99.90,24.70
36080,99.90,24.80
38084,99.90,24.90
40088,99.90,25.10
42093,99.90,25.20
44097,99.90,25.30
46103,99.90,25.10
48107,99.90,25.50
50111,99.90,25.60
52116,99.90,25.70
54122,99.90,25.70
56126,99.90,25.80
58130,99.90,26.10
60134,99.90,26.20
62140,99.90,26.30
64144,99.90,26.20
66148,99.90,26.50
68152,99.90,26.60
70158,99.90,26.70
