Time,Humidity,Temperature
4,53.80,27.60
2008,53.80,27.60
4013,53.90,27.60
6018,53.90,27.60
8023,54.10,27.60
10027,54.90,27.60
12032,69.20,28.00
14036,81.10,28.20
16043,85.60,28.20
18046,91.80,28.50
20050,97.20,28.60
22054,99.50,28.70
24059,99.90,28.80
26065,99.90,28.90
28070,99.90,28.90
30074,99.90,29.20
32078,99.90,29.30
34082,99.90,29.30
36086,99.90,29.50
38090,99.90,29.60
40095,99.90,29.60
42101,99.90,29.80
44105,99.90,29.80
46109,99.90,29.70
48113,99.90,29.90
50117,99.90,30.20
52123,99.90,30.00
54127,99.90,30.30
56131,99.90,30.50
58135,99.90,30.20
60140,99.90,30.50
62146,99.90,30.70
64150,99.90,30.40
66154,99.90,30.60
68158,99.90,30.70
70164,99.90,30.50