Time,Humidity,Temperature
4,46.00,22.80
2008,46.10,22.90
4012,46.10,22.80
6016,46.20,22.90
8019,47.70,22.80
10023,54.50,22.90
12027,56.40,22.90
14031,73.20,23.40
16035,83.10,23.80
18040,91.20,24.00
20046,96.80,24.10
22050,99.90,24.30
24054,99.90,24.50
26059,99.90,24.60
28063,99.90,24.60
30067,99.90,24.70
32072,99.90,24.90
34076,99.90,25.00
36080,99.90,25.10
38085,99.90,24.90
40089,99.90,25.20
42094,99.90,25.30
44098,99.90,25.40
46102,99.90,25.20
48108,99.90,25.50
50112,99.90,25.60
52116,99.90,25.70
54121,99.90,25.50
56126,99.90,25.70
58130,99.90,26.00
60134,99.90,26.20
62138,99.90,26.30
64143,99.90,26.30
66147,99.90,26.50
68151,99.90,26.70
70157,99.90,26.70
