Time,Humidity,Temperature
3,45.20,22.30
2007,45.30,22.30
4011,45.40,22.30
6014,45.40,22.30
8018,45.60,22.30
10024,45.90,22.30
12029,46.30,22.40
14033,62.20,22.80
16037,76.50,23.40
18041,84.70,23.70
20046,91.20,23.70
22051,97.90,23.90
24055,99.90,24.20
26059,99.90,24.30
28064,99.90,24.40
30068,99.90,24.40
32073,99.90,24.70
34077,99.90,24.80
36081,99.90,24.80
38085,99.90,24.80
40090,99.90,25.10
42094,99.90,25.20
44099,99.90,25.30
46103,99.90,25.10
48107,99.90,25.60
50111,99.90,26.10
52117,99.90,26.30
54121,99.90,26.40
56125,99.90,26.40
58129,99.90,26.70
60135,99.90,26.80
62139,99.90,26.80
64143,99.90,26.70
66149,99.90,27.00
68153,99.90,27.10
70157,99.90,27.20
