Time,Humidity,Temperature
4,54.40,27.60
2008,54.40,27.60
4013,54.40,27.60
6018,54.40,27.60
8022,54.60,27.60
10025,55.00,27.60
12029,62.60,27.80
14034,78.30,28.20
16039,85.00,28.20
18045,91.70,28.40
20049,97.90,28.60
22053,99.90,28.60
24057,99.90,28.70
26062,99.90,28.80
28068,99.90,28.80
30073,99.90,29.00
32077,99.90,29.20
34081,99.90,29.10
36085,99.90,29.20
38089,99.90,29.40
40094,99.90,29.30
42100,99.90,29.50
44104,99.90,29.70
46108,99.90,29.60
48112,99.90,29.90
50116,99.90,30.00
52122,99.90,29.90
54126,99.90,30.00
56130,99.90,30.20
58134,99.90,30.00
60138,99.90,30.30
62143,99.90,30.30
64147,99.90,30.20
66151,99.90,30.40
68155,99.90,30.60
70161,99.90,30.40