Time,Humidity,Temperature
4,54.00,21.00
2009,54.00,21.00
4013,53.90,21.00
6017,54.00,21.00
8020,54.20,21.00
10024,54.40,21.00
12028,54.60,21.00
14032,62.40,21.30
16036,73.50,21.90
18042,81.40,22.20
20046,84.50,22.20
22050,90.00,22.70
24054,94.60,23.10
26058,98.30,23.30
28064,98.90,23.30
30068,99.90,23.60
32072,99.90,23.90
34077,99.90,24.10
36081,99.90,24.10
38086,99.90,24.50
40090,99.90,24.70
42094,99.90,24.70
44100,99.90,25.00
46104,99.90,25.20
48108,99.90,25.40
50114,99.90,25.30
52118,99.90,25.60
54122,99.90,25.80
56126,99.90,26.00
58132,99.90,25.80
60136,99.90,26.10
62140,99.90,26.40
64144,99.90,26.50
66149,99.90,26.50
68154,99.90,26.80
70158,99.90,26.90