Time,Humidity,Temperature
3,54.80,21.40
2007,54.80,21.40
4011,54.80,21.40
6014,54.90,21.40
8018,55.00,21.40
10022,55.00,21.40
12027,55.50,21.40
14033,64.60,21.70
16037,73.50,22.00
18041,78.10,22.10
20045,83.70,22.40
22049,88.50,22.70
24055,92.70,22.80
26059,95.10,23.00
28063,99.20,23.30
30067,99.90,23.60
32072,99.90,23.70
34076,99.90,23.80
36080,99.90,24.00
38085,99.90,24.10
40089,99.90,24.20
42093,99.90,24.20
44097,99.90,24.60
46102,99.90,24.90
48106,99.90,25.00
50111,99.90,25.30
52116,99.90,25.60
54120,99.90,25.80
56124,99.90,25.70
58128,99.90,26.00
60134,99.90,26.30
62138,99.90,26.40
64142,99.90,26.30
66146,99.90,26.50
68152,99.90,26.70
70156,99.90,26.70
