Time,Humidity,Temperature
3,49.00,23.70
2007,49.10,23.70
4011,49.10,23.60
6014,49.00,23.50
8020,49.00,23.50
10024,49.00,23.50
12028,49.00,23.60
14032,49.60,23.50
16038,50.00,23.50
18043,53.50,23.50
20047,66.10,23.80
22051,75.60,24.20
24055,82.50,24.40
26059,86.80,24.40
28063,91.50,24.60
30069,96.70,24.90
32073,99.90,25.10
34077,99.90,25.10
36082,99.90,25.00
38086,99.90,25.20
40091,99.90,25.50
42095,99.90,25.60
44099,99.90,25.60
46103,99.90,25.60
48107,99.90,25.70
50113,99.90,25.90
52117,99.90,26.00
54121,99.90,26.00
56125,99.90,25.90
58131,99.90,26.00
60135,99.90,26.30
62139,99.90,26.40
64143,99.90,26.40
66149,99.90,26.30
68153,99.90,26.30
70157,99.90,26.50
