Time,Humidity,Temperature
4,54.10,25.70
2008,54.20,25.70
4013,54.30,25.70
6017,54.20,25.60
8020,54.10,25.60
10024,54.60,25.60
12029,55.00,25.60
14034,56.40,25.60
16039,59.00,25.70
18044,62.90,25.70
20048,69.80,25.70
22052,75.80,25.80
24056,81.50,25.80
26060,84.20,25.90
28064,84.00,25.90
30068,87.50,26.10
32073,91.10,26.20
34079,94.10,26.30
36083,95.80,26.40
38087,98.20,26.60
40091,99.90,26.80
42097,99.90,26.80
44101,99.90,26.90
46105,99.90,27.10
48110,99.90,27.60
50115,99.90,27.90
52119,99.90,27.90
54123,99.90,28.00
56127,99.90,28.40
58131,99.90,28.80
60135,99.90,28.90
62140,99.90,28.80
64146,99.90,29.00
66151,99.90,29.30
68155,99.90,29.60
70159,99.90,29.50