Time,Humidity,Temperature
4,56.10,24.90
2009,56.10,24.90
4013,56.20,24.90
6017,56.30,24.90
8020,56.30,24.90
10024,56.30,24.90
12028,56.50,24.90
14034,57.50,24.90
16038,61.70,25.00
18042,74.50,25.60
20046,82.90,26.10
22050,82.10,26.10
24054,85.60,26.20
26058,92.80,26.70
28062,98.60,27.00
30068,97.20,27.00
32072,93.90,26.90
34076,98.10,27.20
36080,99.90,27.80
38084,99.90,28.10
40089,98.70,27.90
42094,99.90,28.20
44098,99.90,28.70
46102,99.90,29.00
48106,99.90,28.80
50110,97.50,28.70
52116,99.90,29.10
54120,99.90,29.50
56124,99.90,29.40
58128,93.20,29.30
60132,97.80,29.50
62138,99.90,30.00
64142,99.90,30.10
66146,93.00,29.90
68150,96.90,30.00
70154,99.90,30.40