Time,Humidity,Temperature
4,42.70,24.40
2008,42.70,24.30
4012,42.70,24.30
6016,42.70,24.30
8022,42.70,24.30
10025,42.70,24.30
12029,43.10,24.30
14033,56.80,24.60
16039,70.10,25.20
18044,79.50,25.60
20048,79.80,25.40
22052,85.40,25.60
24056,91.90,26.00
26060,88.70,25.90
28066,85.30,25.70
30070,90.40,26.10
32076,93.60,26.20
34081,89.30,26.10
36085,90.20,26.10
38089,93.90,26.40
40093,99.40,26.90
42097,94.10,26.80
44103,95.40,26.90
46107,99.90,27.30
48111,99.90,27.40
50115,93.60,27.20
52120,91.20,27.10
54125,91.50,27.20
56131,96.60,27.60
58135,99.90,27.90
60139,92.30,27.70
62143,90.80,27.60
64147,95.60,27.90
66153,95.70,28.00
68158,89.70,27.90
70162,89.40,27.80