Time,Humidity,Temperature
3,47.00,22.60
2007,47.00,22.70
4011,47.00,22.70
6014,47.10,22.70
8019,47.60,22.70
10024,48.00,22.70
12030,48.70,22.70
14035,60.00,23.00
16039,70.20,23.40
18043,75.30,23.50
20047,82.50,23.80
22053,87.00,23.90
24057,89.50,24.00
26061,93.20,24.20
28065,96.30,24.40
30069,97.10,24.30
32075,99.20,24.50
34079,99.90,24.80
36083,99.90,24.80
38088,99.90,24.90
40092,99.90,25.10
42096,99.90,25.40
44102,99.90,25.40
46106,99.90,25.70
48110,99.90,25.90
50114,99.90,25.90
52120,99.90,26.10
54124,99.90,26.20
56128,99.90,26.30
58132,99.90,26.40
60138,99.90,26.60
62142,99.90,26.70
64146,99.90,26.60
66150,99.90,26.80
68155,99.90,27.00
70159,99.90,26.90
