Time,Humidity,Temperature
3,49.40,23.00
2007,49.30,23.00
4011,49.30,23.00
6014,49.10,23.00
8020,49.40,23.00
10025,49.70,23.00
12029,50.20,23.00
14033,58.00,23.30
16037,69.00,23.50
18043,75.60,23.70
20047,82.40,23.90
22051,87.70,24.20
24055,91.20,24.40
26059,96.00,24.70
28065,99.80,24.90
30069,99.90,24.90
32073,99.90,25.10
34078,99.90,25.30
36082,99.90,25.30
38086,99.90,25.60
40092,99.90,25.80
42096,99.90,25.90
44100,99.90,26.00
46104,99.90,26.20
48110,99.90,26.40
50114,99.90,26.30
52118,99.90,26.50
54122,99.90,26.70
56128,99.90,26.60
58132,99.90,26.80
60136,99.90,27.00
62142,99.90,27.20
64146,99.90,27.00
66150,99.90,27.10
68156,99.90,27.30
70160,99.90,27.30
