Time,Humidity,Temperature
3,42.50,24.50
2007,42.50,24.50
4011,42.50,24.50
6014,42.50,24.50
8020,42.50,24.50
10024,42.60,24.40
12028,43.00,24.40
14032,55.40,24.80
16036,68.80,25.40
18040,75.90,25.60
20046,73.70,25.40
22050,73.80,25.20
24055,81.40,25.60
26059,89.10,26.10
28063,94.30,26.30
30067,87.90,26.10
32072,92.00,26.30
34078,97.60,26.70
36082,99.90,26.90
38086,93.50,26.60
40090,96.10,26.80
42094,99.90,27.20
44100,99.90,27.30
46105,94.40,27.00
48109,96.60,27.10
50113,99.90,27.50
52118,99.90,27.70
54123,99.90,27.70
56129,99.00,27.50
58133,99.90,27.80
60137,99.90,28.10
62141,99.90,28.00
64145,98.90,27.80
66150,99.90,28.10
68156,99.90,28.40
70160,99.90,28.40