Time,Humidity,Temperature
3,54.10,25.50
2007,54.00,25.50
4011,54.10,25.50
6014,54.10,25.50
8020,54.20,25.50
10024,54.10,25.50
12028,54.10,25.50
14032,54.10,25.50
16038,54.70,25.50
18042,56.60,25.50
20046,58.50,25.50
22050,68.90,25.70
24054,78.30,26.00
26058,84.10,26.10
28062,87.50,26.10
30067,90.90,26.20
32072,95.20,26.40
34077,98.90,26.60
36081,99.90,26.70
38085,99.90,26.80
40091,99.90,27.00
42095,99.90,27.30
44099,99.90,27.40
46105,99.90,27.50
48110,99.90,27.70
50114,99.90,28.00
52118,99.90,28.20
54122,99.90,28.20
56126,99.90,28.30
58131,99.90,28.50
60137,99.90,28.70
62142,99.90,28.80
64146,99.90,28.80
66150,99.90,29.00
68154,99.90,29.20
70158,99.90,29.40