Time,Humidity,Temperature
3,49.50,22.00
2007,49.40,22.10
4011,49.40,22.10
6014,49.60,22.10
8020,50.20,22.10
10024,50.50,22.10
12028,51.00,22.10
14034,53.10,22.10
16039,64.20,22.30
18043,71.10,22.40
20047,77.50,22.60
22051,83.20,22.80
24055,87.00,22.90
26059,89.60,23.00
28063,92.80,23.20
30067,95.70,23.30
32072,97.80,23.40
34076,99.20,23.50
36080,99.90,23.70
38085,99.90,23.80
40089,99.90,23.80
42093,99.90,24.00
44099,99.90,24.10
46103,99.90,24.30
48107,99.90,24.30
50112,99.90,24.50
52116,99.90,24.60
54120,99.90,24.80
56126,99.90,24.80
58130,99.90,24.90
60134,99.90,25.00
62139,99.90,25.20
64143,99.90,25.10
66148,99.90,25.30
68152,99.90,25.50
70156,99.90,25.60
