Time,Humidity,Temperature
3,53.90,25.80
2008,53.80,25.80
4013,53.80,25.80
6018,54.00,25.80
8022,54.10,25.80
10025,54.40,25.80
12030,54.80,25.80
14034,56.70,25.80
16038,59.80,25.80
18042,66.00,25.90
20046,73.50,25.90
22050,81.50,26.20
24054,88.20,26.40
26059,93.40,26.60
28065,97.30,26.60
30069,99.90,26.70
32073,99.90,26.90
34079,99.90,27.00
36083,99.90,26.90
38087,99.90,27.00
40091,99.90,27.30
42097,99.90,27.40
44101,99.90,27.50
46105,99.90,27.50
48110,99.90,27.70
50116,99.90,27.80
52121,99.90,27.80
54125,99.90,27.80
56129,99.90,28.00
58133,99.90,28.20
60137,99.90,28.20
62141,99.90,28.30
64146,99.90,28.50
66152,99.90,28.70
68156,99.90,28.80
70160,99.90,28.70