Time,Humidity,Temperature
3,42.10,24.60
2007,42.10,24.50
4011,42.20,24.50
6014,42.10,24.50
8018,42.10,24.50
10024,42.10,24.50
12028,42.20,24.50
14032,43.70,24.50
16036,43.70,24.50
18042,43.70,24.50
20047,55.20,24.70
22051,68.70,25.40
24055,79.40,26.10
26059,84.90,26.20
28063,84.10,26.00
30067,89.90,26.40
32071,97.00,27.00
34077,99.00,27.10
36081,92.60,26.80
38085,94.60,27.10
40089,99.90,27.60
42094,99.90,27.90
44100,95.40,27.70
46104,94.00,27.70
48108,98.30,28.10
50112,99.90,28.40
52117,95.20,28.20
54123,94.40,28.20
56127,98.50,28.50
58131,99.90,28.80
60135,94.10,28.60
62141,87.90,28.40
64145,92.10,28.60
66149,97.70,29.00
68153,99.90,29.20
70158,91.60,29.00