Time,Humidity,Temperature
3,48.50,22.10
2007,48.60,22.10
4011,48.60,22.10
6014,48.60,22.10
8018,48.80,22.10
10024,49.40,22.10
12028,50.20,22.10
14032,51.00,22.10
16036,58.90,22.50
18040,71.70,23.00
20046,80.30,23.30
22050,84.90,23.40
24054,89.80,23.70
26058,93.70,23.90
28062,97.20,24.00
30068,98.40,24.10
32072,99.90,24.40
34076,99.90,24.60
36082,99.90,24.70
38086,99.90,24.90
40090,99.90,25.20
42096,99.90,25.40
44100,99.90,25.60
46104,99.90,25.70
48108,99.90,25.90
50114,99.90,26.00
52118,99.90,26.00
54122,99.90,26.30
56126,99.90,26.50
58132,99.90,26.60
60136,99.90,26.50
62140,99.90,26.80
64144,99.90,27.00
66149,99.90,27.10
68153,99.90,27.20
70157,99.90,27.40
