Time,Humidity,Temperature
3,49.80,22.70
2007,49.80,22.70
4011,49.80,22.70
6014,49.80,22.70
8018,49.80,22.70
10024,50.30,22.80
12028,50.50,22.70
14032,57.80,23.00
16036,70.70,23.50
18040,78.60,23.80
20044,84.80,24.00
22048,90.60,24.40
24054,95.30,24.70
26058,99.90,25.00
28062,99.90,25.20
30067,99.90,25.60
32073,99.90,25.80
34077,99.90,26.00
36081,99.90,26.20
38085,99.90,26.30
40090,99.90,26.60
42094,99.90,26.80
44098,99.90,27.00
46104,99.90,27.10
48108,99.90,27.30
50112,99.90,27.50
52118,99.90,27.60
54122,99.90,27.80
56126,99.90,27.80
58130,99.90,27.90
60134,99.90,27.90
62138,99.90,28.10
64143,99.90,28.10
66148,99.90,28.20
68154,99.90,28.30
70158,99.90,28.30
