Time,Humidity,Temperature
4,54.90,25.30
2009,54.90,25.20
4014,54.90,25.20
6019,55.00,25.20
8023,55.00,25.20
10027,55.00,25.20
12030,55.00,25.20
14034,56.20,25.30
16038,60.60,25.30
18043,71.90,25.50
20047,80.00,25.70
22053,85.50,25.90
24058,90.00,25.90
26062,94.10,26.10
28066,97.90,26.30
30070,99.90,26.60
32076,99.90,26.70
34080,99.90,26.80
36084,99.90,27.00
38090,99.90,27.20
40094,99.90,27.30
42098,99.90,27.50
44102,99.90,27.80
46107,99.90,27.90
48113,99.90,28.00
50118,99.90,28.00
52122,99.90,28.20
54126,99.90,28.50
56130,99.90,28.80
58134,99.90,28.80
60138,99.90,28.90
62142,99.90,29.30
64147,99.90,29.40
66153,99.90,29.40
68157,99.90,29.50
70161,99.90,29.80