Time,Humidity,Temperature
3,48.70,23.40
2007,48.80,23.40
4011,48.70,23.40
6014,48.70,23.40
8018,48.70,23.30
10024,48.70,23.30
12028,48.70,23.40
14032,48.90,23.40
16036,49.80,23.40
18041,57.30,23.50
20047,67.90,23.70
22051,75.20,23.80
24055,80.60,23.90
26059,84.50,23.90
28065,88.70,24.10
30069,93.10,24.30
32073,96.70,24.50
34079,99.30,24.60
36083,99.90,24.60
38087,99.90,24.80
40091,99.90,25.00
42096,99.90,25.30
44100,99.90,25.30
46106,99.90,25.20
48110,99.90,25.40
50114,99.90,25.70
52118,99.90,25.80
54124,99.90,25.90
56128,99.90,25.90
58132,99.90,26.00
60136,99.90,26.20
62142,99.90,26.30
64146,99.90,26.30
66150,99.90,26.30
68156,99.90,26.30
70160,99.90,26.40
