Time,Humidity,Temperature
3,54.50,21.20
2007,54.50,21.20
4011,54.50,21.20
6014,54.60,21.20
8018,54.60,21.30
10022,54.80,21.30
12026,54.90,21.30
14032,63.40,21.50
16037,71.70,21.70
18041,76.90,21.70
20045,81.10,22.00
22049,86.20,22.20
24054,89.80,22.40
26059,91.90,22.40
28065,95.30,22.80
30069,98.70,23.00
32073,99.90,23.20
34077,99.90,23.20
36083,99.90,23.50
38087,99.90,23.70
40091,99.90,23.80
42096,99.90,23.90
44100,99.90,24.10
46104,99.90,24.10
48109,99.90,24.10
50113,99.90,24.30
52118,99.90,24.50
54122,99.90,24.70
56126,99.90,24.80
58132,99.90,25.00
60136,99.90,25.10
62140,99.90,25.30
64145,99.90,25.30
66149,99.90,25.60
68153,99.90,25.70
70157,99.90,25.80
