Time,Humidity,Temperature
4,55.50,21.20
2008,55.50,21.20
4013,55.50,21.20
6018,55.50,21.20
8022,55.50,21.20
10025,55.60,21.20
12029,56.10,21.20
14033,61.40,21.30
16039,72.90,21.90
18044,80.40,22.20
20048,85.00,22.30
22052,89.60,22.70
24056,94.40,23.00
26060,98.20,23.20
28064,99.90,23.20
30069,99.90,23.50
32073,99.90,23.70
34078,99.90,23.90
36082,99.90,24.00
38086,99.90,24.30
40091,99.90,24.70
42095,99.90,24.90
44099,99.90,25.10
46105,99.90,25.40
48109,99.90,25.50
50113,99.90,25.60
52118,99.90,25.70
54123,99.90,26.00
56127,99.90,26.20
58131,99.90,26.20
60135,99.90,26.40
62140,99.90,26.70
64144,99.90,26.80
66148,99.90,26.80
68153,99.90,27.10
70157,99.90,27.30
