Time,Humidity,Temperature
3,42.50,23.60
2008,42.40,23.60
4012,42.50,23.60
6016,42.50,23.60
8019,42.60,23.60
10023,42.70,23.60
12027,43.30,23.60
14032,56.80,24.10
16038,71.40,25.00
18042,81.60,25.40
20046,87.70,25.40
22050,89.20,25.30
24056,95.30,25.80
26060,99.90,26.20
28064,99.90,26.20
30068,97.40,25.90
32074,99.90,26.30
34078,99.90,26.80
36082,99.90,26.80
38086,98.30,26.50
40092,99.90,26.80
42096,99.90,27.20
44100,99.90,27.40
46106,99.90,27.20
48110,99.90,27.40
50114,99.90,27.70
52118,99.90,27.80
54122,99.90,27.70
56126,99.90,27.60
58132,99.90,27.90
60137,99.90,28.20
62141,99.90,28.20
64145,99.50,28.00
66149,99.90,28.10
68153,99.90,28.50
70158,99.90,28.80