Time,Humidity,Temperature
3,52.80,21.90
2007,52.80,21.90
4011,52.70,21.90
6014,52.70,21.90
8018,52.70,21.90
10023,53.20,21.90
12029,54.10,21.90
14033,65.60,22.30
16037,74.40,22.50
18041,78.60,22.50
20045,83.30,22.90
22049,88.20,23.20
24054,91.80,23.30
26060,92.60,23.30
28064,95.70,23.50
30068,98.70,23.70
32074,99.90,23.80
34078,99.90,23.90
36082,99.90,24.10
38087,99.90,24.30
40091,99.90,24.30
42096,99.90,24.50
44100,99.90,24.70
46104,99.90,24.90
48110,99.90,24.80
50114,99.90,25.00
52118,99.90,25.10
54123,99.90,25.20
56127,99.90,25.20
58131,99.90,25.40
60136,99.90,25.50
62140,99.90,25.60
64144,99.90,25.60
66148,99.90,25.80
68153,99.90,26.00
70157,99.90,26.10
