Time,Humidity,Temperature
3,47.90,22.50
2008,48.00,22.50
4013,48.00,22.60
6018,48.00,22.60
8023,48.00,22.60
10027,48.40,22.60
12030,49.00,22.60
14034,54.80,22.80
16038,66.10,23.00
18042,71.00,23.00
20047,78.40,23.30
22053,82.20,23.40
24057,86.80,23.60
26061,89.50,23.80
28065,92.20,23.90
30070,95.20,24.10
32076,96.40,24.20
34080,99.20,24.50
36084,99.90,24.60
38088,99.90,24.80
40094,99.90,25.00
42098,99.90,25.10
44103,99.90,25.30
46107,99.90,25.40
48111,99.90,25.70
50115,99.90,25.80
52121,99.90,26.00
54126,99.90,26.10
56130,99.90,26.20
58134,99.90,26.40
60138,99.90,26.50
62144,99.90,26.70
64148,99.90,26.80
66152,99.90,26.90
68158,99.90,26.90
70162,99.90,27.00
