Time,Humidity,Temperature
3,53.40,21.70
2008,53.30,21.70
4012,53.20,21.70
6016,53.30,21.70
8019,53.60,21.70
10023,53.90,21.70
12027,54.50,21.70
14032,65.80,22.00
16038,73.70,22.20
18042,77.70,22.20
20046,83.00,22.50
22050,87.30,22.70
24054,91.20,22.90
26058,93.00,22.90
28063,96.20,23.30
30068,99.30,23.50
32072,99.90,23.60
34076,99.90,23.70
36081,99.90,23.90
38085,99.90,24.10
40090,99.90,24.10
42094,99.90,24.40
44098,99.90,24.50
46104,99.90,24.60
48108,99.90,24.70
50112,99.90,25.00
52118,99.90,25.20
54122,99.90,25.40
56126,99.90,25.40
58132,99.90,25.60
60136,99.90,25.80
62140,99.90,25.90
64144,99.90,25.90
66150,99.90,26.10
68154,99.90,26.30
70158,99.90,26.30
