Time,Humidity,Temperature
3,43.20,25.30
2007,43.10,25.30
4011,43.10,25.30
6017,43.10,25.30
8020,43.10,25.30
10024,43.20,25.30
12028,43.40,25.30
14033,50.00,25.50
16037,62.00,25.80
18041,70.60,26.00
20046,77.00,26.00
22051,82.00,26.10
24055,86.10,26.20
26059,89.10,26.30
28063,91.20,26.40
30067,92.80,26.50
32071,94.00,26.50
34076,94.90,26.40
36082,96.80,26.90
38086,99.90,27.60
40090,99.90,27.90
42094,99.90,27.90
44098,99.90,27.70
46103,99.90,27.70
48109,99.90,28.60
50114,99.90,29.00
52118,99.90,29.10
54122,99.90,29.10
56126,99.90,29.00
58130,99.90,29.20
60135,99.90,29.30
62141,99.90,29.30
64146,99.90,29.30
66150,99.90,29.30
68154,99.90,29.30
70158,99.90,29.40