Time,Humidity,Temperature
3,43.10,30.30
2007,43.40,30.30
4011,43.50,30.30
6014,43.60,30.30
8018,43.70,30.20
10024,43.70,30.30
12028,43.70,30.30
14032,43.70,30.30
16037,43.80,30.20
18043,58.30,30.60
20047,71.80,31.10
22051,80.20,31.30
24055,85.60,31.30
26059,89.40,31.20
28065,92.80,31.50
30069,95.60,31.90
32073,97.50,32.00
34077,98.20,31.80
36083,98.70,31.60
38087,99.50,31.80
40091,99.90,32.00
42095,99.90,32.10
44099,99.90,32.00
46105,99.90,31.70
48109,99.90,31.50
50113,99.90,31.80
52117,99.90,32.00
54122,99.90,32.00
56128,99.90,31.90
58132,99.90,32.10
60136,99.90,32.10
62140,99.90,31.80
64146,99.90,31.90
66150,99.90,32.10
68154,99.90,32.00
70158,99.90,32.00