Time,Humidity,Temperature
4,45.00,29.40
2009,44.80,29.30
4014,44.80,29.30
6019,44.80,29.40
8024,44.90,29.30
10028,45.10,29.30
12032,45.10,29.30
14035,45.20,29.30
16039,56.90,29.60
18043,69.50,29.90
20048,77.70,30.00
22054,84.10,30.30
24058,88.50,30.40
26062,91.50,30.40
28066,93.70,30.30
30072,95.50,30.40
32076,96.90,30.50
34080,97.40,30.40
36084,98.50,30.60
38088,99.10,30.50
40093,99.70,30.60
42098,99.90,30.80
44102,99.90,30.80
46106,99.90,30.60
48110,99.90,30.80
50116,99.90,30.90
52120,99.90,30.80
54124,99.90,31.00
56128,99.90,31.10
58133,99.90,30.90
60138,99.90,31.10
62142,99.90,31.10
64146,99.90,31.20
66150,99.90,31.30
68156,99.90,31.20
70160,99.90,31.40