Time,Humidity,Temperature
3,44.40,27.30
2007,44.50,27.30
4011,44.40,27.30
6014,44.40,27.30
8018,44.30,27.30
10022,44.30,27.30
12028,44.40,27.30
14032,47.10,27.30
16036,47.90,27.30
18040,59.60,27.90
20044,70.40,28.10
22048,78.80,28.50
24053,84.20,28.60
26059,88.80,29.00
28064,92.00,29.20
30068,94.70,29.40
32072,96.50,29.60
34076,98.30,29.80
36080,99.30,30.00
38084,99.90,30.20
40090,99.90,30.10
42094,99.90,30.30
44098,99.90,30.30
46102,99.90,30.50
48108,99.90,30.40
50112,99.90,30.60
52116,99.90,30.60
54120,99.90,30.70
56126,99.90,30.70
58130,99.90,30.80
60134,99.90,30.80
62138,99.90,30.90
64142,99.90,30.90
66148,99.90,31.00
68152,99.90,31.00
70156,99.90,31.00