Time,Humidity,Temperature
4,45.70,26.90
2009,45.60,26.80
4013,45.50,26.90
6017,45.50,26.90
8020,45.70,26.90
10024,45.60,26.90
12028,45.60,26.90
14033,45.60,26.90
16039,45.60,26.90
18043,47.20,26.90
20047,61.80,27.60
22051,73.40,28.10
24055,80.80,28.40
26059,85.90,28.40
28065,89.40,28.40
30069,91.90,28.40
32073,93.70,28.30
34077,94.80,28.20
36081,96.50,28.60
38087,97.70,28.70
40091,98.50,28.70
42095,99.00,28.70
44099,99.30,28.60
46104,99.90,28.90
48110,99.90,29.20
50114,99.90,29.30
52118,99.90,29.30
54122,99.90,29.60
56126,99.90,29.70
58130,99.90,29.50
60136,99.90,29.80
62140,99.90,29.90
64144,99.90,30.10
66148,99.90,30.30
68152,99.90,30.20
70158,99.90,30.40