Time,Humidity,Temperature
3,49.90,24.50
2007,49.90,24.50
4011,50.00,24.50
6017,50.00,24.50
8020,50.00,24.50
10024,49.90,24.50
12028,50.20,24.60
14033,50.20,24.50
16037,53.20,24.60
18041,64.10,24.90
20045,72.90,25.20
22049,79.30,25.40
24055,83.80,25.50
26060,87.20,25.60
28065,89.90,25.60
30070,91.80,25.60
32075,94.00,25.80
34079,96.90,26.30
36083,99.10,26.70
38087,99.90,26.90
40092,99.90,26.90
42096,99.90,26.90
44100,99.90,26.90
46106,99.90,27.20
48110,99.90,27.50
50114,99.90,27.50
52120,99.90,27.50
54124,99.90,27.50
56128,99.90,27.70
58132,99.90,28.00
60137,99.90,28.30
62143,99.90,28.30
64147,99.90,28.20
66151,99.90,28.10
68155,99.90,28.20
70159,99.90,28.50