Time,Humidity,Temperature
3,44.10,27.40
2007,44.10,27.40
4011,44.00,27.40
6014,44.00,27.40
8018,43.70,27.40
10022,43.70,27.50
12026,43.60,27.40
14030,45.00,27.40
16034,44.90,27.40
18038,44.70,27.40
20043,51.50,27.60
22048,65.30,27.90
24054,74.90,28.30
26058,81.50,28.50
28062,85.80,28.40
30066,88.20,28.20
32070,89.70,28.10
34074,93.00,28.90
36080,95.90,29.50
38084,97.00,29.40
40088,97.70,29.30
42092,98.00,29.10
44098,98.40,29.10
46102,99.90,29.60
48106,99.90,29.90
50110,99.90,30.00
52114,99.90,29.90
54120,99.90,29.80
56124,99.90,30.00
58128,99.90,30.10
60132,99.90,29.90
62137,99.90,29.70
64143,99.90,29.50
66147,99.90,29.60
68151,99.90,29.80
70155,99.90,29.90