Time,Humidity,Temperature
3,44.40,28.00
2007,44.30,28.00
4011,44.40,28.00
6014,44.30,28.00
8018,44.40,28.00
10022,44.40,28.00
12026,44.80,28.00
14030,45.00,27.90
16036,45.70,28.00
18040,61.30,28.80
20045,73.00,29.20
22050,80.40,29.30
24056,86.10,29.60
26060,90.50,29.90
28064,93.40,30.00
30068,96.20,30.30
32072,97.90,30.40
34077,99.40,30.60
36083,99.90,30.70
38087,99.90,30.60
40091,99.90,30.90
42095,99.90,30.90
44099,99.90,31.10
46105,99.90,31.20
48109,99.90,31.10
50113,99.90,31.30
52117,99.90,31.40
54122,99.90,31.30
56128,99.90,31.40
58132,99.90,31.50
60136,99.90,31.40
62140,99.90,31.50
64146,99.90,31.30
66150,99.90,31.30
68154,99.90,31.40
70158,99.90,31.50