Time,Humidity,Temperature
4,33.80,31.80
2009,34.00,31.80
4014,34.00,31.80
6018,33.90,31.80
8022,33.90,31.70
10025,34.10,31.70
12029,34.20,31.70
14033,34.30,31.60
16039,34.30,31.60
18043,36.30,31.60
20047,54.10,32.10
22051,68.50,32.60
24055,76.80,32.60
26059,78.60,32.40
28063,70.40,32.10
30067,71.90,32.00
32071,77.50,32.20
34075,83.70,32.50
36079,87.70,32.50
38083,90.10,32.40
40089,91.50,32.30
42094,88.20,32.10
44098,78.60,31.90
46102,74.60,31.70
48106,76.80,31.80
50110,84.00,32.20
52114,87.40,32.20
54118,78.50,31.80
56123,74.50,31.70
58128,81.20,31.90
60132,86.00,32.00
62136,89.00,32.00
64140,81.70,31.70
66144,79.60,31.70
68149,85.80,32.00
70155,88.70,32.00