Time,Humidity,Temperature
3,53.90,23.80
2008,54.00,23.80
4013,53.80,23.80
6017,53.90,23.80
8020,53.80,23.80
10024,53.80,23.80
12028,53.80,23.80
14032,53.90,23.80
16036,54.00,23.80
18040,59.70,24.00
20045,70.30,24.50
22050,77.70,24.90
24054,83.20,25.10
26058,87.40,25.20
28062,90.60,25.30
30067,92.90,25.30
32072,94.70,25.20
34076,96.10,25.20
36080,97.50,25.30
38085,99.10,25.50
40089,99.90,25.70
42093,99.90,26.00
44097,99.90,26.10
46103,99.90,26.10
48107,99.90,26.10
50111,99.90,26.10
52115,99.90,26.00
54121,99.90,26.30
56125,99.90,26.40
58129,99.90,26.60
60133,99.90,26.60
62139,99.90,26.50
64143,99.90,26.60
66147,99.90,26.70
68152,99.90,26.80
70156,99.90,26.90