Time,Humidity,Temperature
4,38.50,29.10
2008,38.50,29.20
4013,38.50,29.10
6018,38.50,29.10
8023,38.90,29.10
10029,39.00,29.10
12034,38.90,29.10
14039,39.30,29.10
16043,39.80,29.10
18046,52.20,29.30
20050,65.20,29.60
22054,74.10,29.80
24058,79.70,29.90
26062,82.20,29.80
28066,85.00,29.90
30072,88.70,30.20
32076,91.30,30.30
34080,93.20,30.30
36084,94.60,30.30
38090,96.20,30.50
40095,97.20,30.60
42100,97.80,30.50
44105,98.10,30.40
46109,98.20,30.30
48113,99.30,30.70
50117,99.90,30.90
52121,99.90,30.90
54127,99.90,30.80
56131,99.90,30.60
58135,99.90,30.80
60139,99.90,31.20
62144,99.90,31.20
64150,99.90,31.20
66154,99.90,31.00
68158,99.90,30.90
70162,99.90,30.80