Time,Humidity,Temperature
3,40.90,27.10
2008,40.60,27.30
4013,40.40,27.20
6017,40.20,27.20
8022,39.90,27.20
10027,39.80,27.30
12032,41.60,27.30
14036,41.60,27.40
16043,45.70,27.40
18048,59.60,27.70
20051,69.70,27.80
22055,76.80,27.90
24059,81.70,27.90
26063,86.30,28.50
28067,90.30,29.20
30072,93.00,29.40
32078,94.80,29.40
34082,96.10,29.40
36086,97.50,29.60
38090,99.80,30.10
40096,99.90,30.30
42100,99.90,30.30
44104,99.90,30.20
46108,99.90,30.10
48114,99.90,30.60
50118,99.90,30.70
52122,99.90,30.70
54126,99.90,30.70
56132,99.90,30.60
58136,99.90,30.80
60140,99.90,31.00
62144,99.90,30.80
64150,99.90,30.60
66154,99.90,30.70
68158,99.90,30.80
70162,99.90,30.70