Time,Humidity,Temperature
3,41.40,27.80
2007,41.50,27.70
4011,41.50,27.80
6014,41.40,27.70
8018,41.30,27.80
10024,41.40,27.70
12028,41.40,27.80
14032,41.40,27.70
16036,41.30,27.70
18040,53.00,27.90
20044,64.50,28.10
22048,71.20,28.10
24052,76.60,28.10
26058,82.80,28.60
28062,88.10,29.30
30066,91.90,29.60
32070,94.50,29.60
34074,96.10,29.60
36079,98.10,29.90
38085,99.90,30.30
40089,99.90,30.60
42093,99.90,30.50
44097,99.90,30.50
46103,99.90,30.80
48107,99.90,31.10
50111,99.90,31.10
52115,99.90,31.00
54119,99.90,31.10
56125,99.90,31.30
58129,99.90,31.30
60133,99.90,31.20
62137,99.90,31.20
64141,99.90,31.20
66147,99.90,31.20
68151,99.90,31.10
70155,99.90,31.20