Time,Humidity,Temperature
3,44.30,27.80
2007,44.50,27.70
4011,44.40,27.80
6014,44.30,27.70
8018,44.30,27.80
10023,44.20,27.70
12029,44.60,27.80
14033,44.90,27.80
16037,53.40,28.20
18041,67.70,28.90
20045,75.80,28.90
22049,79.60,28.80
24053,84.10,29.10
26057,88.40,29.50
28061,90.90,29.60
30066,90.60,29.30
32072,91.90,29.50
34076,94.30,29.90
36080,94.70,29.80
38085,94.50,29.70
40090,95.80,30.00
42094,96.50,30.10
44098,92.90,29.80
46103,93.40,29.90
48108,94.90,30.10
50112,93.00,29.80
52116,94.30,30.20
54120,95.50,30.30
56125,93.80,30.10
58129,95.00,30.30
60133,95.30,30.30
62139,92.80,30.20
64143,94.60,30.50
66147,93.70,30.40
68151,94.50,30.50
70155,93.70,30.30