Time,Humidity,Temperature
4,42.60,27.80
2008,42.40,27.80
4014,42.30,27.80
6018,42.30,27.80
8022,42.20,27.80
10025,42.00,27.80
12029,41.80,27.80
14034,42.10,27.80
16040,42.10,27.80
18045,51.40,28.00
20050,66.50,28.80
22054,76.10,29.30
24058,82.80,29.30
26062,87.50,29.40
28066,90.80,29.40
30070,93.70,29.70
32075,95.90,29.90
34079,97.40,29.90
36083,98.40,29.90
38089,99.10,29.80
40094,99.50,29.80
42098,99.90,29.90
44102,99.90,30.00
46106,99.90,30.00
48112,99.90,30.00
50116,99.90,29.90
52120,99.90,29.80
54124,99.90,30.00
56129,99.90,30.80
58134,99.90,31.20
60138,99.90,31.30
62142,99.90,31.10
64146,99.90,31.00
66152,99.90,31.10
68156,99.90,31.50
70160,99.90,31.70