Time,Humidity,Temperature
3,49.70,25.00
2007,49.90,25.00
4011,50.00,25.00
6016,49.90,25.00
8019,50.00,25.00
10023,50.00,25.00
12029,50.00,25.00
14033,50.00,25.00
16037,50.00,25.00
18043,54.20,25.00
20047,65.50,25.30
22051,74.40,25.70
24055,80.40,25.90
26059,84.90,26.00
28063,88.40,26.10
30067,91.00,26.20
32071,93.00,26.20
34077,95.70,26.70
36081,98.10,27.00
38085,99.70,27.00
40089,99.90,27.10
42094,99.90,27.20
44098,99.90,27.50
46102,99.90,27.60
48108,99.90,27.70
50113,99.90,27.70
52118,99.90,27.80
54122,99.90,28.00
56126,99.90,28.10
58130,99.90,28.10
60134,99.90,28.10
62138,99.90,28.30
64144,99.90,28.40
66148,99.90,28.40
68152,99.90,28.40
70156,99.90,28.50