Time,Humidity,Temperature
4,39.50,26.50
2008,39.60,26.40
4013,39.80,26.40
6018,39.80,26.40
8023,40.30,26.40
10028,40.60,26.40
12033,40.80,26.40
14038,40.90,26.40
16043,40.80,26.40
18046,40.90,26.40
20050,44.00,26.50
22055,58.70,26.90
24061,69.20,27.10
26065,76.80,27.40
28071,82.30,27.60
30075,86.60,27.70
32079,90.20,28.00
34083,92.80,28.20
36087,94.80,28.30
38092,96.50,28.40
40097,97.90,28.50
42101,98.70,28.50
44105,99.30,28.50
46109,99.90,28.60
48115,99.90,28.70
50119,99.90,28.70
52123,99.90,28.70
54127,99.90,28.80
56131,99.90,28.90
58136,99.90,28.90
60142,99.90,28.80
62147,99.90,28.80
64151,99.90,29.00
66155,99.90,29.00
68159,99.90,28.90
70163,99.90,28.90