Time,Humidity,Temperature
4,39.00,27.50
2009,39.10,27.50
4013,39.30,27.50
6017,39.30,27.50
8020,39.20,27.50
10024,39.10,27.50
12028,39.00,27.50
14032,40.10,27.50
16036,40.50,27.50
18040,40.60,27.50
20045,50.30,27.70
22050,64.40,28.10
24055,73.70,28.30
26059,79.90,28.40
28063,84.40,28.40
30067,88.10,28.60
32073,91.70,29.00
34078,94.20,29.20
36082,95.80,29.20
38086,96.70,29.10
40090,97.90,29.20
42096,99.30,29.40
44100,99.70,29.40
46104,99.80,29.30
48108,99.90,29.30
50112,99.90,29.50
52117,99.90,29.60
54123,99.90,29.70
56128,99.90,29.60
58132,99.90,29.40
60136,99.90,29.40
62140,99.90,29.60
64144,99.90,29.70
66149,99.90,29.50
68155,99.90,29.40
70159,99.90,29.30