Time,Humidity,Temperature
3,26.60,26.00
2008,26.90,26.00
4012,26.90,26.00
6016,26.90,26.00
8019,27.00,26.00
10023,27.00,25.90
12028,26.90,25.90
14033,27.20,25.90
16037,27.30,25.90
18042,30.40,26.00
20047,45.00,26.60
22053,57.40,27.10
24058,66.40,27.20
26063,70.40,26.90
28068,69.60,26.80
30072,74.20,27.00
32076,78.90,27.30
34080,82.00,27.30
36084,81.80,27.20
38088,83.40,27.30
40092,85.90,27.80
42097,88.00,27.90
44103,88.70,27.70
46107,86.70,27.50
48111,87.50,27.80
50115,89.20,28.20
52119,90.30,28.20
54124,89.00,28.00
56130,86.00,27.90
58134,87.60,28.20
60138,89.20,28.40
62142,87.60,28.20
64146,83.40,28.10
66151,85.40,28.40
68157,87.50,28.50
70161,84.90,28.30