Time,Humidity,Temperature
4,29.40,26.60
2008,29.40,26.50
4013,29.30,26.50
6018,29.10,26.50
8022,29.60,26.40
10025,30.10,26.40
12029,30.00,26.40
14033,31.20,26.40
16037,35.40,26.40
18041,37.90,26.40
20045,47.20,26.50
22049,57.90,26.70
24053,62.80,26.70
26057,59.70,26.60
28061,66.20,26.90
30066,72.70,27.20
32071,74.20,27.10
34075,69.40,26.90
36079,72.70,27.10
38083,77.60,27.40
40087,81.50,27.50
42092,79.70,27.30
44098,74.50,27.20
46102,78.20,27.40
48108,81.90,27.70
50112,84.70,27.80
52116,81.90,27.50
54120,73.40,27.40
56124,72.10,27.40
58128,76.90,27.70
60132,81.00,27.90
62137,84.20,28.00
64142,81.70,27.70
66148,75.50,27.50
68153,78.80,27.90
70157,82.50,28.10