Time,Humidity,Temperature
4,24.00,27.80
2008,24.00,27.80
4014,23.90,27.80
6018,24.00,27.70
8023,24.40,27.70
10028,25.20,27.70
12033,25.70,27.60
14038,30.00,27.70
16044,29.50,27.70
18049,41.00,27.80
20054,53.20,28.00
22057,53.50,27.90
24061,57.70,27.90
26065,65.80,28.20
28069,72.00,28.30
30073,68.00,28.20
32078,66.10,28.10
34084,71.80,28.30
36088,76.70,28.50
38092,75.00,28.30
40096,67.10,28.20
42101,65.80,28.30
44106,71.50,28.50
46110,75.10,28.50
48114,68.50,28.40
50118,69.80,28.50
52123,74.40,28.60
54128,68.70,28.50
56132,69.60,28.60
58136,74.70,28.70
60140,78.80,28.80
62144,77.90,28.70
64150,69.40,28.60
66154,63.00,28.60
68158,64.40,28.70
70162,70.90,28.90