Time,Humidity,Temperature
4,27.10,26.20
2009,27.80,26.10
4013,28.00,26.10
6018,28.00,26.10
8023,27.90,26.10
10029,27.90,26.10
12034,28.20,26.10
14039,33.70,26.00
16043,33.80,26.00
18049,36.70,26.10
20052,49.80,26.30
22056,53.40,26.20
24060,62.20,26.50
26064,69.40,26.70
28069,73.00,26.70
30074,77.50,27.00
32080,78.20,26.80
34085,80.90,27.00
36089,83.40,27.10
38093,82.90,27.10
40097,85.00,27.30
42101,85.60,27.30
44105,84.90,27.30
46109,86.70,27.60
48114,88.20,27.60
50120,88.80,27.50
52124,84.50,27.40
54128,82.00,27.40
56132,84.40,27.60
58136,86.50,27.80
60140,83.40,27.60
62144,82.50,27.70
64148,85.00,27.80
66152,84.30,27.70
68157,77.80,27.60
70162,78.10,27.60