Time,Humidity,Temperature
4,36.70,25.70
2009,36.70,25.70
4014,36.60,25.60
6019,36.60,25.60
8024,36.70,25.60
10029,36.70,25.60
12034,37.00,25.60
14039,37.00,25.60
16044,42.90,25.80
18049,54.70,26.10
20052,63.50,26.20
22056,65.90,26.10
24060,66.80,26.10
26064,72.70,26.40
28068,77.50,26.50
30072,81.10,26.50
32076,82.30,26.30
34080,82.10,26.40
36084,83.00,26.30
38089,83.10,26.30
40094,77.60,26.20
42099,77.50,26.30
44104,80.80,26.60
46109,82.00,26.60
48114,80.30,26.50
50119,82.60,26.70
52125,84.60,26.70
54130,83.30,26.70
56134,83.70,26.70
58138,85.60,26.90
60142,84.10,26.80
62146,83.90,26.90
64150,85.60,27.00
66154,82.80,26.90
68159,81.90,27.00
70164,84.10,27.20