Time,Humidity,Temperature
3,38.30,25.00
2007,38.20,25.00
4011,38.20,25.00
6017,38.10,25.00
8020,38.00,25.00
10024,38.00,25.00
12028,38.10,25.00
14034,41.20,25.00
16038,41.10,25.00
18042,43.40,25.00
20046,52.50,25.30
22050,61.60,25.60
24054,68.50,25.80
26059,70.40,25.70
28063,71.10,25.60
30067,74.30,25.80
32072,78.10,26.10
34078,81.50,26.40
36083,82.80,26.30
38087,81.40,26.20
40091,82.80,26.50
42095,84.90,26.80
44099,86.80,27.00
46103,87.80,26.90
48108,86.60,26.70
50114,86.50,26.90
52119,87.70,27.10
54123,89.00,27.30
56127,90.00,27.40
58131,89.70,27.20
60135,87.90,27.10
62139,87.40,27.20
64143,88.20,27.50
66148,89.40,27.60
68154,89.80,27.60
70159,88.20,27.50