Time,Humidity,Temperature
4,26.30,29.20
2008,26.50,29.10
4013,26.90,29.10
6018,27.40,29.10
8023,27.40,29.10
10029,27.40,29.10
12033,27.30,29.00
14039,27.10,29.00
16044,39.30,29.20
18049,52.40,29.30
20054,51.90,29.20
22059,54.30,29.20
24062,63.40,29.30
26066,67.30,29.30
28070,61.70,29.20
30074,67.30,29.40
32078,73.30,29.60
34082,71.10,29.40
36086,68.30,29.40
38091,73.50,29.50
40096,78.00,29.70
42102,79.10,29.60
44107,70.80,29.40
46111,68.30,29.50
48115,73.70,29.70
50119,78.10,29.70
52123,72.20,29.60
54128,69.90,29.60
56134,74.90,29.80
58138,75.00,29.70
60142,73.10,29.70
62146,77.30,29.80
64150,80.10,29.80
66154,72.30,29.70
68160,70.00,29.80
70164,75.00,29.90