Time,Humidity,Temperature
4,29.30,28.60
2008,29.20,28.60
4013,29.00,28.70
6018,28.90,28.60
8024,28.60,28.60
10029,28.40,28.60
12034,28.10,28.50
14038,35.60,28.60
16041,50.70,28.90
18045,61.60,29.00
20049,60.70,28.80
22053,59.90,28.80
24057,66.00,28.90
26061,72.40,29.10
28066,74.80,29.00
30071,68.30,28.90
32077,68.10,28.90
34082,73.50,29.10
36086,78.10,29.30
38090,81.30,29.30
40094,74.20,29.10
42098,68.10,29.10
44102,71.50,29.20
46108,76.60,29.40
48113,80.60,29.40
50118,77.20,29.30
52122,73.30,29.40
54126,77.40,29.50
56130,80.60,29.50
58134,73.20,29.40
60138,72.30,29.40
62142,76.80,29.60
64146,73.00,29.50
66150,68.60,29.40
68155,73.20,29.60
70160,71.90,29.50