Time,Humidity,Temperature
3,37.60,24.50
2007,37.80,24.50
4011,38.50,24.50
6014,38.90,24.50
8018,39.00,24.60
10024,39.20,24.60
12029,40.20,24.60
14033,45.40,24.60
16037,45.10,24.60
18041,51.90,24.80
20045,60.80,25.30
22051,68.20,25.70
24056,73.90,25.80
26060,77.30,25.60
28066,77.10,25.50
30070,77.70,25.60
32075,80.80,26.10
34080,83.70,26.40
36085,85.70,26.40
38091,86.90,26.30
40096,88.20,26.60
42101,89.70,26.90
44105,90.80,26.90
46109,91.10,26.80
48113,91.10,26.80
50118,91.60,27.00
52123,92.30,27.30
54129,92.80,27.30
56134,92.50,27.20
58138,91.50,27.10
60142,91.70,27.40
62146,92.30,27.70
64150,92.80,27.70
66155,91.70,27.50
68161,88.70,27.40
70165,88.90,27.60