Time,Humidity,Temperature
3,29.30,25.70
2008,29.60,25.70
4012,29.30,25.70
6016,29.10,25.70
8019,29.10,25.70
10023,31.90,25.70
12027,33.90,25.70
14031,39.50,25.80
16035,50.00,26.00
18039,51.90,26.00
20043,59.60,26.20
22047,65.00,26.20
24051,64.90,26.20
26055,70.10,26.50
28059,72.20,26.50
30065,71.10,26.50
32069,75.10,26.80
34073,76.70,26.70
36077,72.10,26.70
38082,75.30,26.90
40087,78.70,27.10
42092,74.90,26.90
44096,76.10,27.10
46100,79.30,27.30
48104,75.90,27.20
50108,75.40,27.30
52112,78.70,27.50
54116,75.00,27.40
56121,74.60,27.50
58126,78.20,27.60
60131,80.80,27.70
62136,74.80,27.60
64141,69.20,27.60
66147,73.00,27.70
68152,77.10,27.80
70157,74.30,27.80