Time,Humidity,Temperature
3,24.90,28.50
2007,25.40,28.40
4011,26.30,28.50
6014,26.50,28.40
8019,26.40,28.40
10024,26.50,28.40
12029,27.20,28.30
14033,33.80,28.50
16037,45.90,28.60
18041,51.90,28.70
20045,57.20,28.70
22051,55.80,28.70
24056,63.90,28.80
26060,63.00,28.70
28064,64.80,28.80
30068,70.20,28.90
32072,67.20,28.80
34076,72.30,29.00
36080,69.70,28.90
38084,70.90,29.00
40089,74.40,29.00
42094,67.60,29.00
44100,70.30,29.10
46105,73.10,29.20
48110,67.40,29.10
50114,72.20,29.30
52118,74.20,29.30
54122,69.90,29.20
56126,74.20,29.30
58130,71.90,29.10
60135,70.50,29.20
62141,75.00,29.30
64145,71.50,29.20
66149,65.50,29.20
68153,70.20,29.30
70157,75.30,29.50