Time,Humidity,Temperature
4,26.70,27.20
2008,26.60,27.10
4014,27.00,27.10
6018,27.40,27.20
8023,27.50,27.30
10028,27.60,27.20
12032,27.40,27.30
14035,27.60,27.20
16039,33.20,27.20
18043,47.90,27.50
20048,53.50,27.40
22054,57.50,27.50
24059,65.30,27.80
26063,64.70,27.70
28067,67.60,27.80
30071,72.60,28.00
32075,69.20,27.90
34080,70.80,28.00
36086,75.40,28.10
38090,79.00,28.30
40094,74.80,28.00
42098,77.10,28.20
44102,77.80,28.30
46106,74.10,28.30
48110,77.40,28.40
50114,77.80,28.40
52118,73.90,28.30
54122,77.20,28.60
56126,80.40,28.60
58130,75.80,28.50
60136,70.30,28.50
62140,73.20,28.60
64144,75.90,28.70
66150,70.00,28.60
68154,72.40,28.80
70159,76.80,28.90