Time,Humidity,Temperature
3,27.00,26.00
2008,27.30,26.00
4012,27.30,26.00
6016,27.30,26.10
8019,27.20,26.00
10024,27.20,26.10
12029,28.40,26.10
14034,30.00,26.00
16039,32.70,26.00
18044,44.00,26.20
20049,54.00,26.40
22054,61.80,26.40
24058,61.10,26.30
26062,57.20,26.20
28066,60.70,26.30
30070,68.00,26.60
32074,73.80,26.70
34078,77.30,26.60
36082,73.30,26.40
38087,71.60,26.40
40092,75.50,26.60
42097,79.50,26.70
44103,82.60,26.80
46107,83.10,26.70
48111,76.70,26.50
50115,76.50,26.60
52119,79.60,26.70
54123,79.70,26.70
56128,81.90,26.80
58133,84.20,26.80
60138,83.20,26.80
62143,76.50,26.80
64149,71.80,26.70
66153,74.50,26.80
68157,78.60,27.00
70161,81.90,27.10