Time,Humidity,Temperature
3,37.10,25.40
2007,37.30,25.30
4011,37.30,25.30
6017,37.40,25.30
8020,37.30,25.30
10024,37.30,25.30
12028,37.20,25.30
14033,40.20,25.30
16039,40.30,25.30
18043,43.80,25.30
20047,54.10,25.60
22051,62.70,25.80
24055,64.90,25.70
26059,65.90,25.50
28063,70.50,25.80
30067,75.70,26.10
32072,79.70,26.20
34077,80.50,26.00
36082,79.20,26.00
38087,81.40,26.30
40092,83.80,26.40
42098,85.50,26.50
44103,81.90,26.30
46107,79.10,26.30
48111,80.90,26.40
50115,83.30,26.60
52119,84.50,26.60
54123,80.40,26.50
56127,80.40,26.60
58131,82.70,26.80
60135,85.00,26.80
62139,83.90,26.70
64144,79.20,26.70
66149,80.60,26.80
68155,83.10,27.00
70159,80.90,26.90