Time,Humidity,Temperature
4,38.10,26.20
2009,38.10,26.20
4013,38.10,26.20
6017,38.10,26.10
8020,38.10,26.10
10024,38.10,26.20
12028,38.10,26.10
14032,38.90,26.20
16036,39.00,26.20
18040,40.60,26.10
20044,49.40,26.40
22048,59.00,26.60
24053,67.00,26.80
26059,70.20,26.70
28063,68.10,26.60
30067,70.80,26.70
32071,75.50,26.90
34075,79.70,27.10
36079,82.90,27.10
38083,81.40,26.90
40088,76.80,26.90
42093,78.70,26.90
44098,81.70,27.10
46103,84.50,27.20
48109,86.20,27.20
50114,81.60,27.10
52118,75.80,27.00
54122,76.10,27.10
56126,79.50,27.30
58130,82.80,27.40
60134,83.50,27.30
62138,78.90,27.20
64142,78.30,27.20
66146,81.20,27.40
68150,83.80,27.50
70154,80.50,27.30