Time,Humidity,Temperature
3,36.60,24.50
2007,36.50,24.50
4011,36.40,24.50
6014,36.30,24.50
8018,36.20,24.50
10022,36.50,24.50
12028,37.00,24.40
14033,40.50,24.40
16037,41.20,24.50
18041,49.90,24.70
20046,59.90,25.10
22052,67.60,25.40
24056,73.20,25.40
26060,75.50,25.20
28066,76.10,25.10
30070,79.30,25.50
32074,82.40,25.80
34078,84.90,25.90
36082,85.80,25.70
38086,85.40,25.70
40091,86.90,26.00
42097,88.40,26.20
44102,89.70,26.30
46106,90.10,26.20
48110,87.60,26.10
50114,84.50,26.00
52118,85.60,26.30
54122,87.30,26.60
56127,87.80,26.60
58133,85.90,26.50
60137,87.00,26.80
62141,88.50,26.90
64145,87.10,26.80
66149,86.10,26.80
68155,87.50,27.10
70159,86.50,27.00