Time,Humidity,Temperature
4,28.30,26.40
2008,27.90,26.40
4013,27.70,26.40
6018,27.40,26.40
8022,27.30,26.50
10025,27.30,26.50
12029,27.40,26.50
14033,28.10,26.40
16037,28.00,26.40
18041,34.60,26.50
20045,48.60,26.80
22049,59.90,27.10
24053,68.50,27.30
26057,73.80,27.10
28063,73.90,26.90
30067,75.30,27.10
32071,79.30,27.40
34075,82.80,27.70
36079,85.10,27.50
38083,84.20,27.40
40087,80.20,27.20
42091,81.60,27.50
44095,84.80,27.90
46100,87.20,28.10
48106,88.40,27.90
50110,84.90,27.80
52114,82.20,27.70
54118,84.70,27.90
56122,87.20,28.40
58127,88.30,28.10
60132,85.00,28.00
62138,86.70,28.30
64142,88.50,28.40
66146,85.10,28.20
68150,85.00,28.40
70154,87.30,28.70