Time,Humidity,Temperature
4,28.50,29.50
2009,28.30,29.40
4014,28.10,29.40
6018,28.00,29.40
8024,27.90,29.40
10029,28.50,29.40
12034,31.40,29.30
14038,31.60,29.30
16041,43.30,29.40
18045,56.30,29.60
20049,60.40,29.50
22053,59.80,29.40
24058,67.20,29.60
26064,71.50,29.60
28069,65.00,29.50
30073,65.90,29.50
32077,72.00,29.70
34081,74.10,29.60
36085,67.80,29.50
38089,71.90,29.60
40095,76.50,29.70
42100,72.60,29.50
44104,66.70,29.50
46108,71.20,29.60
48112,76.00,29.70
50116,69.90,29.60
52120,66.70,29.60
54124,72.30,29.80
56128,76.90,29.80
58132,73.00,29.70
60137,67.80,29.70
62142,72.60,29.80
64148,75.20,29.80
66152,68.50,29.70
68156,72.10,29.80
70160,76.10,29.90