Time,Humidity,Temperature
4,38.70,26.00
2008,38.80,26.00
4012,39.00,26.00
6016,38.90,26.00
8019,39.20,26.00
10023,39.40,26.00
12027,39.80,26.10
14031,40.00,26.00
16035,40.10,26.00
18039,40.40,26.10
20043,49.70,26.20
22047,60.80,26.60
24051,69.20,26.70
26055,73.80,26.70
28060,74.40,26.50
30065,78.60,26.80
32070,82.40,27.10
34076,85.00,27.00
36080,84.60,26.90
38085,81.60,26.80
40089,83.90,27.10
42093,86.50,27.40
44097,88.60,27.60
46101,90.30,27.70
48105,91.10,27.50
50111,91.00,27.30
52116,87.70,27.20
54121,86.20,27.20
56125,87.50,27.40
58129,89.30,27.70
60133,90.60,27.80
62137,91.80,27.90
64141,92.60,27.90
66146,92.50,27.70
68150,88.50,27.50
70154,87.60,27.60