Time,Humidity,Temperature
4,42.50,24.60
2008,42.50,24.70
4012,42.50,24.70
6016,42.40,24.70
8019,42.40,24.70
10023,42.40,24.70
12027,43.50,24.80
14032,52.90,25.40
16037,60.90,25.60
18041,67.20,25.70
20045,72.00,25.60
22049,76.00,25.60
24054,79.00,25.50
26060,81.40,25.50
28064,83.40,25.40
30068,84.90,25.40
32072,86.00,25.30
34078,86.90,25.30
36082,87.60,25.20
38086,88.00,25.20
40090,88.20,25.10
42096,88.10,25.10
44100,87.80,25.00
46104,86.90,24.90
48108,85.60,24.90
50114,84.10,24.90
52118,82.30,24.80
54122,80.50,24.80
56126,78.40,24.80
58130,76.50,24.80
60134,74.30,24.80
62140,72.20,24.80
64144,70.20,24.80
66148,68.40,24.70
68152,66.70,24.80
70156,64.90,24.70
72162,63.10,24.80
74166,61.50,24.70
76170,60.10,24.70
78174,58.70,24.80
80178,57.30,24.80
82183,56.10,24.80
84188,55.00,24.80
86193,53.90,24.80
88198,52.90,24.80
90203,51.90,24.80
92208,51.10,24.80
94212,50.40,24.80
96216,49.80,24.80
98222,49.10,24.80
100226,48.60,24.80
102230,48.10,24.80
104233,47.70,24.80
106238,47.40,24.70
108242,47.00,24.80
110246,46.70,24.80
112251,46.40,24.80
114256,46.20,24.80
116260,46.00,24.70
118264,45.80,24.70
120269,45.60,24.70
122274,45.40,24.70
124278,45.30,24.80
126282,45.20,24.80
128287,45.10,24.80
130292,44.90,24.70
132296,44.80,24.70
134300,44.70,24.80
136306,44.70,24.80
138310,44.50,24.80
140314,44.40,24.80
142320,44.40,24.70
144324,44.30,24.70
146328,44.20,24.70
148333,44.00,24.80
150339,44.00,24.70
152343,43.90,24.70
154347,44.00,24.70
156353,44.00,24.70
158357,44.10,24.70
160361,44.10,24.70
162366,44.00,24.70
164371,43.90,24.70
166375,43.90,24.70
168380,43.80,24.70
170384,43.70,24.70
172388,43.70,24.80
174394,43.60,24.70
176398,43.50,24.70
178402,43.50,24.70
180408,43.40,24.80
182412,43.40,24.80
184416,43.40,24.70
186420,43.40,24.70
188426,43.30,24.70
190430,43.30,24.70
192434,43.30,24.70
194439,43.20,24.70
196445,43.20,24.70
198449,43.20,24.70
200453,43.10,24.70