Time,Humidity,Temperature
3,47.80,23.90
2007,47.80,23.90
4011,47.80,23.90
6016,47.80,23.90
8019,48.00,23.90
10023,48.10,23.90
12027,49.10,24.10
14033,55.70,24.50
16038,61.70,24.60
18042,66.70,24.60
20046,70.90,24.60
22051,74.20,24.60
24056,76.90,24.60
26060,79.00,24.50
28064,80.50,24.50
30068,81.50,24.40
32072,82.00,24.40
34078,81.90,24.40
36083,81.40,24.30
38087,80.50,24.30
40091,79.60,24.30
42095,78.30,24.20
44099,77.00,24.20
46103,75.60,24.20
48109,74.10,24.20
50113,72.70,24.20
52117,71.20,24.10
54121,69.90,24.10
56127,68.60,24.10
58131,67.60,24.10
60135,66.50,24.10
62139,65.50,24.10
64143,64.60,24.10
66147,63.80,24.10
68153,63.10,24.10
70157,62.30,24.10
72161,61.50,24.10
74165,60.70,24.10
76169,59.90,24.10
78174,59.20,24.10
80179,58.50,24.10
82184,57.70,24.10
84190,57.10,24.10
86194,56.50,24.10
88198,56.00,24.10
90202,55.50,24.10
92206,55.00,24.10
94210,54.50,24.10
96214,54.00,24.10
98217,53.60,24.10
100221,53.10,24.10
102225,52.60,24.10
104229,52.20,24.20
106235,51.80,24.10
108240,51.40,24.10
110244,51.10,24.20
112248,50.80,24.10
114253,50.50,24.10
116257,50.20,24.10
118261,50.00,24.10
120266,49.90,24.10
122270,49.70,24.20
124274,49.60,24.10
126278,49.40,24.10
128283,49.30,24.10
130287,49.30,24.10
132293,49.20,24.10
134297,49.10,24.10
136301,49.00,24.10
138305,48.90,24.10
140310,48.80,24.10
142314,48.80,24.10
144318,48.70,24.10
146324,48.60,24.10
148328,48.60,24.10
150332,48.50,24.10
152336,48.50,24.10
154342,48.40,24.10
156346,48.40,24.10
158350,48.30,24.10
160354,48.30,24.10
162360,48.20,24.10
164364,48.20,24.10
166368,48.10,24.10
168372,48.10,24.10
170378,48.20,24.10
172382,48.10,24.10
174386,48.00,24.10
176390,48.00,24.10
178394,48.00,24.10
180399,48.00,24.10
182405,48.00,24.10
184410,48.00,24.10
186414,47.90,24.10
188418,47.90,24.10
190423,48.00,24.10
192429,48.00,24.10
194433,48.00,24.10
196436,48.10,24.10
198440,48.10,24.10
200445,48.10,24.10
