Time,Humidity,Temperature
3,47.80,23.50
2007,47.80,23.50
4011,47.90,23.50
6017,47.90,23.50
8020,48.00,23.50
10024,48.10,23.50
12028,48.80,23.60
14032,55.50,23.90
16037,61.50,24.00
18043,66.50,24.10
20047,70.70,24.10
22051,74.10,24.10
24055,76.90,24.10
26059,79.10,24.10
28064,80.80,24.10
30069,82.20,24.00
32074,83.30,24.00
34080,84.10,24.00
36084,84.50,23.90
38088,84.60,23.90
40092,84.20,23.90
42097,83.50,23.80
44103,82.50,23.80
46107,81.30,23.80
48111,80.00,23.80
50115,78.80,23.80
52119,77.50,23.70
54125,76.10,23.70
56129,74.80,23.80
58133,73.50,23.80
60137,72.00,23.70
62143,70.40,23.70
64147,68.80,23.80
66151,67.20,23.70
68155,65.80,23.80
70159,64.40,23.80
72163,63.10,23.70
74169,62.00,23.80
76174,60.90,23.70
78178,59.90,23.80
80182,59.10,23.80
82186,58.30,23.80
84191,57.60,23.80
86197,57.00,23.80
88202,56.30,23.80
90206,55.80,23.80
92210,55.30,23.70
94214,54.90,23.80
96218,54.40,23.80
98222,54.00,23.80
100226,53.60,23.80
102230,53.10,23.80
104235,52.70,23.80
106238,52.40,23.80
108242,52.10,23.80
110246,51.80,23.80
112251,51.60,23.80
114257,51.30,23.80
116261,51.10,23.80
118265,50.90,23.80
120270,50.70,23.80
122274,50.60,23.80
124280,50.50,23.80
126284,50.30,23.80
128288,50.20,23.80
130294,50.10,23.80
132298,50.00,23.80
134302,49.90,23.80
136308,49.80,23.80
138312,49.70,23.80
140316,49.60,23.80
142321,49.50,23.80
144325,49.50,23.80
146330,49.50,23.80
148334,49.40,23.80
150338,49.40,23.80
152344,49.30,23.80
154348,49.20,23.80
156352,49.20,23.80
158357,49.20,23.80
160361,49.20,23.80
162366,49.20,23.80
164370,49.10,23.80
166374,49.10,23.80
168380,49.10,23.80
170384,49.00,23.80
172388,49.00,23.80
174394,49.00,23.80
176398,48.90,23.80
178402,48.80,23.80
180407,48.80,23.80
182411,48.80,23.80
184415,48.70,23.80
186420,48.70,23.80
188424,48.60,23.80
190428,48.60,23.80
192432,48.50,23.80
194437,48.50,23.80
196441,48.50,23.80
198445,48.50,23.80
200451,48.40,23.80