Time,Humidity,Temperature
3,47.50,24.10
2007,47.50,24.10
4011,47.50,24.10
6014,47.50,24.10
8020,47.50,24.10
10024,47.50,24.10
12028,49.30,24.20
14032,56.10,24.60
16037,62.20,24.70
18042,67.20,24.80
20046,71.40,24.80
22050,74.70,24.80
24054,77.40,24.80
26058,79.50,24.70
28062,81.20,24.70
30068,82.40,24.60
32073,83.20,24.60
34077,83.60,24.60
36081,83.40,24.50
38085,82.90,24.50
40091,81.90,24.50
42096,80.70,24.40
44100,79.40,24.40
46104,78.00,24.40
48108,76.60,24.30
50113,75.10,24.30
52117,73.50,24.30
54121,72.00,24.30
56125,70.60,24.30
58130,69.40,24.30
60134,68.20,24.30
62138,67.10,24.30
64142,66.10,24.30
66146,65.10,24.30
68150,64.10,24.30
70156,63.00,24.30
72160,62.10,24.30
74164,61.10,24.30
76168,60.30,24.30
78172,59.50,24.30
80177,58.70,24.30
82182,58.10,24.30
84188,57.60,24.30
86192,57.00,24.30
88196,56.50,24.30
90200,56.00,24.30
92204,55.50,24.30
94208,55.00,24.30
96211,54.60,24.30
98216,54.20,24.30
100222,53.80,24.30
102226,53.50,24.30
104230,53.20,24.30
106234,52.90,24.30
108238,52.50,24.30
110242,52.20,24.30
112248,51.80,24.30
114252,51.50,24.30
116256,51.20,24.30
118260,50.90,24.30
120266,50.60,24.30
122270,50.30,24.30
124275,50.10,24.30
126279,49.90,24.30
128283,49.70,24.30
130288,49.60,24.30
132293,49.40,24.30
134297,49.20,24.30
136301,49.10,24.20
138306,49.00,24.20
140310,48.90,24.20
142314,48.80,24.30
144319,48.70,24.30
146323,48.60,24.20
148327,48.60,24.30
150333,48.60,24.30
152337,48.50,24.20
154341,48.50,24.30
156346,48.40,24.30
158351,48.40,24.20
160355,48.40,24.20
162359,48.40,24.20
164365,48.30,24.30
166369,48.20,24.20
168373,48.20,24.20
170377,48.20,24.20
172383,48.10,24.20
174387,48.20,24.20
176391,48.10,24.20
178395,48.10,24.20
180400,48.10,24.20
182406,48.00,24.20
184410,48.00,24.20
186414,48.00,24.20
188418,48.00,24.20
190422,48.00,24.20
192428,48.00,24.20
194432,47.90,24.20
196435,48.00,24.20
198439,47.90,24.20
200445,47.90,24.20