Time,Humidity,Temperature
3,45.30,24.10
2007,45.40,24.00
4011,45.60,24.10
6014,45.70,24.00
8018,45.90,24.00
10022,45.90,24.10
12028,46.90,24.10
14032,54.00,24.30
16036,60.10,24.30
18040,65.00,24.40
20044,69.10,24.40
22048,72.40,24.30
24054,75.00,24.30
26058,76.90,24.30
28062,78.00,24.20
30066,78.00,24.20
32070,77.10,24.10
34074,75.60,24.10
36079,73.70,24.10
38085,71.40,24.10
40089,69.10,24.10
42093,66.80,24.10
44097,64.80,24.10
46101,62.90,24.10
48106,61.00,24.10
50111,59.30,24.10
52117,57.80,24.10
54122,56.40,24.10
56126,55.20,24.10
58130,54.10,24.10
60134,53.20,24.10
62138,52.40,24.10
64142,51.70,24.10
66146,51.00,24.10
68151,50.50,24.10
70155,49.90,24.10
72159,49.60,24.00
74163,49.20,24.10
76169,48.90,24.00
78173,48.60,24.10
80177,48.30,24.00
82181,48.10,24.00
84185,47.90,24.10
86191,47.80,24.00
88195,47.60,24.00
90199,47.60,24.00
92203,47.40,24.00
94206,47.30,24.00
96211,47.30,24.00
98217,47.20,24.00
100222,47.20,24.00
102226,47.10,24.00
104230,47.00,24.00
106234,47.00,24.00
108240,47.00,24.00
110244,46.90,24.00
112248,46.90,24.00
114252,46.80,24.00
116256,46.80,24.00
118260,46.80,24.00
120265,46.70,24.00
122271,46.70,24.00
124275,46.70,24.00
126279,46.60,24.00
128283,46.60,24.00
130287,46.60,24.00
132292,46.50,24.00
134297,46.50,24.00
136303,46.50,24.00
138308,46.50,24.00
140312,46.50,23.90
142316,46.50,24.00
144320,46.50,23.90
146325,46.50,23.90
148331,46.50,23.90
150335,46.50,23.90
152339,46.50,23.90
154343,46.50,23.90
156349,46.50,23.90
158353,46.40,23.90
160357,46.40,23.90
162361,46.40,23.90
164365,46.40,23.90
166371,46.30,23.90
168375,46.30,23.90
170380,46.30,23.90
172384,46.20,23.90
174388,46.20,23.90
176393,46.20,23.90
178397,46.10,23.90
180402,46.20,23.90
182406,46.20,23.90
184411,46.20,23.90
186415,46.10,23.90
188419,46.20,23.90
190424,46.20,23.90
192428,46.20,23.90
194433,46.20,23.90
196436,46.20,23.90
198440,46.20,23.90
200445,46.30,23.90