Time,Humidity,Temperature
4,39.50,26.00
2008,39.40,26.00
4013,39.50,26.00
6018,39.50,26.00
8022,39.50,26.00
10025,39.50,26.00
12029,39.50,26.00
14033,52.40,26.80
16037,62.60,27.10
18041,69.70,27.20
20047,74.80,27.20
22052,78.70,27.10
24056,81.40,27.10
26060,83.40,27.10
28064,84.90,27.00
30068,85.80,26.90
32073,86.60,26.90
34079,87.10,26.80
36083,87.20,26.80
38087,87.10,26.70
40091,86.80,26.70
42095,86.40,26.60
44100,85.80,26.60
46106,84.90,26.50
48111,84.00,26.50
50116,82.80,26.40
52121,81.30,26.40
54125,79.50,26.30
56129,77.60,26.30
58133,75.60,26.30
60137,73.40,26.30
62143,71.50,26.30
64148,69.60,26.30
66152,67.70,26.30
68156,65.70,26.20
70160,64.10,26.20
72164,62.40,26.20
74168,60.90,26.20
76172,59.40,26.30