Time,Humidity,Temperature
3,44.90,24.30
2007,44.80,24.30
4011,44.70,24.30
6014,44.90,24.30
8020,44.60,24.30
10024,44.70,24.30
12028,45.70,24.30
14032,54.80,24.70
16038,61.90,24.80
18042,67.30,24.80
20046,71.60,24.80
22050,74.90,24.80
24055,77.30,24.80
26059,79.10,24.80
28065,80.10,24.70
30070,80.60,24.70
32074,80.50,24.70
34078,79.80,24.70
36082,78.60,24.60
38088,77.00,24.60
40092,75.00,24.60
42096,73.20,24.60
44100,71.20,24.60
46105,69.00,24.60
48110,67.10,24.60
50114,65.20,24.60
52118,63.60,24.60
54122,62.00,24.50
56128,60.40,24.50
58132,59.00,24.60
60136,57.90,24.60
62140,57.00,24.50
64144,56.10,24.60
66149,55.40,24.50
68154,54.80,24.60
70160,54.10,24.60
72164,53.60,24.50
74168,53.10,24.50
76172,52.60,24.50