Time,Humidity,Temperature
0.0,43.2,22.8
2006.0,43.3,22.8
4010.0,43.2,22.8
6013.0,43.3,22.8
8017.0,43.2,22.8
10022.0,43.3,22.8
12027.0,47.7,23.2
14031.0,56.9,24.0
16035.0,64.3,24.4
18041.0,69.8,24.6
20045.0,74.3,24.6
22050.0,78.0,24.6
24056.0,81.0,24.6
26060.0,83.3,24.5
28064.0,85.2,24.5
30070.0,86.7,24.4
32074.0,87.9,24.3
34078.0,88.7,24.2
36083.0,89.4,24.1
38087.0,89.7,24.1
40092.0,89.8,24.0
42097.0,89.3,23.9
44101.0,88.2,23.9
46107.0,86.9,23.8
48111.0,85.3,23.8
50115.0,83.6,23.7
52121.0,82.1,23.7
54125.0,80.7,23.6
56129.0,79.3,23.6
58133.0,78.0,23.6
60138.0,76.5,23.6
62142.0,75.2,23.5
64148.0,73.8,23.5
66152.0,72.5,23.5
68156.0,71.2,23.5
70161.0,70.2,23.5
72165.0,69.0,23.4
74170.0,67.8,23.4
76176.0,66.7,23.4
78180.0,65.6,23.4
80184.0,64.6,23.4
82190.0,63.7,23.4
84194.0,62.7,23.3
86198.0,62.0,23.3
88204.0,61.2,23.3
90208.0,60.3,23.3
92212.0,59.5,23.3
94217.0,58.9,23.3
96223.0,58.1,23.3
98227.0,57.4,23.2
100231.0,56.6,23.3
102235.0,55.8,23.2
104240.0,55.1,23.2
106245.0,54.4,23.2
108250.0,53.6,23.2
110256.0,53.0,23.2
112260.0,52.3,23.2
114264.0,51.7,23.2
116269.0,51.2,23.2
118275.0,50.6,23.2
120279.0,50.2,23.1
122285.0,49.7,23.1
124289.0,49.2,23.1
126293.0,48.9,23.2
128299.0,48.5,23.1
130302.0,48.1,23.1
132306.0,47.7,23.1
134311.0,47.4,23.1
136315.0,47.1,23.1
138320.0,46.9,23.1
140324.0,46.6,23.1
142328.0,46.4,23.1
144333.0,46.2,23.1
146337.0,46.0,23.1
148343.0,45.9,23.1
150347.0,45.6,23.1
152351.0,45.4,23.0
154355.0,45.4,23.0
156361.0,45.3,23.0
158365.0,45.1,23.0
160369.0,45.0,23.0
162374.0,44.9,23.0
164380.0,44.9,23.0
166384.0,44.8,23.0
168388.0,44.7,23.0
170394.0,44.6,23.0
172398.0,44.5,23.0
174402.0,44.4,23.0
176408.0,44.4,23.0
178412.0,44.3,23.0
180416.0,44.3,23.0
182422.0,44.2,23.0
184426.0,44.2,22.9
186430.0,44.1,22.9
188435.0,44.1,23.0
190441.0,44.1,23.0
192445.0,44.0,23.0
194449.0,44.0,22.9
196455.0,44.0,22.9
198459.0,43.9,22.9
200464.0,43.9,22.9
202468.0,43.8,22.9
204472.0,43.8,22.9
206478.0,43.7,22.9
208482.0,43.7,22.9
210486.0,43.7,22.9
212492.0,43.7,22.9
214496.0,43.6,22.9
216500.0,43.6,22.9
218505.0,43.6,22.9
220510.0,43.6,22.9
222514.0,43.5,22.9
224518.0,43.5,22.9
226523.0,43.5,22.9
228527.0,43.4,22.9
230531.0,43.5,22.9
232537.0,43.4,22.9
234541.0,43.4,22.8
236545.0,43.3,22.9
238550.0,43.3,22.9
240555.0,43.3,22.9
242558.0,43.3,22.9
244563.0,43.3,22.8
246570.0,43.2,22.8
248573.0,43.3,22.8
250577.0,43.3,22.8
252581.0,43.3,22.8
254587.0,43.2,22.8
256592.0,43.2,22.8
258596.0,43.2,22.8
260600.0,43.1,22.8
262605.0,43.1,22.8
264610.0,43.1,22.8
266614.0,43.1,22.8
268618.0,43.1,22.8
270624.0,43.1,22.8
272628.0,43.1,22.8
274632.0,43.0,22.8
276637.0,43.1,22.8
278642.0,43.0,22.8
280646.0,43.0,22.8
282650.0,43.0,22.8
284656.0,43.0,22.8
286660.0,43.0,22.8
288664.0,42.9,22.8
290669.0,42.9,22.8
292675.0,42.9,22.8
294679.0,42.8,22.8
296683.0,42.9,22.7
298687.0,42.9,22.8
300693.0,42.9,22.7
