Time,Humidity,Temperature
0.0,41.8,22.9
2006.0,41.8,22.9
4010.0,41.9,22.9
6014.0,41.9,22.9
8018.0,42.1,22.9
10024.0,42.4,22.9
12028.0,44.1,23.0
14032.0,54.2,24.3
16036.0,62.8,24.9
18041.0,69.0,25.0
20045.0,74.0,25.0
22049.0,78.0,24.9
24055.0,81.1,24.8
26059.0,83.7,24.7
28063.0,85.8,24.7
30069.0,87.5,24.6
32073.0,88.8,24.5
34077.0,90.0,24.4
36083.0,90.8,24.4
38087.0,91.6,24.3
40091.0,92.2,24.2
42097.0,92.7,24.1
44101.0,93.0,24.1
46105.0,93.4,24.0
48110.0,93.6,24.0
50115.0,93.8,23.9
52119.0,93.8,23.8
54125.0,94.0,23.8
56129.0,94.0,23.7
58133.0,94.0,23.7
60138.0,93.9,23.6
62142.0,93.9,23.6
64148.0,93.7,23.5
66152.0,93.4,23.5
68156.0,92.9,23.5
70162.0,92.2,23.4
72166.0,91.1,23.4
74170.0,89.7,23.4
76175.0,88.3,23.3
78179.0,86.9,23.3
80183.0,85.5,23.2
82188.0,84.1,23.2
84194.0,82.6,23.2
86198.0,81.2,23.2
88202.0,79.8,23.2
90208.0,78.5,23.1
92212.0,77.2,23.1
94216.0,76.0,23.1
96221.0,74.9,23.1
98225.0,73.9,23.1
100228.0,72.9,23.0
102235.0,72.1,23.0
104238.0,71.3,23.0
106242.0,70.6,23.0
108247.0,69.8,23.0
110252.0,69.1,23.0
112256.0,68.3,23.0
114261.0,67.4,23.0
116267.0,66.5,23.0
118271.0,65.5,23.0
120275.0,64.3,22.9
122281.0,63.0,23.0
124285.0,61.6,23.0
126289.0,60.1,23.0
128293.0,58.7,23.0
130298.0,57.4,23.0
132304.0,56.1,23.0
134308.0,55.0,23.0
136312.0,54.0,23.0
138316.0,53.1,23.0
140322.0,52.3,23.0
142326.0,51.5,23.0
144330.0,50.8,23.0
146335.0,50.2,23.0
148339.0,49.6,23.0
150345.0,49.1,23.0
152349.0,48.6,22.9
154353.0,48.2,23.0
156358.0,47.8,23.0
158363.0,47.5,23.0
160367.0,47.2,23.0
162373.0,46.9,23.0
164377.0,46.6,23.0
166381.0,46.4,22.9
168387.0,46.2,23.0
170391.0,46.0,23.0
172395.0,45.7,22.9
174401.0,45.6,22.9
176405.0,45.4,22.9
178409.0,45.3,22.9
180414.0,45.1,22.9
182419.0,44.9,22.9
184423.0,44.8,22.9
186427.0,44.6,22.9
188433.0,44.6,22.9
190437.0,44.4,22.9
192441.0,44.3,22.9
194447.0,44.3,22.9
196451.0,44.1,22.9
198455.0,44.1,22.9
200461.0,44.0,22.9
202465.0,43.9,22.9
204469.0,43.9,22.9
206474.0,43.9,22.9
208478.0,44.0,22.9
210484.0,43.9,22.9
212488.0,43.9,22.9
214492.0,43.9,22.9
216497.0,43.9,22.9
218500.0,43.9,22.9
220507.0,43.9,22.9
222510.0,43.9,22.9
224514.0,44.0,22.8
226520.0,43.9,22.8
228524.0,43.9,22.9
230530.0,43.9,22.9
232534.0,43.8,22.8
234538.0,43.8,22.8
236544.0,43.8,22.8
238548.0,43.7,22.8
240552.0,43.7,22.8
242556.0,43.6,22.8
244562.0,43.6,22.8
246566.0,43.5,22.8
248570.0,43.5,22.8
250574.0,43.5,22.8
252580.0,43.5,22.9
254584.0,43.4,22.8
256588.0,43.4,22.8
258593.0,43.4,22.8
260598.0,43.4,22.8
262602.0,43.4,22.8
264606.0,43.4,22.8
266612.0,43.3,22.8
268616.0,43.3,22.8
270620.0,43.3,22.8
272624.0,43.3,22.8
274629.0,43.3,22.8
276634.0,43.3,22.8
278638.0,43.3,22.8
280642.0,43.3,22.8
282647.0,43.3,22.8
284653.0,43.3,22.8
286657.0,43.3,22.8
288661.0,43.3,22.8
290666.0,43.3,22.8
292672.0,43.3,22.8
294676.0,43.2,22.8
296680.0,43.2,22.8
298684.0,43.2,22.8
300689.0,43.2,22.8
