Time,Humidity,Temperature
0.0,43.1,22.8
2004.0,43.2,22.8
4008.0,43.1,22.8
6014.0,43.1,22.8
8018.0,43.2,22.8
10022.0,43.3,22.8
12026.0,44.2,22.8
14031.0,53.2,23.7
16036.0,61.3,24.1
18039.0,67.4,24.3
20043.0,72.4,24.3
22048.0,76.4,24.3
24052.0,79.7,24.2
26056.0,82.4,24.2
28062.0,84.5,24.1
30066.0,86.1,24.0
32070.0,87.5,23.9
34075.0,88.6,23.9
36079.0,89.4,23.8
38085.0,90.1,23.8
40089.0,90.6,23.7
42093.0,90.8,23.6
44098.0,90.9,23.6
46102.0,90.6,23.6
48107.0,89.8,23.5
50112.0,88.6,23.5
52116.0,87.1,23.5
54121.0,85.7,23.4
56126.0,84.2,23.4
58130.0,82.9,23.3
60134.0,81.5,23.3
62140.0,80.1,23.3
64145.0,78.8,23.3
66149.0,77.5,23.3
68153.0,76.1,23.2
70158.0,75.1,23.2
72162.0,73.9,23.2
74167.0,72.7,23.2
76172.0,71.3,23.2
78176.0,69.8,23.2
80180.0,68.2,23.2
82185.0,66.5,23.2
84191.0,64.7,23.2
86195.0,62.9,23.2
88199.0,61.0,23.2
90204.0,59.4,23.2
92210.0,57.8,23.2
94215.0,56.4,23.2
96219.0,55.2,23.2
98223.0,54.0,23.2
100227.0,53.0,23.2
102232.0,52.2,23.2
104237.0,51.4,23.2
106242.0,50.6,23.2
108246.0,49.9,23.2
110252.0,49.3,23.2
112256.0,48.8,23.2
114260.0,48.4,23.2
116266.0,47.9,23.1
118270.0,47.6,23.1
120274.0,47.2,23.2
122280.0,46.8,23.1
124284.0,46.6,23.1
126288.0,46.3,23.1
128293.0,46.2,23.1
130297.0,46.0,23.1
132302.0,45.8,23.1
134308.0,45.6,23.1
136311.0,45.4,23.1
138315.0,45.3,23.1
140320.0,45.1,23.1
142324.0,45.0,23.1
144328.0,44.9,23.1
146334.0,44.8,23.1
148338.0,44.7,23.1
150342.0,44.6,23.1
152347.0,44.5,23.1
154351.0,44.4,23.1
156357.0,44.3,23.1
158361.0,44.2,23.1
160365.0,44.2,23.0
162371.0,44.1,23.1
164375.0,44.1,23.0
166379.0,44.0,23.1
168383.0,44.0,23.1
170389.0,43.9,23.0
172393.0,43.9,23.0
174399.0,43.9,23.0
176403.0,43.9,23.0
178407.0,44.0,23.0
180413.0,44.0,23.0
182417.0,43.9,23.0
184421.0,43.9,23.0
186426.0,43.8,23.0
188430.0,43.7,23.0
190435.0,43.7,23.0
192440.0,43.7,23.0
194444.0,43.6,23.0
196449.0,43.6,23.0
198454.0,43.6,23.0
200458.0,43.6,23.0
202462.0,43.6,23.0
204467.0,43.5,23.0
206471.0,43.4,23.0
208475.0,43.4,23.0
210481.0,43.2,23.0
212485.0,43.2,23.0
214489.0,43.2,23.0
216494.0,43.1,23.0
218499.0,43.0,23.0
220503.0,43.0,23.0
222508.0,43.0,22.9
224514.0,43.0,22.9
226518.0,42.9,22.9
228522.0,43.0,22.9
230528.0,43.0,22.9
232532.0,43.0,22.9
234536.0,43.0,22.9
236540.0,43.1,22.9
238545.0,43.1,22.9
240549.0,43.1,22.9
242555.0,43.1,22.9
244559.0,43.2,22.9
246562.0,43.1,22.9
248569.0,43.1,22.9
250572.0,43.0,22.9
252576.0,43.0,22.9
254581.0,43.0,22.9
256586.0,42.9,22.9
258590.0,42.9,22.8
260594.0,42.9,22.9
262600.0,42.8,22.9
264604.0,42.8,22.8
266608.0,42.8,22.9
268612.0,42.8,22.8
270617.0,42.7,22.8
272623.0,42.7,22.9
274627.0,42.7,22.8
276631.0,42.7,22.8
278635.0,42.7,22.8
280640.0,42.7,22.8
282646.0,42.7,22.8
284650.0,42.6,22.8
286654.0,42.7,22.8
288659.0,42.7,22.8
290665.0,42.6,22.8
292669.0,42.7,22.8
294673.0,42.7,22.8
296677.0,42.7,22.8
298682.0,42.7,22.8
300688.0,42.7,22.8
