Time,Humidity,Temperature
0.0,41.4,22.6
2006.0,41.4,22.6
4011.0,41.4,22.6
6015.0,41.3,22.6
8019.0,41.3,22.6
10023.0,41.4,22.6
12028.0,44.9,23.0
14034.0,53.8,23.6
16038.0,61.1,23.8
18042.0,66.8,23.9
20048.0,71.6,23.9
22052.0,75.5,23.8
24057.0,78.6,23.8
26062.0,81.1,23.7
28066.0,83.2,23.7
30070.0,84.9,23.6
32074.0,86.2,23.6
34079.0,87.0,23.5
36083.0,87.6,23.4
38087.0,87.7,23.3
40092.0,87.1,23.3
42096.0,86.1,23.2
44100.0,84.6,23.2
46106.0,83.1,23.2
48110.0,81.7,23.1
50114.0,80.2,23.1
52120.0,78.8,23.1
54124.0,77.4,23.1
56128.0,76.0,23.1
58134.0,74.8,23.0
60138.0,73.5,23.0
62142.0,72.1,23.0
64148.0,70.7,23.0
66152.0,69.3,23.0
68156.0,67.9,23.0
70162.0,66.5,22.9
72166.0,65.3,23.0
74170.0,64.2,23.0
76174.0,63.0,22.9
78179.0,62.0,23.0
80183.0,61.0,22.9
82187.0,60.2,22.9
84191.0,59.4,22.9
86197.0,58.7,22.9
88201.0,57.9,22.9
90205.0,57.2,22.9
92209.0,56.3,22.9
94214.0,55.5,22.9
96220.0,54.6,22.9
98225.0,53.8,22.9
100229.0,53.1,22.9
102233.0,52.4,22.9
104239.0,51.8,22.9
106243.0,51.1,22.9
108248.0,50.5,22.9
110251.0,49.9,22.9
112255.0,49.4,22.9
114261.0,48.8,22.9
116265.0,48.4,22.9
118269.0,48.0,22.9
120274.0,47.7,22.8
122279.0,47.4,22.8
124283.0,47.1,22.9
126289.0,46.7,22.8
128293.0,46.4,22.8
130297.0,46.1,22.8
132302.0,45.7,22.8
134308.0,45.5,22.8
136312.0,45.2,22.8
138316.0,44.9,22.8
140320.0,44.7,22.8
142326.0,44.5,22.8
144330.0,44.3,22.8
146334.0,44.1,22.8
148340.0,44.0,22.8
150344.0,43.9,22.8
152348.0,43.7,22.8
154353.0,43.6,22.8
156359.0,43.5,22.8
158363.0,43.5,22.8
160367.0,43.4,22.8
162372.0,43.3,22.8
164378.0,43.2,22.8
166382.0,43.3,22.8
168386.0,43.1,22.7
170392.0,43.1,22.7
172396.0,43.0,22.7
174400.0,43.0,22.7
176405.0,42.9,22.7
178410.0,42.9,22.7
180414.0,42.9,22.7
182418.0,42.8,22.7
184423.0,42.8,22.7
186428.0,42.7,22.7
188432.0,42.6,22.7
190436.0,42.6,22.7
192442.0,42.5,22.7
194446.0,42.5,22.7
196450.0,42.4,22.7
198454.0,42.4,22.7
200459.0,42.4,22.7
202465.0,42.4,22.7
204469.0,42.3,22.7
206473.0,42.3,22.7
208479.0,42.3,22.7
210483.0,42.3,22.7
212487.0,42.2,22.7
214493.0,42.3,22.7
216497.0,42.3,22.7
218501.0,42.3,22.7
220507.0,42.3,22.7
222511.0,42.3,22.7
224515.0,42.3,22.7
226521.0,42.3,22.7
228524.0,42.3,22.7
230528.0,42.2,22.7
232533.0,42.2,22.7
234539.0,42.2,22.7
236543.0,42.2,22.7
238547.0,42.2,22.7
240552.0,42.1,22.7
242558.0,42.2,22.7
244562.0,42.1,22.7
246566.0,42.1,22.7
248570.0,42.1,22.7
250575.0,42.0,22.7
252581.0,42.0,22.7
254585.0,42.0,22.7
256589.0,42.0,22.7
258593.0,41.9,22.7
260599.0,41.9,22.7
262603.0,41.9,22.7
264607.0,41.8,22.7
266611.0,41.8,22.6
268616.0,41.8,22.7
270621.0,41.7,22.6
272627.0,41.7,22.6
274632.0,41.6,22.7
276636.0,41.6,22.6
278640.0,41.7,22.6
280644.0,41.7,22.6
282648.0,41.7,22.6
284653.0,41.7,22.6
286658.0,41.7,22.6
288663.0,41.7,22.6
290669.0,41.6,22.6
292673.0,41.6,22.6
294677.0,41.6,22.6
296681.0,41.6,22.6
298685.0,41.6,22.6
300689.0,41.6,22.6
