Time,Humidity,Temperature
0.0,49.0,23.2
2004.0,49.1,23.2
4009.0,49.0,23.2
6014.0,49.0,23.2
8018.0,49.0,23.2
10022.0,49.6,23.2
12027.0,53.4,23.3
14033.0,60.3,23.7
16037.0,66.1,23.8
18041.0,70.6,23.9
20047.0,74.4,23.9
22051.0,77.6,23.9
24055.0,80.2,23.9
26059.0,82.3,23.8
28065.0,83.8,23.8
30069.0,84.8,23.7
32073.0,85.2,23.7
34077.0,84.7,23.7
36083.0,83.6,23.7
38087.0,82.0,23.7
40091.0,80.4,23.7
42095.0,78.6,23.6
44099.0,76.8,23.7
46105.0,75.2,23.6
48109.0,73.5,23.6
50113.0,71.9,23.6
52118.0,70.3,23.6
54122.0,68.7,23.6
56126.0,67.2,23.6
58131.0,65.8,23.6
60137.0,64.3,23.6
62141.0,62.8,23.6
64145.0,61.6,23.7
66149.0,60.4,23.7
68155.0,59.2,23.7
70159.0,58.2,23.6
72163.0,57.3,23.6
74167.0,56.6,23.6
76172.0,55.8,23.6
78178.0,55.1,23.6
80182.0,54.5,23.6
82186.0,54.1,23.6
84190.0,53.6,23.6
86194.0,53.2,23.6
88198.0,52.8,23.6
90204.0,52.5,23.6
92208.0,52.1,23.6
94211.0,51.9,23.6
96216.0,51.6,23.6
98222.0,51.3,23.6
100226.0,51.1,23.6
102230.0,51.0,23.6
104235.0,50.8,23.6
106239.0,50.7,23.5
108244.0,50.5,23.6
110248.0,50.4,23.5
112252.0,50.2,23.5
114257.0,50.2,23.5
116261.0,50.1,23.5
118266.0,50.0,23.5
120271.0,49.9,23.5
122275.0,49.9,23.5
124280.0,49.8,23.5
126284.0,49.7,23.5
128290.0,49.7,23.5
130294.0,49.6,23.5
132298.0,49.6,23.5
134303.0,49.5,23.5
136307.0,49.5,23.4
138313.0,49.4,23.4
140317.0,49.3,23.4
142321.0,49.3,23.4
144327.0,49.3,23.4
146331.0,49.3,23.4
148335.0,49.2,23.4
150341.0,49.3,23.4
152345.0,49.2,23.4
154349.0,49.1,23.4
156354.0,49.2,23.4
158358.0,49.1,23.4
160362.0,49.1,23.4
162367.0,49.0,23.4
164371.0,49.0,23.4
166375.0,48.9,23.4
168380.0,49.0,23.4
170384.0,49.0,23.3
172388.0,49.0,23.4
174394.0,49.0,23.3
176398.0,49.0,23.4
178402.0,48.9,23.3
180408.0,49.0,23.3
182412.0,48.9,23.3
184416.0,49.0,23.3
186421.0,48.9,23.3
188426.0,49.0,23.3
190430.0,48.9,23.3
192434.0,49.0,23.3
194440.0,49.0,23.3
196444.0,49.0,23.3
198448.0,49.0,23.3
200453.0,49.0,23.3
202458.0,48.9,23.3
204461.0,49.0,23.3
206465.0,49.0,23.3
208471.0,49.0,23.3
210475.0,48.9,23.3
212479.0,48.8,23.2
214484.0,48.8,23.2
216490.0,48.8,23.2
218494.0,48.7,23.3
220498.0,48.7,23.3
222503.0,48.7,23.2
224508.0,48.7,23.2
226512.0,48.7,23.2
228516.0,48.6,23.2
230522.0,48.6,23.2
232526.0,48.7,23.2
234530.0,48.7,23.2
236534.0,48.7,23.2
238540.0,48.7,23.2
240544.0,48.7,23.2
242548.0,48.7,23.2
244552.0,48.8,23.2
246557.0,48.8,23.2
248563.0,48.8,23.2
250567.0,48.8,23.2
252571.0,48.8,23.2
254575.0,48.8,23.2
256580.0,48.8,23.2
258586.0,48.8,23.2
260590.0,48.8,23.2
262594.0,48.8,23.2
264598.0,48.8,23.2
266603.0,48.8,23.2
268609.0,48.9,23.2
270613.0,49.0,23.1
272617.0,48.9,23.2
274623.0,49.0,23.2
276627.0,48.9,23.2
278631.0,48.9,23.2
280635.0,48.9,23.2
282641.0,48.9,23.1
284645.0,48.9,23.2
286649.0,48.8,23.2
288653.0,48.7,23.2
290658.0,48.7,23.1
292662.0,48.7,23.1
294668.0,48.6,23.1
296672.0,48.6,23.1
298676.0,48.6,23.2
300682.0,48.5,23.1
