Time,Humidity,Temperature
0.0,42.8,22.7
2004.0,42.9,22.7
4008.0,42.8,22.7
6012.0,42.8,22.7
8017.0,42.9,22.8
10023.0,42.9,22.8
12027.0,44.1,22.8
14031.0,52.4,23.6
16037.0,60.5,24.1
18041.0,66.6,24.3
20045.0,71.7,24.4
22051.0,75.7,24.4
24055.0,79.0,24.4
26059.0,81.7,24.3
28065.0,83.8,24.3
30069.0,85.5,24.2
32073.0,86.9,24.1
34079.0,87.9,24.1
36083.0,88.7,24.0
38088.0,89.1,23.9
40092.0,89.2,23.8
42096.0,88.9,23.8
44102.0,88.0,23.7
46106.0,86.7,23.7
48110.0,85.1,23.6
50116.0,83.5,23.5
52119.0,81.7,23.5
54123.0,79.8,23.5
56129.0,77.9,23.4
58133.0,76.1,23.4
60137.0,74.3,23.4
62143.0,72.6,23.4
64147.0,71.1,23.3
66151.0,69.9,23.3
68156.0,68.7,23.3
70160.0,67.5,23.3
72164.0,66.6,23.3
74170.0,65.9,23.2
76174.0,65.3,23.2
78178.0,64.7,23.2
80183.0,64.1,23.2
82188.0,63.5,23.2
84192.0,62.7,23.2
86196.0,62.0,23.1
88201.0,61.4,23.1
90205.0,60.7,23.1
92209.0,60.1,23.1
94215.0,59.4,23.1
96219.0,58.7,23.1
98223.0,57.9,23.1
100228.0,57.1,23.1
102233.0,56.2,23.1
104237.0,55.3,23.0
106241.0,54.4,23.0
108245.0,53.5,23.0
110250.0,52.7,23.0
112254.0,52.0,23.0
114258.0,51.2,23.0
116262.0,50.6,23.0
118267.0,49.9,23.0
120271.0,49.3,23.0
122277.0,48.8,23.0
124281.0,48.2,23.0
126285.0,47.8,23.0
128291.0,47.5,23.0
130295.0,47.2,23.0
132299.0,46.9,23.0
134305.0,46.6,22.9
136309.0,46.4,23.0
138313.0,46.1,22.9
140319.0,45.9,23.0
142323.0,45.7,22.9
144327.0,45.5,22.9
146333.0,45.4,22.9
148337.0,45.2,22.9
150341.0,45.1,22.9
152346.0,44.9,22.9
154351.0,44.9,22.9
156355.0,44.7,22.9
158359.0,44.6,22.9
160364.0,44.5,22.9
162368.0,44.4,22.9
164373.0,44.4,22.9
166379.0,44.2,22.9
168383.0,44.2,22.9
170387.0,44.1,22.9
172393.0,44.0,22.9
174397.0,44.0,22.9
176401.0,43.9,22.9
178406.0,43.9,22.9
180410.0,43.8,22.9
182414.0,43.8,22.9
184419.0,43.7,22.8
186423.0,43.7,22.8
188427.0,43.7,22.8
190433.0,43.7,22.9
192437.0,43.6,22.8
194441.0,43.7,22.8
196446.0,43.6,22.8
198452.0,43.6,22.8
200456.0,43.6,22.8
202460.0,43.6,22.8
204465.0,43.5,22.8
206471.0,43.5,22.8
208475.0,43.4,22.8
210479.0,43.4,22.8
212484.0,43.3,22.8
214490.0,43.2,22.8
216494.0,43.2,22.8
218498.0,43.1,22.8
220503.0,43.1,22.8
222509.0,43.1,22.8
224513.0,43.0,22.8
226517.0,43.0,22.8
228523.0,43.0,22.8
230527.0,43.0,22.8
232531.0,43.0,22.8
234535.0,43.0,22.8
236541.0,43.0,22.8
238545.0,43.0,22.8
240549.0,43.0,22.8
242555.0,43.0,22.8
244559.0,43.0,22.8
246563.0,43.0,22.8
248567.0,42.9,22.7
250573.0,42.8,22.8
252577.0,42.7,22.7
254581.0,42.7,22.7
256587.0,42.6,22.7
258591.0,42.6,22.7
260595.0,42.5,22.8
262599.0,42.5,22.7
264605.0,42.5,22.7
266609.0,42.6,22.7
268613.0,42.6,22.8
270619.0,42.5,22.7
272623.0,42.6,22.7
274627.0,42.6,22.7
276630.0,42.6,22.7
278636.0,42.5,22.7
280640.0,42.5,22.7
282644.0,42.5,22.7
284650.0,42.5,22.7
286654.0,42.5,22.7
288658.0,42.5,22.7
290662.0,42.5,22.7
292668.0,42.4,22.7
294672.0,42.4,22.7
296676.0,42.4,22.7
298680.0,42.4,22.7
300685.0,42.3,22.7
