Time,Humidity,Temperature
0.0,48.8,23.3
2004.0,48.8,23.3
4008.0,48.7,23.3
6013.0,48.7,23.3
8017.0,48.7,23.2
10021.0,48.7,23.3
12027.0,49.7,23.3
14031.0,58.0,23.7
16035.0,65.1,24.0
18040.0,70.6,24.2
20045.0,75.1,24.3
22049.0,78.8,24.3
24052.0,81.7,24.3
26059.0,84.1,24.2
28062.0,86.0,24.2
30066.0,87.6,24.2
32070.0,88.9,24.1
34076.0,90.0,24.1
36080.0,90.9,24.1
38084.0,91.5,24.0
40088.0,92.1,24.0
42092.0,92.5,24.0
44098.0,92.9,23.9
46102.0,93.1,23.8
48106.0,93.2,23.8
50112.0,93.4,23.8
52116.0,93.4,23.8
54120.0,93.3,23.7
56126.0,93.1,23.7
58130.0,92.6,23.7
60134.0,91.6,23.7
62140.0,90.1,23.7
64144.0,88.5,23.6
66148.0,86.7,23.6
68152.0,84.7,23.6
70158.0,82.8,23.6
72162.0,80.9,23.6
74166.0,78.9,23.6
76170.0,77.0,23.6
78174.0,75.2,23.6
80179.0,73.3,23.6
82183.0,71.5,23.6
84187.0,69.6,23.6
86193.0,67.8,23.6
88197.0,66.1,23.6
90201.0,64.5,23.6
92205.0,63.1,23.6
94211.0,61.8,23.6
96215.0,60.7,23.6
98219.0,59.6,23.6
100223.0,58.7,23.6
102228.0,57.7,23.6
104234.0,57.0,23.6
106238.0,56.3,23.6
108242.0,55.7,23.6
110246.0,55.1,23.6
112251.0,54.7,23.5
114256.0,54.2,23.6
116261.0,53.8,23.6
118267.0,53.5,23.6
120271.0,53.2,23.5
122275.0,52.9,23.6
124279.0,52.7,23.5
126284.0,52.5,23.6
128287.0,52.2,23.5
130291.0,52.0,23.5
132297.0,51.8,23.5
134301.0,51.6,23.5
136305.0,51.4,23.5
138309.0,51.3,23.5
140315.0,51.2,23.5
142319.0,51.0,23.5
144323.0,50.9,23.5
146328.0,50.8,23.5
148332.0,50.7,23.5
150338.0,50.6,23.5
152342.0,50.5,23.5
154347.0,50.5,23.5
156351.0,50.4,23.5
158355.0,50.3,23.5
160361.0,50.2,23.5
162365.0,50.2,23.5
164369.0,50.2,23.5
166374.0,50.1,23.5
168378.0,50.0,23.5
170383.0,49.9,23.5
172387.0,50.0,23.5
174391.0,49.9,23.5
176396.0,49.9,23.5
178400.0,49.8,23.4
180406.0,49.7,23.4
182410.0,49.7,23.4
184414.0,49.7,23.4
186420.0,49.6,23.4
188424.0,49.7,23.4
190428.0,49.6,23.4
192434.0,49.6,23.4
194438.0,49.6,23.4
196442.0,49.5,23.4
198448.0,49.5,23.4
200452.0,49.5,23.4
202456.0,49.5,23.4
204461.0,49.4,23.4
206465.0,49.4,23.4
208471.0,49.4,23.4
210475.0,49.4,23.4
212479.0,49.4,23.4
214485.0,49.4,23.4
216489.0,49.4,23.4
218493.0,49.4,23.4
220498.0,49.4,23.4
222502.0,49.4,23.4
224508.0,49.4,23.4
226512.0,49.4,23.3
228516.0,49.3,23.4
230522.0,49.3,23.3
232526.0,49.4,23.4
234530.0,49.3,23.4
236536.0,49.3,23.4
238540.0,49.3,23.4
240543.0,49.4,23.3
242550.0,49.3,23.3
244553.0,49.4,23.3
246557.0,49.3,23.3
248562.0,49.3,23.3
250566.0,49.3,23.3
252572.0,49.3,23.3
254576.0,49.3,23.4
256580.0,49.2,23.4
258585.0,49.3,23.3
260589.0,49.2,23.3
262593.0,49.2,23.3
264598.0,49.2,23.3
266602.0,49.2,23.3
268606.0,49.2,23.3
270611.0,49.2,23.3
272615.0,49.2,23.3
274619.0,49.1,23.3
276624.0,49.1,23.3
278628.0,49.1,23.3
280634.0,49.1,23.3
282638.0,49.3,23.3
284642.0,49.4,23.3
286648.0,49.4,23.3
288652.0,49.3,23.3
290656.0,49.3,23.3
292661.0,49.3,23.3
294665.0,49.2,23.3
296671.0,49.2,23.3
298675.0,49.1,23.3
300679.0,49.1,23.3
302685.0,49.0,23.3
