Time,Humidity,Temperature
0.0,48.9,23.3
2004.0,48.9,23.3
4008.0,48.9,23.3
6014.0,48.9,23.3
8018.0,48.9,23.3
10022.0,48.9,23.3
12028.0,48.9,23.3
14033.0,54.8,23.5
16037.0,62.1,23.9
18041.0,67.6,24.1
20047.0,72.3,24.1
22051.0,76.1,24.2
24055.0,79.2,24.2
26060.0,81.8,24.2
28065.0,83.9,24.2
30068.0,85.6,24.2
32072.0,87.0,24.1
34078.0,88.2,24.1
36082.0,88.9,24.0
38086.0,89.6,24.0
40090.0,90.1,24.0
42095.0,90.4,23.9
44100.0,90.6,23.9
46104.0,90.4,23.9
48109.0,90.0,23.8
50114.0,89.3,23.8
52118.0,88.4,23.7
54124.0,87.3,23.8
56128.0,85.9,23.7
58132.0,84.6,23.7
60137.0,83.3,23.7
62142.0,81.9,23.7
64146.0,80.6,23.7
66150.0,79.2,23.7
68154.0,78.0,23.6
70159.0,76.7,23.6
72163.0,75.3,23.6
74169.0,74.0,23.6
76173.0,72.6,23.6
78177.0,71.3,23.6
80181.0,70.0,23.6
82187.0,68.8,23.6
84191.0,67.6,23.6
86195.0,66.4,23.6
88199.0,65.3,23.6
90204.0,64.3,23.6
92209.0,63.4,23.6
94213.0,62.4,23.6
96217.0,61.6,23.6
98221.0,60.8,23.6
100227.0,60.1,23.6
102231.0,59.4,23.5
104235.0,58.8,23.5
106239.0,58.2,23.5
108245.0,57.6,23.5
110249.0,57.2,23.5
112253.0,56.7,23.5
114257.0,56.3,23.5
116261.0,55.8,23.5
118267.0,55.4,23.5
120271.0,55.0,23.5
122275.0,54.6,23.5
124279.0,54.1,23.5
126284.0,53.8,23.5
128290.0,53.4,23.5
130294.0,52.9,23.5
132297.0,52.7,23.5
134304.0,52.5,23.5
136307.0,52.2,23.5
138311.0,52.0,23.5
140316.0,51.9,23.5
142322.0,51.6,23.5
144326.0,51.5,23.4
146330.0,51.4,23.5
148335.0,51.2,23.5
150340.0,51.1,23.5
152344.0,51.0,23.4
154349.0,50.9,23.5
156353.0,50.8,23.5
158359.0,50.7,23.4
160363.0,50.6,23.4
162367.0,50.5,23.4
164373.0,50.5,23.4
166377.0,50.4,23.4
168381.0,50.4,23.4
170387.0,50.3,23.4
172391.0,50.2,23.4
174395.0,50.2,23.4
176401.0,50.1,23.4
178405.0,50.1,23.4
180409.0,50.1,23.4
182415.0,49.9,23.4
184419.0,49.9,23.4
186423.0,49.9,23.4
188428.0,49.8,23.4
190432.0,49.8,23.4
192438.0,49.8,23.4
194442.0,49.7,23.4
196446.0,49.7,23.4
198452.0,49.7,23.4
200456.0,49.7,23.4
202460.0,49.7,23.4
204465.0,49.6,23.3
206470.0,49.7,23.4
208474.0,49.6,23.3
210478.0,49.6,23.3
212484.0,49.6,23.3
214488.0,49.5,23.3
216492.0,49.6,23.3
218497.0,49.5,23.3
220501.0,49.5,23.3
222507.0,49.5,23.3
224511.0,49.5,23.3
226515.0,49.5,23.3
228520.0,49.5,23.3
230524.0,49.4,23.3
232528.0,49.4,23.3
234533.0,49.3,23.3
236537.0,49.4,23.3
238543.0,49.4,23.3
240547.0,49.3,23.3
242551.0,49.3,23.3
244556.0,49.3,23.3
246560.0,49.3,23.3
248566.0,49.3,23.3
250569.0,49.3,23.3
252573.0,49.3,23.3
254578.0,49.3,23.3
256582.0,49.2,23.3
258588.0,49.2,23.3
260592.0,49.2,23.3
262596.0,49.2,23.3
264601.0,49.2,23.3
266606.0,49.2,23.3
268610.0,49.2,23.3
270614.0,49.2,23.3
272619.0,49.2,23.3
274623.0,49.3,23.3
276629.0,49.2,23.3
278633.0,49.2,23.3
280637.0,49.2,23.3
282643.0,49.2,23.3
284647.0,49.2,23.3
286651.0,49.3,23.3
288657.0,49.3,23.3
290661.0,49.2,23.3
292665.0,49.2,23.2
294671.0,49.2,23.3
296675.0,49.2,23.2
298679.0,49.2,23.2
300685.0,49.2,23.2
302689.0,49.2,23.2
