Time,Humidity,Temperature
0.0,49.1,23.0
2006.0,49.2,23.0
4010.0,49.1,23.0
6014.0,49.1,23.0
8020.0,49.2,23.0
10024.0,49.4,23.0
12028.0,52.0,23.1
14033.0,58.5,23.3
16039.0,63.8,23.4
18043.0,68.2,23.5
20047.0,71.8,23.5
22052.0,74.9,23.5
24056.0,77.3,23.5
26060.0,79.2,23.4
28065.0,80.6,23.4
30070.0,81.4,23.4
32074.0,81.6,23.4
34078.0,81.2,23.4
36082.0,80.4,23.4
38087.0,79.2,23.4
40093.0,77.9,23.4
42097.0,76.5,23.4
44101.0,75.0,23.4
46106.0,73.4,23.4
48110.0,71.8,23.3
50115.0,70.3,23.4
52119.0,68.8,23.4
54123.0,67.2,23.4
56127.0,65.7,23.4
58131.0,64.4,23.3
60137.0,63.2,23.4
62141.0,62.1,23.4
64144.0,61.1,23.4
66148.0,60.2,23.3
68154.0,59.3,23.3
70159.0,58.5,23.3
72163.0,57.8,23.3
74167.0,57.1,23.3
76171.0,56.3,23.3
78176.0,55.7,23.3
80182.0,55.1,23.3
82186.0,54.6,23.3
84190.0,54.1,23.3
86194.0,53.7,23.3
88198.0,53.2,23.3
90203.0,52.9,23.3
92208.0,52.6,23.3
94212.0,52.3,23.3
96216.0,52.0,23.3
98221.0,51.7,23.3
100227.0,51.5,23.3
102231.0,51.4,23.3
104235.0,51.1,23.3
106241.0,51.0,23.3
108245.0,50.8,23.3
110249.0,50.7,23.3
112254.0,50.6,23.3
114258.0,50.5,23.3
116262.0,50.4,23.3
118268.0,50.4,23.3
120272.0,50.3,23.3
122277.0,50.1,23.3
124281.0,50.1,23.3
126285.0,50.1,23.3
128290.0,50.0,23.3
130294.0,49.9,23.2
132298.0,49.8,23.2
134303.0,49.8,23.2
136307.0,49.8,23.2
138311.0,49.8,23.2
140316.0,49.7,23.2
142320.0,49.7,23.2
144324.0,49.7,23.2
146330.0,49.7,23.2
148334.0,49.6,23.2
150338.0,49.6,23.2
152342.0,49.6,23.2
154348.0,49.6,23.2
156352.0,49.6,23.2
158356.0,49.6,23.2
160360.0,49.6,23.2
162366.0,49.6,23.2
164370.0,49.5,23.2
166373.0,49.6,23.2
168377.0,49.5,23.2
170382.0,49.5,23.2
172386.0,49.5,23.2
174390.0,49.5,23.2
176395.0,49.5,23.2
178399.0,49.5,23.2
180403.0,49.5,23.2
182409.0,49.5,23.2
184413.0,49.5,23.2
186417.0,49.5,23.2
188422.0,49.4,23.2
190426.0,49.4,23.2
192430.0,49.4,23.2
194435.0,49.4,23.2
196439.0,49.3,23.2
198445.0,49.4,23.2
200449.0,49.3,23.2
202453.0,49.3,23.1
204459.0,49.3,23.2
206463.0,49.3,23.2
208467.0,49.3,23.2
210473.0,49.3,23.1
212477.0,49.3,23.2
214481.0,49.3,23.1
216486.0,49.3,23.2
218490.0,49.3,23.1
220495.0,49.3,23.2
222500.0,49.3,23.1
224504.0,49.3,23.1
226509.0,49.4,23.1
228513.0,49.3,23.1
230519.0,49.3,23.1
232523.0,49.3,23.1
234527.0,49.3,23.1
236532.0,49.2,23.1
238536.0,49.3,23.1
240541.0,49.3,23.1
242545.0,49.3,23.1
244549.0,49.3,23.1
246555.0,49.2,23.1
248559.0,49.2,23.1
250563.0,49.2,23.1
252569.0,49.2,23.1
254573.0,49.2,23.1
256577.0,49.2,23.1
258582.0,49.1,23.1
260586.0,49.1,23.1
262592.0,49.1,23.1
264596.0,49.1,23.1
266600.0,49.0,23.1
268606.0,49.0,23.1
270610.0,49.1,23.1
272613.0,49.1,23.1
274618.0,49.1,23.1
276622.0,49.1,23.1
278627.0,49.1,23.1
280631.0,49.1,23.1
282636.0,49.1,23.1
284640.0,49.1,23.1
286644.0,49.0,23.1
288650.0,49.0,23.1
290654.0,49.0,23.1
292658.0,49.1,23.1
294663.0,49.1,23.1
296667.0,49.1,23.1
298673.0,49.1,23.1
300677.0,49.1,23.1
