Time,Humidity,Temperature
0.0,40.5,22.8
2004.0,40.5,22.8
4008.0,40.8,22.8
6014.0,40.9,22.8
8018.0,41.1,22.8
10022.0,41.4,22.8
12026.0,45.9,23.0
14032.0,51.8,23.1
16036.0,56.9,23.2
18040.0,60.4,23.2
20044.0,62.4,23.1
22048.0,63.4,23.1
24053.0,63.7,23.1
26057.0,63.4,23.1
28061.0,62.8,23.1
30066.0,61.9,23.1
32070.0,60.9,23.1
34074.0,59.7,23.1
36080.0,58.6,23.1
38085.0,57.4,23.2
40089.0,56.2,23.1
42093.0,55.0,23.2
44097.0,53.8,23.2
46101.0,52.6,23.1
48107.0,51.5,23.2
50111.0,50.3,23.2
52115.0,49.3,23.2
54120.0,48.4,23.2
56126.0,47.6,23.2
58130.0,46.8,23.2
60134.0,46.2,23.2
62139.0,45.6,23.2
64145.0,45.1,23.2
66149.0,44.5,23.2
68153.0,44.2,23.2
70157.0,43.8,23.2
72163.0,43.4,23.2
74167.0,43.2,23.2
76171.0,42.9,23.1
78176.0,42.7,23.2
80182.0,42.5,23.2
82187.0,42.4,23.2
84191.0,42.2,23.2
86194.0,42.0,23.1
88198.0,41.9,23.1
90204.0,41.8,23.2
92208.0,41.7,23.1
94212.0,41.6,23.1
96216.0,41.5,23.1
98222.0,41.5,23.1
100226.0,41.4,23.1
102230.0,41.4,23.1
104235.0,41.3,23.1
106241.0,41.2,23.1
108245.0,41.3,23.1
110249.0,41.2,23.1
112254.0,41.2,23.1
114260.0,41.1,23.1
116264.0,41.0,23.1
118268.0,41.0,23.1
120272.0,41.0,23.1
122277.0,40.9,23.1
124283.0,40.9,23.1
126287.0,40.9,23.1
128291.0,40.9,23.1
130295.0,40.8,23.1
132299.0,40.8,23.1
134304.0,40.8,23.1
136309.0,40.8,23.1
138314.0,40.8,23.0
140318.0,40.8,23.0
142322.0,40.8,23.0
144327.0,40.8,23.0
146331.0,40.8,23.0
148335.0,40.8,23.0
150340.0,40.7,23.0
152344.0,40.7,23.0
154348.0,40.7,23.0
156353.0,40.8,23.0
158357.0,40.8,23.0
160362.0,40.7,23.0
162366.0,40.7,23.0
164370.0,40.7,23.0
166376.0,40.7,23.0
168380.0,40.7,23.0
170384.0,40.6,23.0
172390.0,40.6,23.0
174394.0,40.7,23.0
176398.0,40.7,23.0
178404.0,40.6,23.0
180408.0,40.7,23.0
182412.0,40.7,23.0
184417.0,40.6,23.0
186421.0,40.6,23.0
188425.0,40.6,23.0
190431.0,40.6,23.0
192434.0,40.6,22.9
194438.0,40.6,23.0
196444.0,40.6,22.9
198448.0,40.6,22.9
200452.0,40.6,22.9
202457.0,40.6,22.9
204462.0,40.6,22.9
206466.0,40.6,22.9
208470.0,40.6,22.9
210476.0,40.6,22.9
212480.0,40.7,22.9
214484.0,40.6,22.9
216490.0,40.6,22.9
218494.0,40.5,22.9
220498.0,40.6,22.9
222502.0,40.6,22.9
224508.0,40.6,22.9
226512.0,40.5,22.9
228516.0,40.6,22.9
230522.0,40.6,22.9
232526.0,40.6,22.9
234530.0,40.6,22.9
236535.0,40.6,22.9
238540.0,40.6,22.9
240544.0,40.6,22.9
242548.0,40.6,22.9
244554.0,40.6,22.9
246558.0,40.6,22.9
248562.0,40.6,22.9
250567.0,40.6,22.8
252572.0,40.6,22.9
254576.0,40.5,22.9
256580.0,40.5,22.9
258586.0,40.6,22.8
260590.0,40.6,22.8
262594.0,40.5,22.9
264600.0,40.6,22.8
266604.0,40.6,22.8
268608.0,40.6,22.8
270612.0,40.5,22.8
272618.0,40.6,22.8
274622.0,40.6,22.8
276626.0,40.6,22.8
278631.0,40.6,22.8
280636.0,40.6,22.8
282640.0,40.7,22.8
284644.0,40.7,22.8
286650.0,40.6,22.8
288654.0,40.7,22.8
290658.0,40.6,22.8
292663.0,40.6,22.8
294668.0,40.6,22.8
296672.0,40.6,22.8
298676.0,40.6,22.8
300682.0,40.6,22.8
