Time,Humidity,Temperature
0.0,49.2,23.0
2004.0,49.1,23.0
4010.0,49.2,23.1
6014.0,49.2,23.1
8018.0,49.2,23.1
10023.0,49.4,23.0
12027.0,50.4,23.1
14031.0,57.7,23.4
16036.0,64.2,23.7
18042.0,69.4,23.8
20046.0,73.7,23.9
22050.0,77.3,23.9
24056.0,80.1,23.9
26060.0,82.5,23.9
28064.0,84.5,23.8
30069.0,85.9,23.8
32073.0,87.2,23.8
34077.0,88.3,23.8
36083.0,89.2,23.7
38087.0,89.8,23.7
40091.0,90.3,23.7
42097.0,90.6,23.6
44101.0,90.6,23.6
46105.0,90.6,23.6
48111.0,90.3,23.5
50115.0,89.5,23.5
52119.0,88.4,23.5
54125.0,86.9,23.5
56129.0,85.4,23.5
58133.0,83.9,23.5
60139.0,82.3,23.5
62143.0,80.7,23.5
64147.0,79.1,23.4
66151.0,77.7,23.4
68157.0,76.2,23.4
70160.0,74.7,23.4
72164.0,73.4,23.4
74170.0,72.0,23.4
76174.0,70.6,23.4
78178.0,69.1,23.4
80183.0,67.6,23.4
82189.0,66.2,23.4
84193.0,64.7,23.4
86197.0,63.6,23.4
88201.0,62.4,23.4
90206.0,61.4,23.4
92212.0,60.4,23.4
94216.0,59.5,23.4
96220.0,58.5,23.4
98224.0,57.7,23.4
100229.0,56.9,23.4
102235.0,56.2,23.4
104239.0,55.7,23.3
106243.0,55.1,23.3
108247.0,54.6,23.4
110251.0,54.1,23.4
112256.0,53.8,23.3
114261.0,53.4,23.3
116267.0,53.0,23.3
118271.0,52.8,23.3
120275.0,52.6,23.3
122281.0,52.3,23.3
124285.0,52.1,23.3
126289.0,51.9,23.3
128293.0,51.7,23.3
130297.0,51.5,23.3
132303.0,51.3,23.3
134308.0,51.2,23.3
136312.0,51.1,23.3
138317.0,51.0,23.3
140321.0,50.8,23.3
142325.0,50.7,23.3
144331.0,50.6,23.3
146335.0,50.6,23.3
148339.0,50.5,23.3
150345.0,50.4,23.3
152349.0,50.4,23.3
154353.0,50.3,23.3
156359.0,50.2,23.3
158363.0,50.2,23.3
160367.0,50.2,23.3
162372.0,50.1,23.3
164376.0,50.1,23.3
166380.0,50.0,23.3
168385.0,49.9,23.3
170389.0,49.9,23.3
172395.0,49.9,23.2
174399.0,49.9,23.2
176403.0,49.8,23.2
178409.0,49.8,23.2
180413.0,49.8,23.2
182416.0,49.7,23.3
184423.0,49.7,23.2
186426.0,49.7,23.2
188430.0,49.6,23.2
190434.0,49.7,23.2
192440.0,49.6,23.2
194444.0,49.6,23.2
196448.0,49.5,23.2
198452.0,49.5,23.2
200457.0,49.5,23.2
202461.0,49.5,23.2
204465.0,49.5,23.2
206470.0,49.4,23.2
208474.0,49.4,23.2
210480.0,49.4,23.2
212484.0,49.4,23.2
214488.0,49.3,23.2
216494.0,49.4,23.2
218498.0,49.4,23.2
220502.0,49.3,23.2
222508.0,49.3,23.2
224512.0,49.3,23.2
226516.0,49.3,23.2
228522.0,49.2,23.2
230526.0,49.3,23.2
232530.0,49.2,23.2
234535.0,49.2,23.2
236540.0,49.2,23.2
238544.0,49.2,23.2
240548.0,49.2,23.2
242554.0,49.1,23.2
244558.0,49.2,23.2
246562.0,49.2,23.2
248567.0,49.2,23.2
250572.0,49.2,23.2
252576.0,49.1,23.2
254580.0,49.2,23.1
256585.0,49.2,23.1
258589.0,49.2,23.1
260593.0,49.2,23.2
262599.0,49.2,23.1
264603.0,49.2,23.1
266607.0,49.2,23.1
268612.0,49.1,23.1
270616.0,49.1,23.1
272621.0,49.1,23.1
274625.0,49.1,23.1
276629.0,49.1,23.1
278635.0,49.2,23.1
280639.0,49.2,23.1
282643.0,49.2,23.1
284649.0,49.2,23.1
286653.0,49.1,23.1
288658.0,49.1,23.1
290661.0,49.1,23.1
292665.0,49.2,23.1
294671.0,49.1,23.1
296675.0,49.2,23.1
298679.0,49.2,23.1
300684.0,49.1,23.1
