Time,Humidity,Temperature
0.0,49.2,22.8
2005.0,49.3,22.8
4010.0,49.3,22.8
6014.0,49.3,22.8
8018.0,49.3,22.8
10024.0,50.0,22.8
12028.0,55.7,23.0
14032.0,62.2,23.2
16036.0,67.2,23.2
18040.0,71.5,23.3
20046.0,75.0,23.2
22050.0,77.9,23.2
24054.0,80.2,23.2
26058.0,82.1,23.2
28063.0,83.4,23.1
30069.0,84.4,23.1
32073.0,84.8,23.0
34077.0,84.5,23.0
36081.0,83.5,23.0
38087.0,82.0,23.0
40092.0,80.1,23.0
42096.0,78.0,23.0
44100.0,75.7,23.0
46106.0,73.4,23.0
48110.0,71.2,23.0
50114.0,69.2,23.0
52118.0,67.2,23.0
54122.0,65.5,23.0
56127.0,63.9,23.0
58131.0,62.5,23.0
60135.0,61.1,23.0
62140.0,60.0,23.0
64146.0,59.0,23.0
66150.0,58.0,23.0
68154.0,57.3,23.0
70158.0,56.6,23.0
72163.0,55.9,23.0
74169.0,55.3,23.0
76173.0,54.7,23.0
78177.0,54.3,23.0
80181.0,53.9,23.0
82186.0,53.5,23.0
84190.0,53.2,23.0
86193.0,52.9,23.0
88197.0,52.7,23.0
90203.0,52.5,23.0
92207.0,52.2,23.0
94211.0,52.0,23.0
96215.0,51.9,23.0
98220.0,51.7,23.0
100225.0,51.5,23.0
102229.0,51.4,23.0
104233.0,51.3,23.0
106237.0,51.2,23.0
108241.0,51.0,23.0
110246.0,50.8,23.0
112250.0,50.8,23.0
114256.0,50.7,23.0
116260.0,50.7,23.0
118264.0,50.6,23.0
120270.0,50.5,23.0
122274.0,50.4,23.0
124278.0,50.4,23.0
126283.0,50.4,23.0
128287.0,50.3,23.0
130293.0,50.2,23.0
132297.0,50.2,23.0
134301.0,50.1,23.0
136306.0,50.1,23.0
138310.0,50.1,23.0
140314.0,50.0,23.0
142319.0,50.0,22.9
144323.0,49.9,23.0
146327.0,49.9,23.0
148332.0,49.9,23.0
150336.0,49.9,23.0
152342.0,49.8,22.9
154346.0,49.7,23.0
156350.0,49.8,22.9
158354.0,49.8,22.9
160360.0,49.7,22.9
162364.0,49.7,22.9
164368.0,49.7,22.9
166373.0,49.7,22.9
168377.0,49.7,22.9
170383.0,49.7,22.9
172387.0,49.6,22.9
174391.0,49.6,22.9
176395.0,49.6,22.9
178401.0,49.6,22.9
180405.0,49.5,22.9
182409.0,49.5,22.9
184414.0,49.5,22.9
186417.0,49.5,22.9
188422.0,49.5,22.9
190426.0,49.5,22.9
192431.0,49.5,22.9
194435.0,49.5,22.9
196439.0,49.5,22.9
198445.0,49.4,22.9
200449.0,49.5,22.9
202454.0,49.5,22.9
204458.0,49.5,22.9
206462.0,49.4,22.9
208468.0,49.4,22.9
210472.0,49.4,22.9
212476.0,49.4,22.9
214482.0,49.3,22.9
216486.0,49.3,22.9
218490.0,49.3,22.9
220495.0,49.3,22.9
222499.0,49.3,22.9
224503.0,49.2,22.9
226509.0,49.2,22.9
228513.0,49.2,22.9
230517.0,49.3,22.9
232523.0,49.3,22.9
234527.0,49.3,22.9
236531.0,49.3,22.9
238536.0,49.3,22.9
240540.0,49.3,22.9
242545.0,49.3,22.9
244549.0,49.3,22.9
246553.0,49.3,22.8
248558.0,49.4,22.9
250563.0,49.3,22.9
252567.0,49.2,22.9
254572.0,49.2,22.9
256577.0,49.3,22.9
258581.0,49.3,22.8
260585.0,49.3,22.9
262590.0,49.3,22.8
264594.0,49.2,22.8
266598.0,49.3,22.9
268604.0,49.2,22.9
270608.0,49.2,22.9
272612.0,49.3,22.8
274617.0,49.2,22.8
276622.0,49.3,22.8
278626.0,49.2,22.8
280630.0,49.3,22.8
282635.0,49.2,22.8
284640.0,49.2,22.8
286644.0,49.3,22.8
288647.0,49.3,22.8
290654.0,49.3,22.8
292657.0,49.2,22.8
294661.0,49.2,22.9
296665.0,49.3,22.8
298671.0,49.3,22.8
300675.0,49.3,22.8
