Time,Humidity,Temperature
0.0,49.3,22.8
2005.0,49.3,22.8
4009.0,49.2,22.8
6013.0,49.3,22.9
8019.0,49.3,22.8
10023.0,49.6,22.8
12027.0,55.7,23.1
14031.0,61.9,23.3
16037.0,66.9,23.3
18041.0,71.0,23.3
20045.0,74.4,23.3
22050.0,77.3,23.3
24056.0,79.6,23.3
26060.0,81.5,23.3
28063.0,83.0,23.2
30067.0,84.0,23.2
32073.0,84.7,23.2
34077.0,84.8,23.1
36081.0,84.4,23.1
38085.0,83.5,23.1
40091.0,82.3,23.1
42095.0,80.7,23.1
44099.0,79.2,23.1
46103.0,77.5,23.1
48108.0,75.7,23.1
50112.0,74.0,23.1
52116.0,72.1,23.1
54121.0,70.3,23.1
56125.0,68.5,23.1
58129.0,66.8,23.1
60135.0,65.3,23.1
62139.0,63.8,23.1
64143.0,62.6,23.1
66149.0,61.3,23.1
68153.0,60.2,23.1
70157.0,59.2,23.1
72161.0,58.3,23.1
74167.0,57.5,23.1
76171.0,56.7,23.1
78175.0,56.0,23.1
80179.0,55.5,23.1
82184.0,54.9,23.1
84189.0,54.4,23.1
86195.0,53.9,23.1
88200.0,53.6,23.1
90204.0,53.2,23.1
92208.0,52.9,23.1
94214.0,52.6,23.1
96218.0,52.3,23.1
98222.0,52.1,23.1
100227.0,51.9,23.1
102232.0,51.8,23.1
104236.0,51.5,23.1
106240.0,51.5,23.1
108245.0,51.3,23.1
110251.0,51.2,23.1
112255.0,51.1,23.1
114260.0,50.9,23.1
116264.0,50.9,23.1
118268.0,50.8,23.1
120273.0,50.7,23.1
122277.0,50.7,23.0
124283.0,50.6,23.1
126287.0,50.5,23.1
128291.0,50.5,23.0
130297.0,50.4,23.0
132301.0,50.4,23.0
134305.0,50.4,23.0
136309.0,50.3,23.0
138313.0,50.2,23.0
140318.0,50.2,23.0
142322.0,50.2,23.0
144328.0,50.2,23.0
146332.0,50.1,23.0
148336.0,50.1,23.0
150342.0,50.1,23.0
152346.0,50.1,23.0
154350.0,50.0,23.0
156355.0,50.0,23.0
158359.0,49.9,23.0
160363.0,49.9,23.0
162368.0,49.9,23.0
164372.0,49.9,23.0
166378.0,49.9,23.0
168382.0,49.9,23.0
170386.0,49.8,23.0
172392.0,49.8,23.0
174396.0,49.8,23.0
176400.0,49.7,23.0
178406.0,49.8,23.0
180410.0,49.8,23.0
182414.0,49.7,23.0
184418.0,49.8,23.0
186423.0,49.7,23.0
188427.0,49.7,23.0
190431.0,49.8,23.0
192437.0,49.7,23.0
194441.0,49.7,23.0
196445.0,49.7,23.0
198450.0,49.7,22.9
200454.0,49.7,23.0
202458.0,49.7,23.0
204462.0,49.6,23.0
206467.0,49.6,23.0
208471.0,49.7,23.0
210475.0,49.7,23.0
212481.0,49.6,22.9
214485.0,49.6,23.0
216489.0,49.5,23.0
218495.0,49.6,22.9
220499.0,49.6,23.0
222503.0,49.5,23.0
224508.0,49.5,22.9
226512.0,49.5,22.9
228516.0,49.6,23.0
230521.0,49.5,23.0
232525.0,49.5,23.0
234531.0,49.5,23.0
236535.0,49.5,23.0
238538.0,49.4,22.9
240543.0,49.4,22.9
242547.0,49.4,22.9
244551.0,49.5,22.9
246556.0,49.4,22.9
248560.0,49.4,22.9
250564.0,49.4,22.9
252569.0,49.5,22.9
254573.0,49.4,22.9
256579.0,49.4,22.9
258583.0,49.3,22.9
260587.0,49.4,22.9
262593.0,49.4,22.9
264597.0,49.4,22.9
266601.0,49.4,22.9
268607.0,49.4,22.9
270611.0,49.4,22.9
272615.0,49.4,22.9
274621.0,49.4,22.9
276625.0,49.4,22.9
278629.0,49.4,22.9
280634.0,49.4,22.9
282639.0,49.4,22.9
284643.0,49.4,22.9
286647.0,49.4,22.9
288652.0,49.4,22.9
290656.0,49.4,22.9
292660.0,49.4,22.9
294665.0,49.4,22.9
296669.0,49.4,22.9
298673.0,49.3,22.9
300678.0,49.4,22.9
