Time,Humidity,Temperature
0.0,50.4,22.6
2004.0,50.4,22.6
4010.0,50.4,22.6
6014.0,50.4,22.6
8018.0,50.7,22.6
10024.0,51.1,22.6
12028.0,51.5,22.6
14032.0,57.4,22.8
16036.0,63.1,22.9
18040.0,67.5,23.0
20046.0,71.4,23.0
22049.0,74.5,23.0
24053.0,77.1,23.0
26057.0,79.0,23.0
28062.0,80.4,22.9
30068.0,81.0,22.9
32072.0,80.7,22.9
34076.0,79.9,22.9
36080.0,78.6,22.9
38085.0,77.2,22.9
40091.0,75.6,22.9
42095.0,73.9,22.9
44099.0,72.3,22.9
46104.0,70.8,22.9
48110.0,69.3,22.9
50114.0,68.0,22.9
52118.0,66.7,22.9
54122.0,65.5,22.9
56127.0,64.5,22.9
58133.0,63.5,23.0
60137.0,62.6,22.9
62141.0,61.7,22.9
64145.0,60.9,22.9
66149.0,60.0,23.0
68153.0,59.2,22.9
70158.0,58.4,23.0
72163.0,57.6,23.0
74168.0,56.9,22.9
76173.0,56.3,22.9
78179.0,55.8,22.9
80184.0,55.3,22.9
82188.0,54.9,22.9
84192.0,54.4,22.9
86196.0,54.1,22.9
88200.0,53.7,22.9
90204.0,53.4,22.9
92208.0,53.1,22.9
94213.0,52.8,22.9
96218.0,52.6,22.9
98222.0,52.4,22.9
100226.0,52.2,22.9
102230.0,52.0,22.9
104235.0,52.0,22.9
106241.0,51.9,22.9
108245.0,51.8,22.9
110249.0,51.6,22.9
112253.0,51.6,22.9
114258.0,51.6,22.9
116263.0,51.4,22.9
118269.0,51.4,22.9
120274.0,51.3,22.9
122278.0,51.2,22.9
124282.0,51.2,22.9
126286.0,51.2,22.9
128289.0,51.1,22.9
130294.0,51.1,22.9
132298.0,51.0,22.9
134302.0,51.0,22.9
136307.0,51.0,22.9
138311.0,51.0,22.9
140315.0,51.0,22.9
142320.0,51.0,22.9
144324.0,50.9,22.9
146328.0,50.9,22.9
148333.0,50.9,22.9
150337.0,50.8,22.9
152341.0,50.8,22.9
154347.0,50.8,22.9
156351.0,50.7,22.8
158355.0,50.7,22.9
160361.0,50.7,22.9
162365.0,50.7,22.9
164369.0,50.7,22.9
166374.0,50.7,22.8
168379.0,50.7,22.9
170383.0,50.6,22.8
172387.0,50.6,22.9
174393.0,50.5,22.8
176397.0,50.5,22.8
178401.0,50.6,22.8
180407.0,50.6,22.9
182411.0,50.6,22.9
184415.0,50.5,22.8
186420.0,50.5,22.8
188424.0,50.5,22.8
190428.0,50.5,22.8
192432.0,50.5,22.8
194437.0,50.5,22.8
196441.0,50.5,22.8
198445.0,50.4,22.8
200450.0,50.4,22.8
202454.0,50.4,22.8
204458.0,50.4,22.8
206464.0,50.4,22.8
208468.0,50.4,22.8
210472.0,50.4,22.8
212478.0,50.4,22.8
214482.0,50.4,22.8
216486.0,50.3,22.8
218491.0,50.3,22.8
220495.0,50.3,22.8
222499.0,50.3,22.8
224504.0,50.2,22.8
226507.0,50.2,22.8
228513.0,50.2,22.8
230517.0,50.2,22.8
232521.0,50.2,22.8
234527.0,50.2,22.8
236531.0,50.1,22.8
238535.0,50.2,22.8
240541.0,50.1,22.8
242545.0,50.1,22.8
244549.0,50.1,22.8
246555.0,50.1,22.8
248559.0,50.1,22.8
250563.0,50.1,22.8
252569.0,50.1,22.8
254573.0,50.1,22.8
256577.0,50.1,22.8
258583.0,50.1,22.8
260587.0,50.1,22.8
262591.0,50.1,22.8
264597.0,50.1,22.8
266601.0,50.1,22.8
268605.0,50.2,22.8
270611.0,50.1,22.8
272615.0,50.1,22.8
274619.0,50.0,22.8
276625.0,50.0,22.8
278629.0,50.0,22.8
280633.0,50.0,22.8
282637.0,49.9,22.8
284643.0,49.9,22.8
286647.0,50.0,22.8
288651.0,49.9,22.8
290656.0,50.0,22.8
292661.0,49.9,22.7
294665.0,50.0,22.8
296669.0,50.0,22.7
298674.0,49.9,22.7
300678.0,50.0,22.7
