Time,Humidity,Temperature
0.0,38.3,22.6
2004.0,38.3,22.6
4009.0,38.3,22.6
6014.0,38.3,22.6
8018.0,38.4,22.6
10022.0,38.3,22.6
12026.0,39.3,22.7
14031.0,47.0,23.2
16035.0,54.2,23.3
18039.0,60.1,23.4
20043.0,65.0,23.4
22049.0,68.9,23.3
24053.0,71.7,23.3
26057.0,73.7,23.2
28061.0,74.7,23.2
30066.0,74.9,23.1
32070.0,74.6,23.1
34076.0,73.8,23.1
36080.0,72.7,23.1
38084.0,71.4,23.0
40088.0,70.1,23.1
42093.0,68.7,23.0
44097.0,67.3,23.0
46101.0,65.9,23.0
48106.0,64.4,23.0
50112.0,63.0,23.0
52116.0,61.6,23.0
54120.0,60.3,23.0
56124.0,59.0,23.0
58129.0,57.8,23.0
60135.0,56.7,23.0
62139.0,55.8,23.0
64143.0,54.9,23.0
66147.0,54.1,23.0
68153.0,53.3,23.0
70157.0,52.4,23.0
72161.0,51.7,23.0
74165.0,50.9,23.0
76170.0,50.2,23.0
78174.0,49.5,22.9
80178.0,48.9,22.9
82183.0,48.3,22.9
84187.0,47.8,22.9
86191.0,47.3,22.9
88196.0,46.8,23.0
90200.0,46.3,22.9
92203.0,45.7,22.9
94208.0,45.3,22.9
96212.0,44.7,22.9
98216.0,44.2,22.9
100222.0,43.7,22.9
102226.0,43.2,22.9
104230.0,42.7,22.9
106234.0,42.3,22.9
108240.0,42.0,22.9
110245.0,41.7,22.9
112249.0,41.3,22.9
114253.0,41.1,22.9
116259.0,40.9,22.9
118263.0,40.6,22.9
120267.0,40.5,22.9
122271.0,40.2,22.9
124277.0,40.1,22.9
126281.0,40.0,22.9
128285.0,39.8,22.9
130289.0,39.7,22.9
132295.0,39.6,22.9
134299.0,39.5,22.9
136303.0,39.4,22.9
138307.0,39.3,22.9
140312.0,39.1,22.9
142317.0,39.1,22.9
144321.0,38.9,22.9
146325.0,38.8,22.9
148330.0,38.8,22.9
150335.0,38.6,22.9
152341.0,38.6,22.9
154346.0,38.5,22.8
156350.0,38.4,22.8
158354.0,38.4,22.8
160358.0,38.3,22.8
162362.0,38.4,22.8
164366.0,38.3,22.8
166372.0,38.3,22.8
168376.0,38.3,22.8
170380.0,38.2,22.8
172386.0,38.2,22.8
174390.0,38.2,22.8
176394.0,38.2,22.8
178398.0,38.2,22.8
180404.0,38.1,22.8
182408.0,38.2,22.8
184412.0,38.1,22.8
186417.0,38.1,22.8
188423.0,38.1,22.8
190427.0,38.1,22.8
192431.0,38.1,22.8
194435.0,38.0,22.8
196441.0,38.0,22.8
198446.0,38.0,22.8
200450.0,38.0,22.8
202453.0,37.9,22.8
204457.0,38.0,22.8
206462.0,37.9,22.8
208468.0,37.9,22.8
210472.0,37.9,22.7
212476.0,37.8,22.8
214481.0,37.8,22.8
216485.0,37.7,22.8
218489.0,37.7,22.8
220495.0,37.7,22.8
222499.0,37.6,22.7
224503.0,37.6,22.8
226507.0,37.6,22.7
228513.0,37.6,22.7
230517.0,37.6,22.7
232521.0,37.6,22.7
234525.0,37.5,22.7
236531.0,37.6,22.7
238535.0,37.6,22.7
240539.0,37.5,22.7
242545.0,37.6,22.7
244549.0,37.5,22.7
246553.0,37.6,22.7
248557.0,37.5,22.7
250562.0,37.5,22.7
252566.0,37.5,22.7
254572.0,37.5,22.7
256576.0,37.6,22.7
258580.0,37.6,22.7
260584.0,37.5,22.7
262590.0,37.6,22.7
264594.0,37.6,22.7
266598.0,37.6,22.7
268603.0,37.6,22.7
270609.0,37.6,22.7
272613.0,37.6,22.7
274617.0,37.5,22.7
276623.0,37.4,22.7
278627.0,37.4,22.7
280631.0,37.4,22.7
282636.0,37.4,22.7
284641.0,37.4,22.7
286645.0,37.4,22.7
288649.0,37.4,22.7
290655.0,37.3,22.7
292659.0,37.4,22.7
294663.0,37.3,22.6
296667.0,37.3,22.7
298673.0,37.3,22.7
300677.0,37.3,22.7
