Time,Humidity,Temperature
0.0,38.7,22.4
2004.0,38.6,22.4
4008.0,38.7,22.4
6013.0,38.8,22.4
8018.0,38.8,22.4
10023.0,38.8,22.4
12029.0,42.2,22.6
14033.0,50.5,23.1
16037.0,57.7,23.3
18041.0,63.5,23.4
20047.0,68.3,23.4
22051.0,72.2,23.4
24055.0,75.4,23.3
26060.0,77.9,23.3
28063.0,80.0,23.2
30067.0,81.3,23.2
32071.0,81.9,23.1
34077.0,81.7,23.1
36081.0,80.9,23.0
38085.0,79.7,23.0
40089.0,78.6,23.0
42094.0,77.2,22.9
44099.0,75.8,22.9
46103.0,74.4,22.9
48108.0,73.0,22.9
50114.0,71.6,22.9
52118.0,70.1,22.9
54122.0,68.7,22.8
56127.0,67.2,22.8
58133.0,65.8,22.8
60138.0,64.5,22.8
62142.0,63.2,22.8
64146.0,62.1,22.8
66151.0,60.9,22.8
68157.0,59.9,22.8
70161.0,58.8,22.8
72165.0,57.9,22.8
74169.0,57.0,22.8
76173.0,56.1,22.8
78177.0,55.3,22.8
80182.0,54.5,22.8
82187.0,53.8,22.8
84193.0,53.1,22.8
86198.0,52.4,22.8
88202.0,51.7,22.8
90206.0,51.2,22.8
92210.0,50.7,22.8
94216.0,50.2,22.8
96220.0,49.8,22.8
98224.0,49.3,22.8
100230.0,49.0,22.8
102234.0,48.5,22.8
104238.0,48.2,22.8
106242.0,47.8,22.8
108247.0,47.5,22.7
110251.0,47.1,22.7
112256.0,46.8,22.7
114262.0,46.5,22.7
116266.0,46.2,22.7
118270.0,45.8,22.7
120275.0,45.4,22.7
122280.0,45.1,22.7
124284.0,44.7,22.7
126289.0,44.3,22.7
128293.0,44.0,22.7
130297.0,43.7,22.7
132301.0,43.4,22.7
134307.0,43.1,22.7
136311.0,42.9,22.7
138314.0,42.6,22.7
140318.0,42.4,22.7
142323.0,42.2,22.7
144329.0,42.0,22.7
146333.0,41.9,22.7
148337.0,41.7,22.7
150341.0,41.6,22.7
152345.0,41.5,22.7
154350.0,41.2,22.7
156356.0,41.2,22.7
158360.0,41.0,22.7
160364.0,40.9,22.7
162369.0,40.8,22.7
164374.0,40.7,22.7
166378.0,40.6,22.7
168382.0,40.6,22.7
170388.0,40.5,22.7
172392.0,40.4,22.7
174396.0,40.3,22.7
176402.0,40.3,22.7
178406.0,40.3,22.7
180410.0,40.2,22.7
182414.0,40.1,22.7
184420.0,40.2,22.7
186424.0,40.2,22.7
188428.0,40.1,22.7
190432.0,40.1,22.7
192437.0,40.0,22.7
194443.0,40.0,22.7
196447.0,40.0,22.7
198451.0,40.0,22.7
200455.0,39.9,22.7
202461.0,39.9,22.7
204465.0,39.8,22.7
206469.0,39.7,22.7
208473.0,39.7,22.7
210479.0,39.7,22.7
212484.0,39.6,22.7
214488.0,39.6,22.7
216492.0,39.5,22.7
218497.0,39.4,22.7
220503.0,39.4,22.7
222507.0,39.3,22.7
224511.0,39.2,22.7
226515.0,39.2,22.7
228520.0,39.1,22.7
230525.0,39.1,22.7
232529.0,39.1,22.7
234533.0,39.0,22.7
236539.0,39.1,22.7
238543.0,39.1,22.7
240547.0,39.0,22.6
242551.0,39.0,22.7
244554.0,39.1,22.7
246561.0,39.1,22.6
248564.0,39.0,22.6
250568.0,39.1,22.6
252572.0,39.1,22.6
254577.0,39.1,22.7
256583.0,39.1,22.6
258587.0,39.0,22.6
260591.0,39.0,22.6
262595.0,39.0,22.7
264600.0,39.0,22.6
266605.0,39.0,22.6
268611.0,39.1,22.6
270615.0,39.0,22.6
272619.0,39.0,22.6
274623.0,39.0,22.6
276627.0,39.0,22.6
278632.0,39.0,22.6
280638.0,38.9,22.6
282643.0,38.8,22.6
284647.0,38.8,22.6
286651.0,38.8,22.6
288655.0,38.7,22.6
290659.0,38.8,22.6
292664.0,38.8,22.6
294670.0,38.8,22.6
296674.0,38.8,22.6
298678.0,38.8,22.6
300682.0,38.8,22.6
