Time,Humidity,Temperature
0.0,40.6,22.8
2004.0,40.7,22.8
4008.0,40.6,22.8
6012.0,40.7,22.8
8018.0,40.7,22.8
10022.0,41.3,22.8
12026.0,47.1,22.9
14031.0,54.2,23.1
16036.0,59.6,23.1
18040.0,63.7,23.0
20044.0,66.4,23.0
22048.0,67.4,23.0
24053.0,67.3,23.0
26058.0,66.3,23.0
28062.0,64.9,23.0
30066.0,63.2,23.0
32071.0,61.6,23.0
34076.0,60.0,23.1
36082.0,58.4,23.1
38086.0,56.9,23.1
40090.0,55.5,23.1
42094.0,54.1,23.1
44100.0,52.7,23.1
46104.0,51.4,23.1
48108.0,50.3,23.1
50114.0,49.2,23.1
52118.0,48.3,23.1
54122.0,47.5,23.1
56127.0,46.8,23.1
58131.0,46.1,23.1
60136.0,45.5,23.1
62140.0,45.0,23.1
64144.0,44.6,23.1
66148.0,44.2,23.1
68153.0,43.8,23.1
70157.0,43.5,23.1
72161.0,43.3,23.1
74166.0,43.0,23.1
76170.0,42.8,23.1
78174.0,42.7,23.1
80180.0,42.5,23.1
82184.0,42.3,23.1
84188.0,42.1,23.1
86194.0,42.1,23.1
88198.0,41.9,23.1
90202.0,41.8,23.1
92205.0,41.7,23.1
94210.0,41.6,23.1
96216.0,41.5,23.1
98220.0,41.5,23.1
100224.0,41.4,23.1
102230.0,41.3,23.1
104234.0,41.4,23.1
106238.0,41.3,23.1
108243.0,41.3,23.1
110249.0,41.2,23.1
112253.0,41.1,23.1
114257.0,41.2,23.1
116262.0,41.1,23.0
118268.0,41.1,23.0
120272.0,41.0,23.0
122276.0,41.1,23.1
124280.0,41.0,23.0
126284.0,41.0,23.0
128289.0,41.0,23.0
130295.0,41.0,23.0
132300.0,40.9,23.0
134304.0,41.0,23.0
136308.0,40.8,23.0
138312.0,40.9,23.0
140317.0,40.9,23.0
142322.0,40.9,23.0
144328.0,40.9,23.0
146333.0,40.9,23.0
148337.0,40.9,23.0
150341.0,40.9,23.0
152345.0,40.9,23.0
154349.0,40.8,23.0
156354.0,40.9,23.0
158359.0,40.8,23.0
160363.0,40.9,23.0
162367.0,40.9,23.0
164371.0,40.8,23.0
166377.0,40.8,23.0
168381.0,40.8,22.9
170385.0,40.8,22.9
172389.0,40.8,23.0
174394.0,40.8,22.9
176398.0,40.8,22.9
178402.0,40.8,22.9
180408.0,40.8,22.9
182412.0,40.8,22.9
184416.0,40.8,22.9
186420.0,40.8,22.9
188425.0,40.8,22.9
190429.0,40.8,22.9
192433.0,40.8,22.9
194439.0,40.8,22.9
196443.0,40.8,22.9
198447.0,40.8,22.9
200450.0,40.7,22.9
202455.0,40.8,22.9
204459.0,40.8,22.9
206463.0,40.8,22.9
208469.0,40.8,22.9
210473.0,40.9,22.9
212477.0,40.8,22.9
214483.0,40.8,22.9
216487.0,40.8,22.9
218491.0,40.8,22.9
220495.0,40.8,22.9
222501.0,40.8,22.9
224505.0,40.8,22.9
226509.0,40.9,22.9
228515.0,40.9,22.9
230519.0,40.8,22.9
232523.0,40.8,22.9
234529.0,40.8,22.9
236533.0,40.8,22.9
238537.0,40.8,22.9
240541.0,40.8,22.8
242547.0,40.8,22.9
244551.0,40.8,22.8
246555.0,40.8,22.9
248559.0,40.8,22.8
250565.0,40.8,22.8
252569.0,40.8,22.9
254573.0,40.9,22.9
256578.0,40.8,22.8
258583.0,40.8,22.8
260587.0,40.8,22.8
262591.0,40.9,22.8
264597.0,40.8,22.8
266601.0,40.9,22.8
268605.0,40.8,22.8
270609.0,40.9,22.8
272615.0,40.9,22.8
274619.0,40.9,22.8
276623.0,40.9,22.8
278627.0,40.9,22.8
280632.0,40.9,22.8
282636.0,41.0,22.8
284640.0,40.9,22.8
286646.0,40.9,22.8
288650.0,40.9,22.8
290654.0,40.9,22.8
292659.0,41.0,22.8
294664.0,40.9,22.8
296668.0,40.9,22.8
298672.0,40.9,22.8
300678.0,40.9,22.8
