Time,Humidity,Temperature
0.0,49.1,22.7
2007.0,49.1,22.7
4010.0,49.1,22.7
6015.0,49.1,22.7
8019.0,49.2,22.7
10023.0,50.2,22.7
12027.0,53.3,22.8
14032.0,59.7,23.0
16036.0,65.0,23.2
18040.0,69.4,23.2
20044.0,73.0,23.3
22050.0,76.0,23.3
24054.0,78.4,23.3
26058.0,80.3,23.3
28062.0,81.8,23.2
30068.0,82.8,23.2
32072.0,83.5,23.1
34076.0,83.6,23.1
36080.0,83.4,23.1
38086.0,82.9,23.1
40090.0,82.1,23.1
42094.0,81.2,23.1
44099.0,80.1,23.1
46104.0,78.8,23.1
48108.0,77.5,23.1
50114.0,76.1,23.1
52118.0,74.6,23.1
54122.0,73.2,23.1
56128.0,71.7,23.1
58132.0,70.3,23.1
60136.0,69.0,23.1
62142.0,67.7,23.1
64146.0,66.5,23.1
66150.0,65.4,23.1
68155.0,64.3,23.1
70161.0,63.3,23.1
72165.0,62.3,23.1
74169.0,61.5,23.0
76175.0,60.7,23.1
78179.0,60.0,23.1
80183.0,59.3,23.1
82187.0,58.6,23.0
84192.0,58.0,23.0
86198.0,57.3,23.0
88202.0,56.7,23.0
90206.0,56.1,23.0
92210.0,55.5,23.0
94215.0,55.0,23.0
96220.0,54.6,23.0
98226.0,54.1,23.0
100231.0,53.9,23.0
102235.0,53.5,23.0
104239.0,53.2,23.0
106245.0,52.9,23.0
108249.0,52.6,23.0
110253.0,52.4,23.0
112256.0,52.1,23.0
114261.0,52.0,23.0
116267.0,51.8,23.0
118271.0,51.7,23.0
120275.0,51.5,23.0
122279.0,51.4,23.0
124284.0,51.3,23.0
126289.0,51.1,23.0
128293.0,51.1,23.0
130299.0,50.9,23.0
132303.0,50.8,23.0
134307.0,50.7,23.0
136312.0,50.7,23.0
138316.0,50.6,23.0
140320.0,50.5,23.0
142325.0,50.4,23.0
144329.0,50.4,23.0
146333.0,50.4,22.9
148338.0,50.3,23.0
150342.0,50.3,22.9
152347.0,50.3,23.0
154351.0,50.2,23.0
156357.0,50.1,22.9
158361.0,50.1,22.9
160365.0,50.0,23.0
162370.0,50.0,22.9
164374.0,50.0,22.9
166378.0,50.0,22.9
168383.0,49.9,22.9
170387.0,49.9,22.9
172392.0,49.9,22.9
174396.0,49.9,22.9
176400.0,49.8,22.9
178405.0,49.8,22.9
180410.0,49.8,22.9
182414.0,49.7,22.9
184418.0,49.8,22.9
186424.0,49.8,22.9
188428.0,49.7,22.9
190432.0,49.7,22.9
192438.0,49.8,22.9
194442.0,49.7,22.9
196446.0,49.7,22.9
198452.0,49.6,22.9
200456.0,49.6,22.9
202460.0,49.6,22.9
204466.0,49.6,22.9
206470.0,49.5,22.9
208474.0,49.6,22.9
210480.0,49.6,22.9
212484.0,49.5,22.9
214488.0,49.5,22.9
216493.0,49.5,22.9
218496.0,49.5,22.9
220501.0,49.4,22.9
222506.0,49.5,22.9
224510.0,49.4,22.9
226516.0,49.5,22.9
228520.0,49.4,22.9
230524.0,49.4,22.9
232530.0,49.4,22.9
234534.0,49.4,22.9
236538.0,49.4,22.9
238544.0,49.4,22.9
240548.0,49.4,22.9
242552.0,49.4,22.9
244558.0,49.4,22.9
246562.0,49.3,22.9
248566.0,49.3,22.9
250572.0,49.3,22.9
252576.0,49.3,22.9
254580.0,49.3,22.9
256585.0,49.3,22.8
258589.0,49.2,22.8
260593.0,49.3,22.8
262599.0,49.2,22.9
264603.0,49.3,22.8
266607.0,49.2,22.9
268611.0,49.3,22.8
270617.0,49.3,22.8
272621.0,49.3,22.8
274625.0,49.3,22.9
276631.0,49.3,22.8
278635.0,49.3,22.8
280639.0,49.4,22.8
282645.0,49.3,22.8
284649.0,49.4,22.8
286653.0,49.4,22.8
288658.0,49.4,22.8
290663.0,49.3,22.8
292667.0,49.4,22.8
294671.0,49.4,22.8
296676.0,49.4,22.8
298680.0,49.4,22.8
300684.0,49.4,22.8
