Time,Humidity,Temperature
0.0,39.7,22.7
2004.0,39.7,22.7
4008.0,39.7,22.7
6014.0,39.7,22.7
8018.0,39.8,22.7
10022.0,39.9,22.7
12026.0,45.4,23.2
14032.0,53.7,23.5
16036.0,60.3,23.6
18040.0,65.4,23.6
20044.0,69.8,23.6
22050.0,73.4,23.6
24054.0,76.3,23.5
26058.0,78.5,23.5
28064.0,80.2,23.4
30068.0,81.2,23.4
32072.0,81.4,23.3
34076.0,80.8,23.2
36081.0,79.7,23.2
38087.0,78.4,23.2
40091.0,77.1,23.2
42095.0,75.6,23.1
44101.0,74.2,23.1
46105.0,72.8,23.1
48109.0,71.5,23.1
50115.0,70.2,23.1
52119.0,68.9,23.1
54123.0,67.7,23.0
56129.0,66.3,23.0
58133.0,65.0,23.0
60137.0,63.8,23.0
62141.0,62.7,23.0
64147.0,61.6,23.0
66151.0,60.5,23.0
68155.0,59.5,23.0
70159.0,58.6,23.0
72164.0,57.8,23.0
74169.0,57.0,23.0
76175.0,56.1,23.0
78179.0,55.4,23.0
80183.0,54.6,23.0
82187.0,54.0,23.0
84191.0,53.2,23.0
86195.0,52.6,23.0
88200.0,52.0,23.0
90206.0,51.4,23.0
92210.0,50.8,23.0
94214.0,50.3,23.0
96219.0,49.8,23.0
98223.0,49.3,23.0
100227.0,48.9,23.0
102233.0,48.5,23.0
104237.0,48.1,23.0
106240.0,47.8,23.0
108244.0,47.4,23.0
110249.0,47.1,23.0
112253.0,46.7,23.0
114257.0,46.4,23.0
116263.0,46.0,23.0
118267.0,45.7,22.9
120271.0,45.4,22.9
122276.0,45.2,23.0
124282.0,44.9,23.0
126286.0,44.6,22.9
128290.0,44.3,22.9
130294.0,44.0,22.9
132299.0,43.8,23.0
134303.0,43.5,22.9
136307.0,43.3,23.0
138312.0,43.0,22.9
140318.0,42.8,22.9
142322.0,42.6,22.9
144326.0,42.4,22.9
146330.0,42.3,22.9
148335.0,42.2,22.9
150340.0,42.1,22.9
152344.0,42.0,22.9
154348.0,41.9,22.9
156352.0,41.7,22.9
158357.0,41.7,22.9
160362.0,41.5,22.9
162366.0,41.5,22.9
164370.0,41.4,22.9
166375.0,41.3,22.9
168381.0,41.3,22.9
170385.0,41.2,22.9
172389.0,41.2,22.9
174393.0,41.1,22.9
176398.0,41.1,22.9
178404.0,41.0,22.9
180409.0,41.0,22.9
182413.0,41.0,22.9
184417.0,40.9,22.9
186421.0,40.9,22.9
188426.0,40.9,22.9
190430.0,40.8,22.9
192434.0,40.8,22.9
194440.0,40.8,22.9
196444.0,40.8,22.9
198448.0,40.8,22.9
200454.0,40.8,22.9
202458.0,40.7,22.9
204462.0,40.7,22.9
206468.0,40.7,22.9
208472.0,40.7,22.9
210475.0,40.7,22.9
212482.0,40.6,22.9
214485.0,40.7,22.9
216489.0,40.6,22.9
218495.0,40.6,22.9
220499.0,40.6,22.9
222503.0,40.6,22.9
224508.0,40.6,22.9
226513.0,40.6,22.9
228517.0,40.5,22.9
230521.0,40.5,22.8
232527.0,40.5,22.9
234531.0,40.5,22.9
236535.0,40.5,22.9
238540.0,40.4,22.8
240546.0,40.4,22.8
242550.0,40.5,22.8
244554.0,40.5,22.8
246559.0,40.5,22.9
248564.0,40.5,22.9
250568.0,40.5,22.9
252572.0,40.5,22.8
254578.0,40.5,22.8
256582.0,40.4,22.8
258586.0,40.5,22.8
260590.0,40.5,22.9
262596.0,40.5,22.9
264600.0,40.4,22.9
266604.0,40.4,22.8
268608.0,40.4,22.8
270614.0,40.4,22.9
272618.0,40.4,22.8
274622.0,40.4,22.9
276626.0,40.4,22.9
278631.0,40.3,22.8
280636.0,40.3,22.9
282640.0,40.3,22.8
284644.0,40.3,22.8
286648.0,40.3,22.8
288654.0,40.3,22.8
290659.0,40.3,22.8
292663.0,40.3,22.8
294667.0,40.3,22.8
296671.0,40.3,22.8
298677.0,40.3,22.8
300681.0,40.4,22.9
