Time,Humidity,Temperature
4,36.70,27.40
2009,36.80,27.40
4014,36.70,27.40
6019,36.70,27.40
8024,36.80,27.40
10029,37.00,27.50
12033,41.40,27.70
14036,54.70,28.00
16040,63.90,28.20
18044,70.70,28.20
20049,75.50,28.20
22054,78.80,28.20
24060,81.20,28.10
26065,82.70,28.10
28069,83.70,28.00
30073,84.00,27.90
32077,84.00,27.90
34081,83.30,27.80
36085,82.10,27.80
38090,79.90,27.70
40095,76.90,27.70
42101,73.90,27.60
44105,71.20,27.60
46109,68.70,27.60
48113,66.30,27.60
50117,64.10,27.60
52121,62.00,27.60
54125,59.90,27.60
56130,57.80,27.60
58135,55.80,27.60
60140,53.90,27.60
62145,52.10,27.60
64150,50.40,27.60
66156,48.90,27.60
68160,47.80,27.60
70164,46.60,27.60
72168,45.50,27.60
74172,44.60,27.60
76178,44.00,27.60