Time,Humidity,Temperature
4,37.00,27.40
2009,37.00,27.40
4014,37.00,27.40
6018,36.90,27.40
8023,36.90,27.40
10028,36.90,27.40
12034,37.60,27.50
14039,51.40,28.00
16044,61.60,28.10
18048,68.60,28.20
20051,73.70,28.20
22055,77.40,28.10
24059,79.90,28.10
26064,81.70,28.00
28070,82.90,28.00
30074,83.50,27.90
32078,83.50,27.80
34082,83.20,27.80
36086,82.40,27.70
38090,80.60,27.70
40095,77.90,27.60
42100,74.60,27.60
44105,71.30,27.60
46110,68.40,27.60
48115,65.80,27.50
50121,63.30,27.50
52125,60.80,27.50
54129,58.50,27.60
56134,56.10,27.60
58138,53.90,27.60
60142,51.90,27.60
62146,50.10,27.60
64150,48.60,27.60
66154,47.30,27.60
68160,46.20,27.60
70165,45.10,27.60
72169,44.30,27.60
74173,43.50,27.60
76177,42.80,27.60