Time,Humidity,Temperature
3,42.50,24.90
2007,42.50,24.90
4011,42.50,24.90
6014,42.50,24.90
8018,42.50,24.90
10023,42.60,24.90
12029,45.30,25.00
14033,53.60,25.30
16037,60.90,25.40
18041,66.50,25.50
20046,70.70,25.50
22051,73.80,25.50
24055,75.80,25.50
26061,77.30,25.50
28065,78.00,25.40
30069,78.10,25.40
32073,77.30,25.30
34078,76.20,25.30
36082,74.60,25.30
38086,72.60,25.30
40090,70.70,25.30
42095,68.60,25.30
44099,66.80,25.30
46103,65.20,25.20
48107,63.60,25.20
50112,62.20,25.20
52116,61.00,25.20
54120,59.70,25.20
56124,58.50,25.20
58128,57.20,25.20
60134,55.90,25.20
62139,54.80,25.20
64143,53.60,25.20
66147,52.70,25.20
68151,51.70,25.20
70155,50.80,25.20
72161,50.00,25.20
74165,49.30,25.20
76169,48.70,25.20