Time,Humidity,Temperature
0.0,47.5,23.3
2005.0,47.5,23.3
4009.0,47.5,23.3
6014.0,47.5,23.3
8019.0,47.5,23.3
10023.0,47.6,23.3
12029.0,47.9,23.3
14033.0,55.5,24.0
16037.0,62.1,24.2
18042.0,67.5,24.2
20047.0,71.7,24.2
22051.0,75.3,24.1
24055.0,78.1,24.1
26060.0,80.4,24.1
28066.0,82.2,24.0
30070.0,83.6,24.0
32074.0,84.8,23.9
34079.0,85.6,23.9
36084.0,86.1,23.8
38088.0,86.4,23.8
40093.0,86.2,23.7
42097.0,85.6,23.7
44101.0,84.9,23.7
46105.0,84.0,23.6
48111.0,82.9,23.6
50115.0,81.6,23.6
52119.0,80.4,23.6
54123.0,79.2,23.6
56129.0,78.0,23.6
58133.0,76.8,23.5
60137.0,75.6,23.5
62142.0,74.5,23.5
64146.0,73.4,23.5
66151.0,72.4,23.5
68156.0,71.4,23.4
70160.0,70.5,23.5
72165.0,69.6,23.4
74170.0,68.7,23.4
76174.0,67.8,23.4
78178.0,66.9,23.4
80183.0,66.1,23.4
82188.0,65.2,23.4
84192.0,64.4,23.4
86196.0,63.6,23.4
88201.0,62.8,23.4
90207.0,62.0,23.4
92210.0,61.2,23.4
94214.0,60.4,23.4
96218.0,59.7,23.4
98223.0,59.0,23.4
100228.0,58.3,23.4
102232.0,57.7,23.4
104236.0,57.2,23.4
106241.0,56.7,23.4
108247.0,56.2,23.4
110251.0,55.7,23.4
112255.0,55.3,23.4
114259.0,54.9,23.4
116264.0,54.5,23.4
118270.0,54.2,23.4
120274.0,53.9,23.4
122278.0,53.6,23.4
124282.0,53.2,23.4
126286.0,53.0,23.4
128292.0,52.6,23.4
130296.0,52.3,23.4
132300.0,52.0,23.4
134305.0,51.8,23.3
136311.0,51.6,23.4
138315.0,51.3,23.4
140319.0,51.0,23.3
142325.0,50.8,23.3
144329.0,50.7,23.3
146333.0,50.4,23.3
148338.0,50.3,23.4
150342.0,50.0,23.3
152348.0,50.0,23.3
154352.0,49.9,23.3
156357.0,49.7,23.3
158361.0,49.5,23.4
160365.0,49.5,23.3
162370.0,49.4,23.3
164374.0,49.3,23.3
166380.0,49.2,23.4
168384.0,49.2,23.3
170388.0,49.1,23.3
172393.0,49.0,23.3
174397.0,49.0,23.3
176402.0,49.0,23.3
178407.0,48.9,23.3
180411.0,48.8,23.3
182415.0,48.8,23.3
184420.0,48.7,23.3
186424.0,48.7,23.3
188428.0,48.6,23.3
190433.0,48.5,23.3
192437.0,48.6,23.3
194441.0,48.5,23.3
196445.0,48.5,23.3
198449.0,48.5,23.3
200455.0,48.4,23.3
202459.0,48.4,23.3
204463.0,48.4,23.3
206469.0,48.4,23.3
208473.0,48.4,23.3
210477.0,48.3,23.3
212483.0,48.3,23.3
214487.0,48.3,23.3
216491.0,48.3,23.3
218496.0,48.2,23.3
220500.0,48.2,23.3
222504.0,48.2,23.3
224510.0,48.2,23.3
226514.0,48.2,23.3
228518.0,48.2,23.3
230523.0,48.1,23.3
232528.0,48.2,23.3
234532.0,48.1,23.3
236536.0,48.2,23.3
238542.0,48.1,23.3
240546.0,48.1,23.3
242550.0,48.1,23.3
244556.0,48.1,23.3
246560.0,48.1,23.3
248564.0,48.1,23.3
250570.0,48.1,23.3
252574.0,48.1,23.3
254578.0,48.2,23.3
256584.0,48.2,23.3
258588.0,48.2,23.3
260592.0,48.2,23.3
262597.0,48.2,23.3
264602.0,48.2,23.3
266606.0,48.2,23.3
268610.0,48.1,23.3
270616.0,48.2,23.3
272620.0,48.2,23.3
274624.0,48.2,23.3
276629.0,48.2,23.3
278634.0,48.2,23.3
280638.0,48.2,23.3
282642.0,48.2,23.3
284648.0,48.2,23.3
286652.0,48.2,23.3
288656.0,48.2,23.3
290662.0,48.1,23.3
292666.0,48.1,23.3
294670.0,48.1,23.3
296676.0,48.1,23.3
298680.0,48.1,23.3
300684.0,48.0,23.3
