Time,Humidity,Temperature
0.0,47.9,23.3
2003.0,47.9,23.3
4008.0,47.9,23.3
6012.0,48.0,23.3
8016.0,48.1,23.3
10022.0,48.1,23.3
12026.0,51.4,23.8
14030.0,59.5,24.2
16035.0,65.8,24.3
18040.0,70.8,24.3
20044.0,74.9,24.3
22049.0,78.2,24.3
24054.0,81.0,24.2
26058.0,83.2,24.2
28062.0,85.0,24.1
30067.0,86.4,24.1
32072.0,87.6,24.0
34076.0,88.6,24.0
36081.0,89.3,23.9
38085.0,89.9,23.9
40090.0,90.3,23.9
42094.0,90.6,23.8
44098.0,90.7,23.8
46103.0,90.7,23.8
48107.0,90.4,23.7
50111.0,89.9,23.7
52116.0,89.3,23.6
54120.0,88.4,23.6
56125.0,87.3,23.6
58130.0,86.0,23.6
60134.0,84.6,23.5
62139.0,83.2,23.5
64144.0,81.7,23.5
66148.0,80.2,23.5
68152.0,78.8,23.5
70156.0,77.4,23.5
72161.0,76.1,23.5
74165.0,74.9,23.5
76171.0,73.7,23.5
78175.0,72.6,23.4
80179.0,71.5,23.4
82185.0,70.4,23.4
84189.0,69.2,23.4
86193.0,68.0,23.4
88197.0,66.9,23.4
90203.0,65.6,23.4
92207.0,64.5,23.4
94211.0,63.3,23.4
96215.0,62.1,23.4
98221.0,61.0,23.4
100225.0,60.0,23.4
102229.0,58.9,23.4
104232.0,58.0,23.4
106239.0,57.1,23.4
108243.0,56.4,23.4
110247.0,55.7,23.4
112251.0,55.0,23.4
114255.0,54.5,23.4
116260.0,53.9,23.4
118266.0,53.3,23.4
120270.0,53.0,23.4
122274.0,52.6,23.4
124280.0,52.3,23.4
126284.0,52.0,23.4
128288.0,51.7,23.4
130292.0,51.4,23.4
132297.0,51.2,23.4
134302.0,51.0,23.4
136306.0,50.8,23.4
138312.0,50.6,23.4
140316.0,50.5,23.4
142320.0,50.3,23.4
144325.0,50.1,23.4
146329.0,50.1,23.4
148335.0,49.9,23.4
150339.0,49.8,23.4
152343.0,49.7,23.4
154348.0,49.6,23.4
156352.0,49.6,23.4
158358.0,49.5,23.4
160362.0,49.4,23.4
162366.0,49.3,23.4
164371.0,49.2,23.4
166375.0,49.2,23.4
168381.0,49.1,23.4
170385.0,49.1,23.4
172389.0,49.0,23.4
174394.0,49.0,23.4
176398.0,48.9,23.4
178402.0,48.9,23.4
180407.0,48.8,23.4
182411.0,48.8,23.4
184415.0,48.8,23.4
186420.0,48.7,23.4
188424.0,48.7,23.4
190429.0,48.6,23.4
192434.0,48.6,23.4
194438.0,48.6,23.4
196443.0,48.6,23.4
198448.0,48.6,23.3
200452.0,48.5,23.4
202456.0,48.5,23.4
204462.0,48.5,23.4
206466.0,48.5,23.4
208470.0,48.4,23.3
210476.0,48.4,23.4
212480.0,48.4,23.3
214483.0,48.3,23.3
216490.0,48.3,23.3
218493.0,48.3,23.3
220497.0,48.3,23.3
222503.0,48.2,23.4
224507.0,48.2,23.3
226511.0,48.2,23.3
228517.0,48.2,23.3
230521.0,48.2,23.3
232525.0,48.1,23.3
234530.0,48.2,23.3
236535.0,48.1,23.3
238539.0,48.1,23.3
240544.0,48.1,23.3
242549.0,48.1,23.3
244553.0,48.1,23.3
246558.0,48.0,23.3
248564.0,48.0,23.3
250568.0,48.0,23.3
252572.0,48.0,23.3
254576.0,48.0,23.3
256582.0,48.0,23.3
258586.0,47.9,23.3
260590.0,47.9,23.3
262595.0,47.9,23.3
264599.0,47.9,23.3
266605.0,47.9,23.3
268609.0,47.9,23.3
270613.0,47.9,23.3
272618.0,47.9,23.3
274622.0,47.9,23.3
276628.0,47.9,23.3
278632.0,47.9,23.3
280637.0,47.9,23.3
282641.0,47.9,23.3
284645.0,47.9,23.3
286651.0,47.8,23.3
288655.0,47.8,23.3
290659.0,47.8,23.3
292665.0,47.8,23.3
294669.0,47.8,23.3
296673.0,47.8,23.3
298679.0,47.8,23.3
300683.0,47.8,23.3
