Time,Humidity,Temperature
3,45.80,24.90
2007,45.70,24.90
4011,45.50,24.90
6014,45.40,24.90
8018,45.40,24.80
10023,45.40,24.90
12029,45.80,24.90
14033,53.90,25.10
16037,60.80,25.20
18041,66.40,25.20
20045,70.50,25.20
22050,73.70,25.20
24054,75.70,25.20
26058,76.80,25.20
28064,76.90,25.10
30068,76.20,25.10
32073,74.90,25.10
34077,73.30,25.00
36081,71.60,25.10
38086,69.70,25.10
40091,67.80,25.00
42095,65.70,25.00
44099,63.90,25.00
46105,62.10,25.00
48109,60.60,25.00
50113,59.20,25.00
52117,57.90,25.00
54121,56.70,25.00
56126,55.60,25.00
58132,54.70,25.00
60136,53.60,25.00
62140,52.60,25.00
64145,51.60,25.00
66149,50.80,25.00
68153,50.10,25.00
70158,49.60,25.00
72162,49.10,25.00
74166,48.60,25.00
76172,48.20,25.00