Time,Humidity,Temperature
0.0,48.5,22.8
2004.0,48.5,22.9
4007.0,48.5,22.9
6014.0,48.6,22.8
8017.0,48.6,22.8
10021.0,48.8,22.8
12027.0,51.9,23.0
14031.0,57.5,23.1
16035.0,62.0,23.2
18041.0,65.7,23.1
20045.0,68.5,23.2
22049.0,70.5,23.1
24055.0,71.7,23.1
26059.0,72.2,23.1
28063.0,72.3,23.1
30068.0,71.9,23.1
32072.0,71.4,23.1
34078.0,70.7,23.1
36082.0,69.8,23.1
38086.0,68.7,23.1
40092.0,67.5,23.1
42096.0,66.1,23.1
44100.0,64.7,23.1
46106.0,63.2,23.1
48110.0,61.9,23.1
50114.0,60.6,23.1
52120.0,59.4,23.1
54124.0,58.3,23.1
56128.0,57.3,23.1
58133.0,56.3,23.1
60139.0,55.4,23.1
62143.0,54.7,23.1
64147.0,54.0,23.1
66152.0,53.4,23.1
68156.0,52.9,23.1
70160.0,52.5,23.1
72166.0,52.0,23.1
74170.0,51.7,23.1
76174.0,51.3,23.1
78179.0,51.1,23.1
80183.0,50.8,23.1
82187.0,50.6,23.1
84192.0,50.4,23.1
86196.0,50.2,23.1
88201.0,50.1,23.1
90205.0,49.9,23.1
92210.0,49.8,23.1
94214.0,49.7,23.1
96220.0,49.5,23.1
98224.0,49.5,23.1
100229.0,49.3,23.1
102233.0,49.3,23.1
104239.0,49.2,23.1
106243.0,49.2,23.1
108247.0,49.1,23.1
110252.0,49.0,23.1
112256.0,49.0,23.0
114260.0,49.0,23.0
116265.0,49.0,23.1
118268.0,48.9,23.0
120272.0,48.8,23.1
122278.0,48.8,23.0
124282.0,48.8,23.0
126286.0,48.8,23.0
128291.0,48.7,23.0
130295.0,48.7,23.0
132301.0,48.7,23.0
134305.0,48.7,23.0
136309.0,48.6,23.0
138314.0,48.7,23.0
140318.0,48.6,23.0
142324.0,48.6,23.0
144328.0,48.6,23.0
146332.0,48.5,23.0
148338.0,48.6,23.0
150342.0,48.6,23.0
152346.0,48.5,23.0
154352.0,48.5,23.0
156356.0,48.5,23.0
158360.0,48.4,23.0
160366.0,48.4,23.0
162370.0,48.5,23.0
164374.0,48.4,23.0
166380.0,48.4,23.0
168384.0,48.4,23.0
170388.0,48.4,23.0
172394.0,48.4,23.0
174398.0,48.4,23.0
176402.0,48.5,23.0
178408.0,48.4,23.0
180412.0,48.4,23.0
182416.0,48.4,22.9
184421.0,48.4,22.9
186426.0,48.4,23.0
188430.0,48.3,22.9
190434.0,48.4,22.9
192440.0,48.4,22.9
194444.0,48.4,22.9
196448.0,48.4,22.9
198454.0,48.4,22.9
200458.0,48.4,22.9
202462.0,48.3,22.9
204467.0,48.3,22.9
206472.0,48.3,22.9
208476.0,48.3,22.9
210481.0,48.3,22.9
212486.0,48.3,22.9
214490.0,48.3,22.9
216494.0,48.3,22.9
218499.0,48.3,22.9
220503.0,48.3,22.9
222507.0,48.4,22.9
224513.0,48.3,22.9
226517.0,48.3,22.9
228521.0,48.3,22.9
230527.0,48.3,22.9
232530.0,48.3,22.9
234534.0,48.3,22.9
236540.0,48.3,22.9
238544.0,48.2,22.9
240548.0,48.3,22.9
242554.0,48.3,22.9
244558.0,48.3,22.9
246562.0,48.3,22.9
248567.0,48.2,22.9
250572.0,48.3,22.9
252576.0,48.3,22.9
254581.0,48.3,22.8
256587.0,48.3,22.9
258591.0,48.3,22.9
260595.0,48.3,22.8
262601.0,48.3,22.8
264605.0,48.3,22.8
266609.0,48.3,22.8
268613.0,48.3,22.9
270619.0,48.3,22.8
272623.0,48.3,22.9
274627.0,48.3,22.8
276632.0,48.3,22.8
278638.0,48.2,22.8
280642.0,48.3,22.9
282646.0,48.2,22.8
284652.0,48.3,22.8
286656.0,48.3,22.8
288660.0,48.3,22.8
290664.0,48.3,22.8
292669.0,48.3,22.8
294674.0,48.3,22.9
296678.0,48.3,22.8
298682.0,48.3,22.8
300688.0,48.3,22.8
