Time,Humidity,Temperature
0.0,47.4,23.2
2004.0,47.4,23.2
4008.0,47.4,23.3
6013.0,47.4,23.2
8018.0,47.5,23.2
10022.0,47.7,23.2
12027.0,49.8,23.6
14031.0,56.3,23.8
16035.0,61.8,23.8
18040.0,66.2,23.8
20045.0,69.8,23.8
22049.0,72.6,23.7
24055.0,74.7,23.7
26059.0,75.9,23.6
28064.0,76.5,23.6
30068.0,76.6,23.5
32074.0,76.4,23.5
34078.0,75.9,23.5
36083.0,75.1,23.5
38087.0,74.2,23.4
40091.0,73.3,23.4
42097.0,72.2,23.4
44101.0,71.1,23.4
46105.0,70.0,23.4
48111.0,68.8,23.4
50115.0,67.8,23.4
52119.0,66.7,23.4
54122.0,65.7,23.4
56129.0,64.8,23.4
58132.0,63.8,23.4
60136.0,62.8,23.4
62142.0,61.9,23.4
64146.0,60.9,23.4
66150.0,60.1,23.4
68154.0,59.3,23.4
70160.0,58.5,23.4
72164.0,57.7,23.4
74168.0,57.0,23.4
76172.0,56.4,23.4
78177.0,55.8,23.4
80182.0,55.2,23.4
82187.0,54.7,23.4
84191.0,54.2,23.4
86195.0,53.6,23.4
88199.0,53.2,23.4
90203.0,52.7,23.4
92208.0,52.3,23.4
94212.0,51.9,23.4
96217.0,51.5,23.4
98223.0,51.3,23.4
100227.0,51.0,23.4
102233.0,50.7,23.4
104237.0,50.4,23.4
106241.0,50.2,23.4
108246.0,50.0,23.4
110250.0,49.8,23.4
112256.0,49.7,23.4
114260.0,49.5,23.4
116264.0,49.4,23.4
118269.0,49.4,23.4
120273.0,49.2,23.4
122279.0,49.1,23.4
124283.0,49.1,23.4
126287.0,49.0,23.4
128292.0,48.9,23.4
130296.0,48.9,23.4
132301.0,48.8,23.3
134307.0,48.8,23.3
136311.0,48.7,23.4
138315.0,48.6,23.4
140321.0,48.6,23.3
142325.0,48.5,23.4
144329.0,48.5,23.4
146335.0,48.4,23.3
148339.0,48.4,23.4
150343.0,48.3,23.4
152349.0,48.3,23.4
154353.0,48.3,23.3
156357.0,48.2,23.4
158363.0,48.2,23.3
160367.0,48.3,23.3
162371.0,48.2,23.3
164377.0,48.1,23.3
166381.0,48.1,23.3
168385.0,48.1,23.3
170391.0,48.1,23.3
172394.0,48.1,23.3
174398.0,48.1,23.3
176404.0,48.1,23.3
178408.0,48.1,23.3
180412.0,48.0,23.3
182417.0,48.0,23.3
184423.0,48.0,23.3
186427.0,47.9,23.3
188433.0,47.9,23.3
190437.0,47.9,23.3
192441.0,47.8,23.3
194447.0,47.8,23.3
196451.0,47.9,23.3
198455.0,47.8,23.3
200461.0,47.8,23.3
202465.0,47.8,23.3
204469.0,47.8,23.3
206474.0,47.7,23.3
208478.0,47.8,23.3
210482.0,47.7,23.3
212487.0,47.7,23.3
214491.0,47.7,23.3
216497.0,47.8,23.3
218501.0,47.8,23.3
220505.0,47.8,23.3
222511.0,47.8,23.3
224515.0,47.8,23.3
226519.0,47.8,23.3
228525.0,47.8,23.3
230529.0,47.7,23.3
232533.0,47.7,23.3
234538.0,47.8,23.3
236542.0,47.8,23.3
238546.0,47.7,23.3
240551.0,47.7,23.3
242555.0,47.8,23.3
244561.0,47.8,23.3
246565.0,47.7,23.3
248569.0,47.7,23.3
250574.0,47.7,23.3
252578.0,47.7,23.3
254584.0,47.6,23.3
256588.0,47.7,23.3
258592.0,47.6,23.3
260598.0,47.6,23.3
262602.0,47.6,23.3
264606.0,47.7,23.3
266612.0,47.6,23.3
268616.0,47.6,23.3
270620.0,47.6,23.3
272626.0,47.5,23.3
274630.0,47.5,23.3
276634.0,47.6,23.3
278639.0,47.6,23.3
280643.0,47.5,23.3
282647.0,47.5,23.3
284652.0,47.5,23.3
286655.0,47.5,23.3
288661.0,47.5,23.3
290665.0,47.5,23.3
292669.0,47.5,23.3
294675.0,47.4,23.3
296679.0,47.5,23.3
298683.0,47.5,23.3
300688.0,47.5,23.3
