Time,Humidity,Temperature
0.0,48.1,23.2
2004.0,48.1,23.2
4009.0,48.2,23.2
6014.0,48.4,23.2
8018.0,48.7,23.2
10022.0,49.3,23.2
12028.0,53.9,23.4
14032.0,60.5,23.6
16036.0,65.7,23.6
18041.0,70.0,23.6
20045.0,73.5,23.6
22051.0,76.2,23.6
24055.0,78.4,23.6
26059.0,79.8,23.5
28064.0,80.1,23.5
30070.0,79.2,23.5
32074.0,77.2,23.5
34078.0,74.9,23.5
36084.0,72.3,23.5
38088.0,69.8,23.5
40093.0,67.4,23.5
42098.0,65.3,23.6
44102.0,63.4,23.6
46107.0,61.5,23.6
48112.0,59.9,23.6
50116.0,58.6,23.6
52120.0,57.4,23.6
54125.0,56.3,23.6
56131.0,55.3,23.6
58135.0,54.6,23.6
60139.0,53.8,23.6
62143.0,53.2,23.6
64147.0,52.6,23.6
66153.0,52.1,23.6
68157.0,51.6,23.6
70161.0,51.2,23.6
72165.0,50.9,23.6
74170.0,50.6,23.6
76173.0,50.3,23.6
78179.0,50.1,23.6
80183.0,49.9,23.5
82189.0,49.6,23.6
84193.0,49.5,23.5
86199.0,49.4,23.6
88203.0,49.2,23.6
90207.0,49.1,23.5
92212.0,49.0,23.5
94216.0,48.9,23.5
96222.0,48.8,23.5
98226.0,48.7,23.5
100230.0,48.6,23.5
102235.0,48.6,23.5
104239.0,48.6,23.5
106245.0,48.5,23.5
108249.0,48.5,23.5
110253.0,48.5,23.5
112259.0,48.4,23.5
114263.0,48.3,23.4
116267.0,48.3,23.5
118272.0,48.3,23.4
120276.0,48.2,23.4
122280.0,48.2,23.4
124285.0,48.2,23.4
126289.0,48.2,23.4
128293.0,48.2,23.4
130299.0,48.1,23.4
132303.0,48.1,23.4
134307.0,48.1,23.4
136313.0,48.0,23.4
138317.0,48.1,23.4
140321.0,48.0,23.4
142325.0,48.0,23.4
144330.0,47.9,23.3
146334.0,48.0,23.3
148338.0,48.0,23.4
150344.0,48.0,23.4
152348.0,48.0,23.4
154352.0,48.0,23.3
156356.0,48.0,23.3
158362.0,48.0,23.3
160366.0,47.9,23.3
162370.0,48.0,23.3
164375.0,48.0,23.3
166381.0,48.0,23.3
168385.0,48.0,23.3
170389.0,48.0,23.3
172394.0,48.0,23.3
174400.0,48.0,23.3
176404.0,47.9,23.3
178408.0,47.9,23.3
180413.0,47.9,23.3
182417.0,47.9,23.3
184423.0,47.9,23.3
186427.0,48.0,23.2
188431.0,48.0,23.2
190434.0,48.0,23.2
192439.0,48.0,23.2
194445.0,48.0,23.2
196449.0,48.0,23.2
198453.0,48.0,23.2
200457.0,48.0,23.2
202463.0,47.9,23.2
204467.0,47.9,23.2
206471.0,48.0,23.2
208475.0,48.0,23.2
210480.0,48.0,23.2
212486.0,48.0,23.2
214490.0,47.9,23.2
216494.0,48.0,23.2
218500.0,47.9,23.2
220504.0,47.9,23.2
222508.0,47.9,23.2
224514.0,47.9,23.2
226518.0,48.0,23.2
228522.0,48.0,23.1
230526.0,47.9,23.1
232531.0,47.9,23.1
234535.0,47.9,23.1
236540.0,47.9,23.1
238544.0,48.0,23.1
240549.0,48.0,23.1
242555.0,48.0,23.1
244559.0,48.0,23.1
246563.0,48.0,23.1
248569.0,47.9,23.1
250573.0,48.0,23.1
252577.0,48.0,23.1
254582.0,48.0,23.1
256588.0,48.0,23.1
258592.0,47.9,23.1
260598.0,47.9,23.1
262602.0,48.0,23.1
264606.0,47.9,23.1
266611.0,47.9,23.0
268615.0,47.9,23.1
270621.0,48.0,23.1
272625.0,48.0,23.0
274629.0,48.0,23.0
276633.0,48.0,23.1
278639.0,48.0,23.1
280643.0,48.0,23.0
282647.0,48.0,23.0
284651.0,48.0,23.0
286657.0,48.0,23.0
288661.0,48.0,23.0
290665.0,48.0,23.0
292670.0,48.0,23.0
294675.0,48.0,23.0
296679.0,48.0,23.0
298683.0,47.9,23.0
300688.0,48.0,23.0
