Time,Humidity,Temperature
0.0,48.0,23.2
2004.0,48.1,23.2
4008.0,48.0,23.2
6012.0,48.2,23.1
8018.0,48.2,23.2
10022.0,48.2,23.2
12026.0,50.0,23.6
14031.0,58.2,24.0
16036.0,64.7,24.1
18040.0,69.8,24.2
20046.0,74.1,24.2
22050.0,77.5,24.1
24054.0,80.3,24.1
26059.0,82.5,24.0
28064.0,84.4,24.0
30068.0,85.9,23.9
32074.0,87.1,23.9
34078.0,88.0,23.8
36082.0,88.6,23.8
38087.0,89.1,23.8
40091.0,89.4,23.7
42096.0,89.3,23.6
44100.0,89.1,23.6
46106.0,88.4,23.6
48110.0,87.6,23.6
50114.0,86.5,23.5
52120.0,85.2,23.5
54124.0,83.9,23.5
56128.0,82.5,23.5
58134.0,81.1,23.5
60138.0,79.7,23.5
62142.0,78.3,23.4
64148.0,76.9,23.4
66152.0,75.7,23.4
68156.0,74.4,23.4
70162.0,73.4,23.4
72166.0,72.3,23.4
74170.0,71.4,23.4
76176.0,70.4,23.4
78180.0,69.5,23.4
80184.0,68.6,23.4
82188.0,67.6,23.4
84193.0,66.6,23.4
86197.0,65.7,23.4
88201.0,64.7,23.4
90206.0,63.7,23.4
92210.0,62.9,23.4
94214.0,61.9,23.4
96220.0,61.0,23.4
98224.0,60.2,23.4
100228.0,59.5,23.4
102234.0,58.8,23.3
104239.0,58.1,23.3
106243.0,57.5,23.4
108247.0,56.9,23.3
110253.0,56.2,23.3
112257.0,55.7,23.3
114261.0,55.1,23.4
116265.0,54.6,23.4
118270.0,54.2,23.3
120275.0,53.7,23.3
122281.0,53.3,23.4
124285.0,52.9,23.4
126289.0,52.5,23.3
128294.0,52.1,23.3
130300.0,51.9,23.3
132304.0,51.6,23.3
134308.0,51.4,23.3
136313.0,51.1,23.3
138317.0,50.9,23.3
140323.0,50.7,23.3
142327.0,50.6,23.3
144331.0,50.4,23.3
146336.0,50.3,23.3
148340.0,50.2,23.3
150346.0,50.0,23.3
152350.0,49.9,23.3
154354.0,49.8,23.3
156359.0,49.7,23.3
158363.0,49.6,23.3
160369.0,49.5,23.3
162373.0,49.5,23.3
164377.0,49.4,23.3
166382.0,49.3,23.3
168386.0,49.3,23.3
170391.0,49.3,23.3
172395.0,49.2,23.3
174401.0,49.2,23.3
176405.0,49.1,23.3
178409.0,49.1,23.3
180415.0,49.0,23.3
182419.0,48.9,23.3
184423.0,49.0,23.3
186428.0,48.9,23.3
188432.0,48.8,23.3
190436.0,48.8,23.3
192442.0,48.8,23.3
194446.0,48.8,23.3
196449.0,48.7,23.3
198456.0,48.7,23.3
200459.0,48.6,23.3
202463.0,48.6,23.3
204468.0,48.6,23.3
206473.0,48.6,23.3
208477.0,48.6,23.3
210481.0,48.5,23.3
212486.0,48.5,23.3
214490.0,48.5,23.3
216496.0,48.5,23.3
218500.0,48.5,23.3
220506.0,48.5,23.3
222510.0,48.4,23.3
224514.0,48.5,23.3
226520.0,48.4,23.2
228524.0,48.4,23.3
230528.0,48.4,23.3
232534.0,48.3,23.2
234538.0,48.3,23.3
236542.0,48.3,23.3
238548.0,48.2,23.3
240552.0,48.2,23.3
242556.0,48.2,23.2
244561.0,48.1,23.3
246566.0,48.2,23.2
248570.0,48.2,23.3
250574.0,48.2,23.2
252580.0,48.2,23.2
254584.0,48.1,23.3
256588.0,48.1,23.3
258594.0,48.1,23.3
260598.0,48.1,23.2
262602.0,48.1,23.2
264606.0,48.1,23.3
266612.0,48.1,23.2
268616.0,48.1,23.2
270620.0,48.0,23.2
272624.0,48.0,23.2
274630.0,48.1,23.2
276634.0,48.0,23.3
278638.0,48.0,23.2
280642.0,47.9,23.2
282648.0,47.9,23.2
284652.0,47.9,23.2
286656.0,47.9,23.2
288662.0,47.9,23.2
290666.0,47.9,23.2
292670.0,47.9,23.2
294676.0,47.9,23.2
296680.0,47.9,23.2
298684.0,47.9,23.2
300690.0,47.9,23.2
