Time,Humidity,Temperature
0.0,47.8,23.3
2004.0,47.8,23.3
4008.0,47.8,23.3
6014.0,47.9,23.3
8018.0,48.0,23.3
10022.0,48.0,23.3
12028.0,50.3,23.8
14032.0,59.1,24.2
16036.0,65.7,24.4
18042.0,71.0,24.5
20046.0,75.3,24.5
22050.0,78.7,24.4
24055.0,81.6,24.4
26060.0,83.9,24.3
28064.0,85.7,24.3
30070.0,87.2,24.3
32074.0,88.4,24.2
34077.0,89.5,24.2
36082.0,90.3,24.1
38086.0,90.9,24.1
40090.0,91.4,24.0
42095.0,91.8,24.0
44100.0,92.1,23.9
46104.0,92.4,23.9
48110.0,92.4,23.9
50114.0,92.4,23.8
52118.0,92.3,23.7
54123.0,92.0,23.7
56127.0,91.5,23.7
58131.0,90.9,23.6
60136.0,90.3,23.6
62140.0,89.3,23.6
64146.0,88.3,23.6
66150.0,87.0,23.5
68154.0,85.6,23.6
70160.0,84.3,23.5
72164.0,82.8,23.5
74168.0,81.3,23.5
76174.0,79.9,23.5
78178.0,78.5,23.5
80182.0,77.3,23.5
82187.0,76.1,23.5
84191.0,74.9,23.4
86197.0,73.8,23.4
88201.0,72.7,23.4
90205.0,71.7,23.4
92211.0,70.6,23.4
94215.0,69.6,23.4
96219.0,68.6,23.4
98224.0,67.6,23.4
100230.0,66.6,23.4
102234.0,65.6,23.4
104238.0,64.6,23.4
106243.0,63.6,23.4
108248.0,62.6,23.4
110252.0,61.6,23.4
112256.0,60.7,23.4
114261.0,59.8,23.4
116266.0,59.0,23.4
118270.0,58.2,23.4
120274.0,57.4,23.4
122280.0,56.7,23.4
124285.0,56.0,23.4
126289.0,55.4,23.4
128293.0,54.8,23.4
130297.0,54.4,23.4
132301.0,53.9,23.4
134306.0,53.5,23.4
136311.0,53.1,23.4
138315.0,52.8,23.4
140320.0,52.5,23.4
142325.0,52.2,23.4
144328.0,51.9,23.4
146332.0,51.7,23.4
148338.0,51.5,23.4
150342.0,51.3,23.4
152346.0,51.1,23.4
154351.0,50.9,23.4
156355.0,50.9,23.4
158361.0,50.7,23.4
160365.0,50.6,23.4
162369.0,50.5,23.4
164374.0,50.3,23.3
166378.0,50.3,23.3
168384.0,50.2,23.4
170388.0,50.1,23.3
172394.0,49.9,23.3
174398.0,49.9,23.3
176402.0,49.8,23.3
178407.0,49.7,23.3
180411.0,49.7,23.3
182416.0,49.5,23.3
184420.0,49.6,23.3
186424.0,49.4,23.3
188429.0,49.4,23.3
190433.0,49.4,23.3
192439.0,49.3,23.3
194443.0,49.3,23.3
196448.0,49.2,23.3
198453.0,49.2,23.3
200457.0,49.1,23.3
202463.0,49.1,23.3
204467.0,49.0,23.3
206471.0,49.0,23.3
208477.0,49.0,23.3
210481.0,48.9,23.3
212485.0,48.9,23.3
214490.0,48.9,23.3
216494.0,48.8,23.3
218498.0,48.8,23.3
220504.0,48.8,23.3
222508.0,48.7,23.3
224512.0,48.8,23.3
226518.0,48.7,23.3
228522.0,48.7,23.3
230526.0,48.7,23.3
232532.0,48.6,23.3
234536.0,48.6,23.3
236540.0,48.5,23.3
238546.0,48.6,23.3
240550.0,48.6,23.3
242554.0,48.6,23.3
244560.0,48.6,23.3
246564.0,48.5,23.3
248568.0,48.5,23.3
250573.0,48.5,23.3
252577.0,48.5,23.3
254583.0,48.5,23.3
256587.0,48.5,23.3
258590.0,48.5,23.3
260595.0,48.5,23.3
262599.0,48.4,23.3
264605.0,48.4,23.3
266609.0,48.4,23.3
268613.0,48.4,23.3
270619.0,48.4,23.3
272623.0,48.4,23.3
274627.0,48.4,23.3
276632.0,48.4,23.3
278637.0,48.4,23.3
280641.0,48.4,23.3
282646.0,48.4,23.3
284651.0,48.3,23.3
286655.0,48.3,23.3
288661.0,48.3,23.3
290665.0,48.3,23.3
292669.0,48.3,23.3
294675.0,48.3,23.3
296679.0,48.2,23.3
298683.0,48.3,23.2
300689.0,48.2,23.3
