Time,Humidity,Temperature
0.0,48.2,22.8
2005.0,48.2,22.9
4011.0,48.2,22.9
6015.0,48.3,22.9
8019.0,48.6,22.9
10025.0,49.0,22.8
12029.0,53.9,23.1
14032.0,59.7,23.2
16037.0,64.5,23.3
18044.0,68.3,23.3
20047.0,71.5,23.3
22051.0,74.0,23.2
24057.0,75.8,23.2
26061.0,76.7,23.2
28065.0,76.9,23.2
30071.0,76.3,23.2
32075.0,75.2,23.2
34079.0,73.7,23.2
36085.0,72.2,23.2
38089.0,70.8,23.2
40093.0,69.4,23.2
42097.0,68.1,23.2
44102.0,66.7,23.2
46107.0,65.3,23.2
48111.0,64.0,23.2
50115.0,62.8,23.2
52120.0,61.8,23.2
54126.0,60.7,23.2
56130.0,59.9,23.2
58134.0,59.1,23.2
60139.0,58.4,23.2
62144.0,57.8,23.2
64150.0,57.2,23.2
66154.0,56.7,23.2
68158.0,56.0,23.2
70162.0,55.5,23.2
72167.0,55.0,23.2
74172.0,54.4,23.2
76177.0,53.9,23.2
78182.0,53.4,23.2
80187.0,52.9,23.2
82191.0,52.4,23.2
84195.0,52.0,23.2
86200.0,51.7,23.2
88206.0,51.3,23.1
90210.0,51.1,23.2
92214.0,50.8,23.2
94219.0,50.5,23.2
96223.0,50.3,23.2
98228.0,50.1,23.2
100232.0,50.0,23.2
102236.0,49.8,23.1
104242.0,49.6,23.1
106246.0,49.5,23.1
108252.0,49.4,23.2
110256.0,49.3,23.1
112260.0,49.2,23.1
114265.0,49.2,23.1
116269.0,49.0,23.1
118275.0,49.0,23.1
120279.0,48.9,23.1
122283.0,48.9,23.1
124289.0,48.9,23.1
126293.0,48.8,23.1
128297.0,48.7,23.1
130302.0,48.8,23.1
132306.0,48.7,23.1
134312.0,48.6,23.1
136316.0,48.6,23.1
138320.0,48.5,23.1
140324.0,48.6,23.1
142328.0,48.5,23.1
144333.0,48.5,23.1
146337.0,48.5,23.1
148343.0,48.5,23.1
150347.0,48.5,23.0
152351.0,48.4,23.1
154357.0,48.4,23.0
156361.0,48.4,23.0
158365.0,48.4,23.1
160371.0,48.4,23.0
162375.0,48.4,23.1
164379.0,48.4,23.0
166385.0,48.4,23.0
168389.0,48.3,23.0
170393.0,48.3,23.0
172398.0,48.3,23.0
174403.0,48.3,23.0
176407.0,48.3,23.0
178412.0,48.3,23.0
180417.0,48.3,23.0
182421.0,48.2,23.0
184425.0,48.3,23.0
186431.0,48.2,23.0
188435.0,48.2,23.0
190439.0,48.2,23.0
192445.0,48.2,23.0
194449.0,48.2,23.0
196453.0,48.2,23.0
198457.0,48.2,23.0
200463.0,48.2,23.0
202467.0,48.1,23.0
204471.0,48.2,23.0
206476.0,48.2,23.0
208482.0,48.2,23.0
210486.0,48.2,22.9
212490.0,48.2,23.0
214496.0,48.2,23.0
216500.0,48.2,23.0
218504.0,48.2,23.0
220508.0,48.2,23.0
222514.0,48.2,23.0
224518.0,48.2,23.0
226522.0,48.2,23.0
228527.0,48.2,22.9
230533.0,48.2,22.9
232537.0,48.2,23.0
234541.0,48.2,22.9
236546.0,48.2,22.9
238551.0,48.2,23.0
240555.0,48.2,22.9
242559.0,48.1,22.9
244565.0,48.1,22.9
246569.0,48.1,22.9
248573.0,48.2,22.9
250578.0,48.2,22.9
252584.0,48.2,22.9
254588.0,48.2,22.9
256591.0,48.2,22.9
258596.0,48.2,22.9
260602.0,48.2,22.9
262606.0,48.3,22.9
264610.0,48.3,22.9
266616.0,48.3,22.9
268620.0,48.2,22.9
270624.0,48.2,22.9
272629.0,48.2,22.9
274635.0,48.2,22.9
276639.0,48.2,22.9
278643.0,48.2,22.9
280647.0,48.3,22.9
282653.0,48.2,22.9
284657.0,48.2,22.9
286661.0,48.2,22.9
288666.0,48.2,22.9
290672.0,48.2,22.9
292676.0,48.1,22.9
294680.0,48.2,22.9
296685.0,48.2,22.8
298690.0,48.2,22.8
300694.0,48.2,22.9
