Time,Humidity,Temperature
0.0,48.4,22.8
2005.0,48.5,22.8
4009.0,48.5,22.8
6013.0,48.5,22.8
8019.0,48.5,22.8
10023.0,49.0,22.8
12027.0,50.2,22.8
14033.0,55.9,23.1
16037.0,61.2,23.2
18040.0,65.7,23.2
20045.0,69.2,23.2
22052.0,72.0,23.2
24055.0,74.0,23.2
26059.0,75.4,23.2
28065.0,75.9,23.2
30069.0,76.0,23.2
32073.0,75.7,23.2
34078.0,75.3,23.2
36082.0,74.7,23.2
38087.0,73.8,23.2
40093.0,73.0,23.2
42097.0,71.8,23.2
44101.0,70.8,23.2
46106.0,69.4,23.2
48112.0,68.1,23.2
50116.0,66.8,23.2
52120.0,65.4,23.2
54124.0,64.1,23.2
56130.0,62.9,23.2
58134.0,61.8,23.2
60138.0,60.8,23.2
62142.0,59.8,23.2
64146.0,58.9,23.2
66152.0,58.0,23.2
68156.0,57.2,23.2
70160.0,56.3,23.2
72164.0,55.6,23.2
74169.0,54.9,23.2
76175.0,54.3,23.2
78180.0,53.8,23.2
80184.0,53.3,23.2
82188.0,52.8,23.2
84193.0,52.4,23.2
86199.0,52.1,23.2
88203.0,51.8,23.2
90207.0,51.5,23.2
92211.0,51.2,23.2
94217.0,51.0,23.2
96221.0,50.8,23.2
98225.0,50.6,23.2
100231.0,50.4,23.2
102235.0,50.3,23.2
104239.0,50.2,23.1
106244.0,50.1,23.1
108248.0,50.0,23.1
110253.0,49.9,23.1
112257.0,49.8,23.1
114262.0,49.7,23.1
116266.0,49.7,23.1
118272.0,49.7,23.1
120276.0,49.6,23.1
122280.0,49.6,23.1
124285.0,49.5,23.1
126289.0,49.4,23.1
128295.0,49.4,23.1
130299.0,49.4,23.1
132305.0,49.3,23.1
134309.0,49.3,23.1
136312.0,49.2,23.1
138317.0,49.2,23.1
140321.0,49.2,23.1
142327.0,49.1,23.1
144331.0,49.1,23.1
146337.0,49.1,23.1
148341.0,49.0,23.1
150345.0,49.1,23.1
152350.0,49.0,23.1
154354.0,49.0,23.1
156359.0,48.9,23.0
158364.0,49.0,23.1
160368.0,49.0,23.1
162374.0,48.9,23.1
164378.0,48.9,23.1
166382.0,48.8,23.1
168388.0,48.8,23.1
170392.0,48.7,23.1
172397.0,48.7,23.1
174401.0,48.7,23.1
176405.0,48.7,23.0
178410.0,48.6,23.0
180414.0,48.6,23.0
182420.0,48.6,23.0
184424.0,48.6,23.0
186428.0,48.6,23.0
188434.0,48.6,23.0
190438.0,48.6,23.0
192442.0,48.6,23.0
194447.0,48.6,23.0
196451.0,48.6,23.0
198455.0,48.6,23.0
200460.0,48.6,23.0
202464.0,48.5,23.0
204469.0,48.5,23.0
206474.0,48.6,23.0
208478.0,48.6,23.0
210484.0,48.5,23.0
212488.0,48.5,23.0
214492.0,48.5,23.0
216498.0,48.5,23.0
218502.0,48.5,23.0
220506.0,48.5,23.0
222512.0,48.5,23.0
224516.0,48.5,23.0
226520.0,48.5,23.0
228525.0,48.5,23.0
230530.0,48.5,23.0
232534.0,48.4,22.9
234538.0,48.5,23.0
236543.0,48.4,23.0
238547.0,48.4,23.0
240551.0,48.5,23.0
242556.0,48.5,22.9
244560.0,48.4,22.9
246564.0,48.5,22.9
248568.0,48.5,22.9
250572.0,48.5,22.9
252577.0,48.5,22.9
254582.0,48.4,22.9
256586.0,48.5,22.9
258592.0,48.5,22.9
260596.0,48.5,22.9
262600.0,48.5,22.9
264606.0,48.5,22.9
266610.0,48.4,22.9
268614.0,48.4,22.9
270619.0,48.4,22.9
272624.0,48.4,22.9
274628.0,48.4,22.9
276632.0,48.4,22.9
278638.0,48.4,22.9
280642.0,48.4,22.9
282646.0,48.4,22.9
284652.0,48.3,22.9
286656.0,48.4,22.9
288660.0,48.4,22.9
290664.0,48.4,22.9
292670.0,48.4,22.9
294674.0,48.4,22.9
296678.0,48.4,22.9
298684.0,48.4,22.9
300688.0,48.4,22.9
