Time,Humidity,Temperature
0.0,48.2,23.3
2005.0,48.2,23.3
4011.0,48.2,23.2
6015.0,48.2,23.3
8019.0,48.3,23.3
10025.0,48.3,23.3
12029.0,48.7,23.3
14033.0,55.4,23.8
16039.0,61.7,23.9
18043.0,66.6,23.9
20047.0,70.6,23.9
22052.0,74.0,23.9
24056.0,76.8,23.9
26061.0,78.9,23.8
28067.0,80.7,23.8
30071.0,81.7,23.8
32075.0,82.3,23.7
34081.0,82.4,23.7
36085.0,82.0,23.7
38089.0,81.3,23.6
40093.0,80.5,23.6
42098.0,79.4,23.6
44103.0,78.2,23.6
46107.0,76.9,23.6
48111.0,75.7,23.5
50116.0,74.4,23.5
52120.0,73.1,23.5
54126.0,71.9,23.5
56130.0,70.7,23.5
58134.0,69.5,23.5
60140.0,68.4,23.5
62144.0,67.3,23.5
64148.0,66.3,23.5
66154.0,65.4,23.5
68158.0,64.5,23.5
70162.0,63.5,23.5
72168.0,62.7,23.5
74172.0,61.8,23.5
76175.0,61.0,23.5
78181.0,60.2,23.5
80185.0,59.5,23.5
82189.0,58.9,23.5
84193.0,58.1,23.5
86199.0,57.6,23.5
88203.0,57.0,23.5
90207.0,56.5,23.5
92211.0,56.0,23.5
94217.0,55.5,23.5
96221.0,55.1,23.5
98225.0,54.7,23.5
100229.0,54.3,23.4
102234.0,54.0,23.5
104240.0,53.7,23.5
106244.0,53.3,23.5
108248.0,53.0,23.4
110254.0,52.7,23.4
112258.0,52.4,23.4
114262.0,52.2,23.4
116266.0,51.9,23.4
118272.0,51.6,23.5
120276.0,51.3,23.4
122280.0,51.1,23.4
124285.0,50.8,23.4
126289.0,50.6,23.4
128295.0,50.4,23.4
130299.0,50.3,23.4
132303.0,50.1,23.4
134308.0,50.0,23.4
136312.0,49.8,23.4
138318.0,49.7,23.4
140322.0,49.6,23.4
142326.0,49.5,23.4
144331.0,49.4,23.4
146335.0,49.3,23.4
148341.0,49.2,23.4
150345.0,49.2,23.4
152349.0,49.1,23.4
154354.0,49.0,23.4
156358.0,49.0,23.4
158364.0,48.9,23.4
160368.0,48.9,23.4
162372.0,48.9,23.4
164378.0,48.8,23.4
166382.0,48.8,23.4
168386.0,48.8,23.4
170392.0,48.7,23.4
172396.0,48.7,23.4
174400.0,48.6,23.4
176406.0,48.6,23.4
178410.0,48.5,23.3
180414.0,48.5,23.4
182420.0,48.5,23.4
184424.0,48.5,23.4
186428.0,48.4,23.3
188434.0,48.4,23.4
190437.0,48.4,23.3
192441.0,48.3,23.3
194447.0,48.4,23.3
196451.0,48.3,23.3
198455.0,48.3,23.3
200461.0,48.3,23.3
202465.0,48.3,23.3
204469.0,48.3,23.3
206474.0,48.3,23.3
208478.0,48.3,23.3
210483.0,48.2,23.3
212488.0,48.3,23.3
214492.0,48.2,23.3
216498.0,48.3,23.3
218502.0,48.2,23.3
220506.0,48.3,23.3
222512.0,48.3,23.3
224516.0,48.2,23.3
226520.0,48.2,23.3
228525.0,48.2,23.3
230531.0,48.2,23.3
232535.0,48.1,23.3
234539.0,48.2,23.3
236545.0,48.1,23.3
238549.0,48.1,23.3
240553.0,48.1,23.3
242559.0,48.1,23.3
244563.0,48.1,23.3
246567.0,48.1,23.3
248573.0,48.1,23.3
250577.0,48.1,23.3
252581.0,48.1,23.3
254587.0,48.1,23.3
256591.0,48.1,23.3
258595.0,48.0,23.2
260600.0,48.0,23.3
262606.0,48.1,23.3
264610.0,48.1,23.3
266614.0,48.0,23.3
268620.0,48.0,23.3
270624.0,48.0,23.3
272628.0,48.0,23.3
274632.0,48.0,23.3
276637.0,48.0,23.3
278643.0,48.0,23.3
280647.0,48.0,23.2
282651.0,48.0,23.3
284656.0,48.0,23.3
286662.0,47.9,23.2
288666.0,48.0,23.2
290670.0,48.0,23.3
292676.0,47.9,23.3
294680.0,47.9,23.2
296684.0,47.9,23.3
298689.0,48.0,23.2
300694.0,47.9,23.2
