Time,Humidity,Temperature
3,43.90,23.80
2007,44.00,23.80
4011,43.80,23.80
6014,43.60,23.80
8018,43.60,23.80
10024,43.70,23.80
12028,43.80,23.80
14032,51.80,24.60
16036,59.50,24.80
18040,65.70,24.90
20046,70.60,24.90
22050,74.60,24.90
24054,77.70,24.80
26058,80.20,24.80
28062,82.20,24.70
30066,83.80,24.60
32072,85.00,24.60
34076,86.10,24.50
36080,86.80,24.40
38084,87.30,24.40
40088,87.70,24.30
42094,87.80,24.30
44098,87.70,24.20
46102,87.20,24.10
48106,86.30,24.10
50111,84.90,24.10
52117,83.10,24.00
54122,81.10,24.00
56126,79.20,24.00
58130,77.10,24.00
60134,75.10,24.00
62138,73.10,23.90
64144,71.20,23.90
66148,69.20,23.90
68152,67.40,23.90
70156,65.60,23.90
72160,63.90,23.90
74166,62.30,23.90
76170,60.60,23.90
78174,58.90,23.90
80180,57.30,23.90
82184,55.80,23.90
84188,54.40,23.90
86192,53.20,23.90
88196,52.00,23.90
90201,50.90,23.90
92205,50.00,23.90
94209,49.10,23.80
96214,48.30,23.90
98217,47.70,23.80
100221,47.00,23.90
102225,46.60,23.80
104231,46.10,23.80
106235,45.70,23.80
108239,45.30,23.80
110243,45.00,23.80
112249,44.70,23.80
114253,44.50,23.80
116257,44.30,23.80
118263,44.10,23.80
120267,43.90,23.80
122271,43.70,23.80
124275,43.60,23.80
126281,43.50,23.70
128286,43.40,23.70
130290,43.20,23.70
132294,43.20,23.70
134298,43.00,23.70
136303,42.90,23.70
138307,42.90,23.70
140311,42.80,23.70
142317,42.70,23.70
144321,42.70,23.70
146325,42.60,23.60
148329,42.50,23.60
150335,42.50,23.60
152340,42.50,23.60
154344,42.40,23.60
156348,42.40,23.60
158352,42.40,23.60
160356,42.30,23.60
162362,42.30,23.60
164366,42.30,23.60
166370,42.30,23.60
168374,42.30,23.60
170378,42.30,23.60
172384,42.20,23.60
174388,42.20,23.50
176392,42.20,23.60
178396,42.20,23.50
180400,42.30,23.50
182406,42.20,23.50
184410,42.20,23.50
186414,42.20,23.50
188418,42.20,23.50
190422,42.20,23.50
192428,42.10,23.50
194432,42.10,23.50
196435,42.20,23.50
198439,42.10,23.40
200443,42.10,23.40