Time,Humidity,Temperature
0.0,48.7,22.9
2004.0,48.7,22.9
4009.0,48.7,22.9
6013.0,48.7,22.9
8019.0,48.8,22.9
10023.0,49.0,22.9
12027.0,49.9,22.9
14032.0,56.9,23.2
16037.0,62.9,23.4
18041.0,67.6,23.4
20045.0,71.5,23.4
22051.0,74.8,23.4
24055.0,77.5,23.4
26059.0,79.6,23.4
28064.0,81.2,23.4
30070.0,82.4,23.3
32074.0,83.1,23.3
34078.0,83.1,23.3
36083.0,82.6,23.3
38087.0,81.7,23.3
40091.0,80.4,23.3
42096.0,79.0,23.3
44102.0,77.5,23.3
46106.0,75.8,23.2
48110.0,74.0,23.3
50116.0,72.2,23.3
52120.0,70.4,23.2
54124.0,68.8,23.3
56129.0,67.2,23.3
58135.0,65.7,23.2
60139.0,64.4,23.3
62142.0,63.2,23.3
64147.0,62.0,23.2
66153.0,60.9,23.3
68157.0,59.9,23.3
70161.0,58.9,23.2
72166.0,58.0,23.3
74172.0,57.1,23.2
76176.0,56.3,23.2
78180.0,55.5,23.2
80184.0,54.9,23.2
82189.0,54.3,23.2
84195.0,53.8,23.2
86199.0,53.3,23.2
88203.0,52.8,23.2
90208.0,52.5,23.2
92214.0,52.2,23.2
94218.0,51.8,23.2
96222.0,51.5,23.2
98226.0,51.3,23.2
100232.0,51.1,23.2
102236.0,50.8,23.2
104240.0,50.7,23.2
106245.0,50.5,23.2
108249.0,50.4,23.2
110253.0,50.3,23.2
112258.0,50.1,23.2
114262.0,50.0,23.1
116268.0,50.0,23.2
118272.0,49.9,23.1
120276.0,49.8,23.2
122281.0,49.7,23.1
124285.0,49.7,23.1
126291.0,49.6,23.1
128295.0,49.6,23.1
130300.0,49.5,23.1
132304.0,49.5,23.1
134309.0,49.4,23.1
136313.0,49.4,23.1
138317.0,49.4,23.1
140322.0,49.3,23.1
142326.0,49.3,23.1
144331.0,49.2,23.1
146335.0,49.2,23.1
148340.0,49.2,23.1
150345.0,49.2,23.1
152349.0,49.1,23.1
154354.0,49.1,23.1
156358.0,49.0,23.1
158364.0,49.0,23.1
160368.0,49.1,23.1
162372.0,49.0,23.0
164378.0,49.0,23.1
166382.0,48.9,23.1
168386.0,48.9,23.0
170392.0,48.9,23.0
172396.0,48.9,23.0
174400.0,48.9,23.0
176405.0,48.9,23.0
178409.0,48.9,23.0
180413.0,48.8,23.0
182417.0,48.9,23.0
184422.0,48.8,23.0
186426.0,48.8,23.0
188430.0,48.8,23.0
190435.0,48.8,23.0
192439.0,48.8,23.0
194445.0,48.7,23.0
196449.0,48.8,23.0
198453.0,48.7,23.0
200458.0,48.7,23.0
202462.0,48.7,23.0
204468.0,48.7,23.0
206472.0,48.7,23.0
208476.0,48.7,23.0
210481.0,48.7,23.0
212485.0,48.7,23.0
214491.0,48.7,23.0
216495.0,48.7,23.0
218499.0,48.7,23.0
220504.0,48.7,22.9
222508.0,48.7,23.0
224514.0,48.6,23.0
226518.0,48.7,23.0
228522.0,48.6,23.0
230527.0,48.6,22.9
232531.0,48.6,23.0
234536.0,48.6,22.9
236541.0,48.6,22.9
238545.0,48.6,23.0
240550.0,48.5,23.0
242555.0,48.6,22.9
244559.0,48.5,22.9
246565.0,48.6,23.0
248569.0,48.6,22.9
250573.0,48.6,22.9
252578.0,48.6,22.9
254583.0,48.6,22.9
256587.0,48.6,22.9
258593.0,48.5,22.9
260597.0,48.6,22.9
262601.0,48.6,22.9
264607.0,48.5,22.9
266611.0,48.5,22.9
268615.0,48.5,22.9
270621.0,48.5,22.9
272625.0,48.5,22.9
274629.0,48.5,22.9
276634.0,48.5,22.9
278638.0,48.5,22.9
280644.0,48.5,22.9
282648.0,48.5,22.9
284652.0,48.5,22.9
286658.0,48.5,22.9
288662.0,48.5,22.9
290665.0,48.5,22.9
292670.0,48.5,22.9
294674.0,48.5,22.9
296678.0,48.5,22.9
298683.0,48.5,22.9
300687.0,48.5,22.9
