Time,Humidity,Temperature
4,38.10,25.70
2008,38.20,25.70
4013,38.10,25.70
6018,38.30,25.70
8023,38.20,25.70
10028,38.40,25.70
12033,39.40,25.70
14038,48.30,25.80
16043,56.20,25.90
18049,62.30,25.90
20052,66.70,25.90
22056,68.60,25.90
24060,68.80,25.90
26064,67.40,25.80
28068,65.20,25.80
30072,63.00,25.80
32076,60.70,25.80
34080,58.70,25.80
36084,56.90,25.80
38089,55.10,25.80
40094,53.30,25.80
42098,51.70,25.80
44102,50.00,25.80
46106,48.60,25.80
48112,47.30,25.80
50117,46.10,25.80
52122,45.20,25.80
54126,44.30,25.80
56130,43.50,25.80
58134,42.90,25.80
60138,42.40,25.80
62142,41.90,25.80
64146,41.50,25.80
66151,41.20,25.80
68155,40.90,25.80
70160,40.60,25.80
72165,40.40,25.80
74170,40.20,25.80
76175,40.10,25.80