Time,Humidity,Temperature
3,38.10,26.60
2007,37.90,26.60
4011,37.70,26.60
6014,37.70,26.60
8018,37.60,26.60
10022,37.80,26.60
12026,41.90,26.90
14030,54.90,27.30
16034,64.30,27.50
18038,70.80,27.50
20042,75.30,27.50
22047,78.60,27.40
24052,80.90,27.40
26058,82.50,27.30
28063,83.50,27.30
30068,84.10,27.20
32072,84.00,27.10
34076,83.50,27.10
36080,82.50,27.00
38084,80.90,26.90
40089,78.80,26.90
42094,76.10,26.90
44100,73.00,26.80
46104,70.30,26.80
48108,68.00,26.80
50112,65.90,26.80
52116,63.90,26.80
54121,62.10,26.80
56127,60.60,26.70
58132,58.90,26.80
60136,57.10,26.80
62140,55.50,26.80
64144,53.90,26.80
66148,52.60,26.80
68152,51.40,26.80
70156,50.20,26.80
72160,49.10,26.80
74164,48.20,26.80
76168,47.20,26.80