Time,Humidity,Temperature
3,37.70,27.50
2007,37.70,27.50
4011,37.50,27.50
6014,37.60,27.50
8018,37.60,27.50
10022,37.60,27.50
12026,39.90,27.60
14031,53.50,28.00
16036,63.10,28.20
18041,70.20,28.30
20045,75.20,28.30
22049,78.80,28.20
24053,81.30,28.20
26057,82.80,28.10
28062,83.90,28.10
30067,84.40,28.00
32073,84.40,27.90
34077,83.90,27.90
36081,82.70,27.80
38085,80.70,27.80
40089,78.10,27.70
42093,75.40,27.70
44099,72.70,27.70
46103,70.10,27.70
48107,67.40,27.70
50111,64.80,27.60
52115,62.30,27.60
54119,59.90,27.60
56124,57.70,27.60
58129,55.50,27.60
60135,53.50,27.70
62139,51.60,27.60
64145,49.90,27.60
66149,48.50,27.60
68153,47.30,27.60
70157,46.10,27.70
72162,45.20,27.60
74168,44.50,27.70
76172,43.70,27.70