Time,Humidity,Temperature
0.0,48.6,22.8
2004.0,48.7,22.9
4009.0,48.7,22.8
6013.0,48.7,22.8
8017.0,48.8,22.8
10023.0,49.1,22.8
12027.0,52.4,22.9
14031.0,59.9,23.5
16036.0,65.9,23.6
18041.0,70.8,23.7
20045.0,74.7,23.6
22051.0,78.0,23.6
24055.0,80.6,23.6
26059.0,82.8,23.5
28063.0,84.6,23.5
30068.0,85.9,23.4
32072.0,87.1,23.4
34076.0,88.0,23.3
36081.0,88.7,23.3
38085.0,89.2,23.2
40091.0,89.5,23.2
42095.0,89.5,23.2
44099.0,89.1,23.1
46104.0,88.3,23.1
48108.0,86.8,23.1
50114.0,85.0,23.1
52118.0,83.0,23.1
54122.0,80.9,23.1
56128.0,78.7,23.1
58132.0,76.4,23.1
60136.0,74.2,23.1
62141.0,72.0,23.1
64145.0,69.8,23.1
66151.0,67.7,23.1
68155.0,65.9,23.1
70159.0,64.2,23.1
72165.0,62.6,23.1
74169.0,61.2,23.1
76173.0,59.9,23.1
78177.0,58.8,23.1
80183.0,57.8,23.1
82187.0,57.0,23.1
84191.0,56.2,23.1
86196.0,55.4,23.1
88202.0,54.8,23.1
90205.0,54.3,23.1
92209.0,53.7,23.1
94213.0,53.3,23.1
96218.0,52.9,23.1
98222.0,52.6,23.1
100228.0,52.3,23.1
102232.0,51.9,23.1
104236.0,51.7,23.1
106241.0,51.4,23.1
108247.0,51.3,23.1
110251.0,51.0,23.1
112257.0,50.9,23.1
114261.0,50.8,23.1
116267.0,50.6,23.1
118271.0,50.5,23.1
120275.0,50.4,23.1
122280.0,50.3,23.1
124284.0,50.2,23.0
126289.0,50.1,23.1
128293.0,50.0,23.0
130299.0,49.9,23.1
132303.0,49.9,23.0
134308.0,49.8,23.0
136313.0,49.7,23.0
138317.0,49.6,23.0
140323.0,49.6,23.0
142327.0,49.5,23.0
144331.0,49.5,23.0
146336.0,49.4,23.0
148340.0,49.4,23.0
150346.0,49.3,23.0
152350.0,49.2,23.0
154354.0,49.2,23.0
156359.0,49.2,23.0
158363.0,49.1,23.0
160367.0,49.1,23.0
162372.0,49.1,23.0
164376.0,49.1,23.0
166382.0,49.0,23.0
168386.0,49.0,23.0
170390.0,49.0,23.0
172395.0,49.0,23.0
174400.0,48.9,23.0
176404.0,48.9,23.0
178408.0,48.9,23.0
180414.0,48.9,23.0
182418.0,48.9,23.0
184422.0,48.9,23.0
186428.0,48.8,23.0
188432.0,48.8,23.0
190436.0,48.8,23.0
192442.0,48.8,23.0
194446.0,48.8,23.0
196450.0,48.7,23.0
198455.0,48.8,23.0
200459.0,48.8,22.9
202463.0,48.8,23.0
204468.0,48.7,22.9
206471.0,48.7,23.0
208477.0,48.7,22.9
210481.0,48.7,23.0
212486.0,48.7,23.0
214490.0,48.6,22.9
216494.0,48.7,22.9
218500.0,48.7,22.9
220504.0,48.6,23.0
222508.0,48.6,22.9
224513.0,48.7,22.9
226517.0,48.6,22.9
228522.0,48.7,22.9
230526.0,48.7,22.9
232530.0,48.6,22.9
234536.0,48.6,22.9
236540.0,48.6,22.9
238544.0,48.6,22.9
240550.0,48.6,22.9
242554.0,48.6,22.9
244558.0,48.6,22.9
246564.0,48.6,22.9
248568.0,48.6,22.9
250572.0,48.6,22.9
252578.0,48.6,22.9
254582.0,48.5,22.9
256586.0,48.6,22.9
258592.0,48.5,22.9
260596.0,48.5,22.9
262600.0,48.5,22.9
264605.0,48.5,22.9
266609.0,48.5,22.9
268614.0,48.5,22.9
270619.0,48.5,22.9
272623.0,48.5,22.9
274629.0,48.5,22.9
276633.0,48.5,22.9
278637.0,48.5,22.9
280643.0,48.5,22.9
282647.0,48.5,22.9
284651.0,48.5,22.9
286656.0,48.5,22.9
288660.0,48.5,22.8
290664.0,48.5,22.9
292669.0,48.5,22.9
294673.0,48.5,22.8
296678.0,48.5,22.8
298683.0,48.5,22.9
300687.0,48.5,22.8
