Time,Humidity,Temperature
3,41.70,24.70
2007,41.70,24.70
4011,41.60,24.70
6014,41.70,24.60
8018,41.60,24.70
10022,41.70,24.60
12026,44.00,25.00
14031,54.10,25.80
16035,62.40,26.00
18040,68.80,26.00
20045,73.80,26.00
22050,77.80,26.00
24055,81.00,25.90
26060,83.40,25.90
28065,85.30,25.80
30070,86.80,25.80
32075,88.00,25.70
34081,89.00,25.60
36086,89.80,25.60
38090,90.30,25.50
40094,90.70,25.50
42098,91.00,25.40
44104,91.30,25.40
46108,91.50,25.30
48112,91.50,25.30
50116,91.50,25.20
52121,91.30,25.20
54126,91.10,25.10
56130,90.70,25.10
58134,90.00,25.00
60139,89.40,25.00
62143,88.30,24.90
64147,87.10,24.90
66151,85.70,24.90
68157,84.10,24.90
70162,82.50,24.80
72166,81.00,24.80
74170,79.40,24.80
76174,77.90,24.80
78178,76.20,24.80
80183,74.50,24.80
82189,73.00,24.80
84193,71.30,24.80
86197,69.60,24.80
88201,68.00,24.80
90205,66.50,24.70
92209,65.00,24.80
94213,63.80,24.80
96219,62.60,24.70
98223,61.50,24.70
100227,60.40,24.80
102231,59.20,24.70
104236,58.10,24.80
106242,56.90,24.80
108246,55.90,24.80
110249,54.90,24.80
112253,54.00,24.70
114258,53.00,24.80
116263,52.00,24.80
118267,51.30,24.80
120272,50.50,24.70
122276,49.90,24.80
124280,49.20,24.70
126286,48.70,24.80
128290,48.20,24.70
130294,47.80,24.70
132299,47.50,24.70
134303,47.10,24.70
136309,46.90,24.70
138313,46.60,24.70
140317,46.40,24.70
142321,46.20,24.70
144327,45.90,24.70
146331,45.80,24.70
148335,45.60,24.70
150340,45.50,24.70
152344,45.30,24.70
154348,45.20,24.70
156353,45.10,24.70
158357,45.00,24.70
160361,44.90,24.70
162365,44.80,24.70
164370,44.80,24.70
166375,44.70,24.70
168379,44.50,24.70
170384,44.60,24.70
172388,44.50,24.70
174394,44.40,24.70
176398,44.30,24.70
178402,44.20,24.60
180408,44.20,24.70
182412,44.10,24.70
184416,44.10,24.60
186420,44.00,24.70
188426,44.00,24.70
190430,43.90,24.70
192434,43.90,24.70
194439,43.90,24.60
196443,43.90,24.60
198449,43.70,24.70
200453,43.70,24.60
