Time,Humidity,Temperature
3,44.00,24.50
2007,44.00,24.50
4011,44.00,24.50
6014,44.30,24.50
8020,44.30,24.50
10024,44.40,24.50
12028,46.20,24.60
14032,54.40,24.80
16036,61.30,24.90
18042,66.70,25.00
20046,70.90,25.00
22050,74.10,25.00
24054,76.30,25.00
26060,78.00,25.00
28065,78.90,24.90
30069,79.20,24.90
32073,78.90,24.90
34077,77.90,24.80
36081,76.40,24.80
38087,74.70,24.80
40091,72.70,24.80
42095,70.80,24.80
44099,69.10,24.80
46105,67.50,24.80
48110,65.90,24.80
50114,64.50,24.80
52118,63.10,24.70
54124,61.80,24.70
56128,60.50,24.70
58132,58.90,24.70
60136,57.50,24.70
62142,56.40,24.70
64146,55.40,24.70
66150,54.40,24.70
68154,53.70,24.70
70158,53.10,24.70
72162,52.40,24.70
74166,51.80,24.70
76172,51.30,24.70