Time,Humidity,Temperature
0.0,48.3,22.8
2004.0,48.2,22.8
4008.0,48.3,22.8
6013.0,48.3,22.8
8018.0,48.4,22.8
10022.0,48.8,22.8
12026.0,51.4,22.9
14031.0,58.9,23.3
16036.0,64.7,23.4
18040.0,69.4,23.4
20044.0,73.3,23.4
22049.0,76.4,23.5
24053.0,79.1,23.4
26056.0,81.2,23.4
28062.0,82.9,23.4
30066.0,84.3,23.4
32070.0,85.4,23.3
34076.0,86.1,23.3
36080.0,86.4,23.3
38084.0,86.3,23.3
40089.0,85.6,23.2
42095.0,84.6,23.2
44099.0,83.3,23.2
46103.0,81.9,23.2
48107.0,80.3,23.2
50113.0,78.7,23.2
52117.0,77.1,23.2
54121.0,75.5,23.2
56127.0,73.8,23.2
58131.0,72.3,23.2
60135.0,70.7,23.2
62141.0,69.1,23.2
64145.0,67.5,23.2
66149.0,66.0,23.2
68153.0,64.5,23.2
70159.0,63.0,23.2
72163.0,61.7,23.2
74167.0,60.4,23.2
76171.0,59.4,23.2
78176.0,58.3,23.1
80181.0,57.3,23.1
82185.0,56.5,23.1
84190.0,55.7,23.2
86196.0,55.0,23.1
88200.0,54.4,23.1
90204.0,53.8,23.1
92208.0,53.4,23.1
94214.0,52.8,23.1
96218.0,52.5,23.1
98222.0,52.2,23.1
100227.0,51.8,23.1
102231.0,51.6,23.1
104235.0,51.3,23.1
106240.0,51.1,23.1
108244.0,50.9,23.1
110249.0,50.7,23.1
112253.0,50.6,23.1
114259.0,50.4,23.1
116263.0,50.3,23.1
118268.0,50.1,23.1
120272.0,50.1,23.1
122278.0,50.0,23.1
124282.0,49.9,23.1
126288.0,49.8,23.1
128292.0,49.8,23.1
130296.0,49.7,23.1
132301.0,49.6,23.1
134305.0,49.6,23.1
136310.0,49.5,23.1
138313.0,49.4,23.1
140317.0,49.4,23.0
142322.0,49.4,23.0
144326.0,49.2,23.1
146332.0,49.3,23.0
148336.0,49.2,23.0
150340.0,49.2,23.0
152345.0,49.1,23.0
154349.0,49.1,23.0
156353.0,49.1,23.0
158358.0,49.0,23.0
160362.0,49.0,23.0
162366.0,49.0,23.0
164372.0,48.9,23.0
166376.0,48.9,23.0
168380.0,48.9,23.0
170386.0,48.9,23.0
172390.0,48.9,23.0
174394.0,48.8,23.0
176400.0,48.8,23.0
178404.0,48.8,23.0
180408.0,48.7,23.0
182414.0,48.8,23.0
184418.0,48.8,23.0
186422.0,48.8,23.0
188427.0,48.8,23.0
190431.0,48.7,23.0
192437.0,48.7,23.0
194441.0,48.7,23.0
196445.0,48.7,23.0
198450.0,48.7,23.0
200454.0,48.6,22.9
202460.0,48.7,22.9
204464.0,48.7,22.9
206468.0,48.7,22.9
208473.0,48.7,23.0
210477.0,48.7,22.9
212483.0,48.7,22.9
214487.0,48.8,22.9
216491.0,48.8,22.9
218497.0,48.8,22.9
220501.0,48.9,22.9
222505.0,48.9,22.9
224510.0,48.9,22.9
226514.0,48.9,22.9
228520.0,48.9,22.9
230524.0,48.9,22.9
232530.0,48.9,22.9
234534.0,48.9,22.9
236538.0,48.9,22.9
238544.0,49.0,22.9
240548.0,49.0,22.9
242552.0,49.0,22.9
244557.0,49.0,22.9
246562.0,49.0,22.9
248566.0,49.0,22.9
250569.0,49.0,22.9
252576.0,49.0,22.9
254579.0,49.0,22.9
256583.0,49.0,22.9
258588.0,49.0,22.9
260593.0,48.9,22.9
262597.0,48.9,22.9
264603.0,48.8,22.9
266607.0,48.8,22.9
268611.0,48.9,22.9
270617.0,48.8,22.9
272621.0,48.8,22.9
274625.0,48.8,22.9
276631.0,48.8,22.9
278635.0,48.7,22.9
280639.0,48.7,22.9
282644.0,48.7,22.9
284648.0,48.8,22.9
286654.0,48.8,22.9
288658.0,48.7,22.9
290662.0,48.7,22.9
292667.0,48.7,22.9
294671.0,48.7,22.9
296677.0,48.7,22.9
298681.0,48.7,22.9
300685.0,48.7,22.9
