Time,Humidity,Temperature
4,38.60,27.40
2008,38.50,27.40
4013,38.40,27.40
6018,38.50,27.40
8022,38.40,27.40
10025,38.60,27.40
12029,41.80,27.60
14033,55.30,28.10
16037,65.00,28.30
18042,71.90,28.40
20046,77.00,28.40
22052,80.60,28.40
24056,83.10,28.30
26060,84.90,28.30
28064,86.10,28.20
30069,86.90,28.20
32075,87.40,28.10
34079,87.70,28.10
36083,87.60,28.00
38087,87.20,27.90
40091,86.50,27.90
42095,85.50,27.80
44101,83.90,27.80
46106,81.80,27.80
48111,79.20,27.70
50115,76.50,27.70
52119,73.90,27.70
54123,71.60,27.60
56128,69.40,27.60
58134,67.50,27.60
60138,65.50,27.60
62142,63.50,27.60
64146,61.40,27.60
66150,59.50,27.60
68154,57.60,27.60
70158,55.70,27.60
72162,54.00,27.60
74166,52.50,27.60
76170,51.00,27.60