Time,Humidity,Temperature
0.0,48.2,22.9
2004.0,48.2,22.9
4008.0,48.2,22.9
6014.0,48.2,22.9
8018.0,48.3,22.9
10022.0,48.6,22.9
12028.0,49.5,22.9
14032.0,55.8,23.2
16036.0,61.6,23.3
18040.0,66.1,23.4
20046.0,69.9,23.4
22050.0,73.0,23.4
24054.0,75.6,23.4
26060.0,77.6,23.4
28064.0,79.1,23.4
30068.0,79.8,23.4
32072.0,80.1,23.3
34078.0,79.9,23.3
36082.0,79.5,23.3
38086.0,78.7,23.3
40092.0,77.7,23.3
42096.0,76.6,23.3
44101.0,75.5,23.3
46105.0,74.4,23.3
48109.0,73.3,23.3
50115.0,72.2,23.3
52119.0,71.0,23.2
54123.0,69.9,23.3
56128.0,68.8,23.3
58133.0,67.6,23.3
60136.0,66.5,23.2
62140.0,65.3,23.2
64145.0,64.0,23.2
66151.0,62.7,23.2
68155.0,61.4,23.2
70159.0,60.1,23.2
72163.0,59.0,23.2
74168.0,57.9,23.2
76174.0,57.0,23.2
78178.0,56.1,23.2
80182.0,55.4,23.2
82186.0,54.7,23.2
84190.0,54.1,23.2
86195.0,53.5,23.2
88201.0,53.0,23.2
90205.0,52.5,23.2
92209.0,52.1,23.2
94215.0,51.8,23.1
96219.0,51.5,23.2
98223.0,51.3,23.2
100227.0,51.1,23.2
102232.0,50.8,23.1
104236.0,50.6,23.2
106242.0,50.5,23.1
108246.0,50.3,23.1
110251.0,50.2,23.1
112255.0,50.0,23.1
114261.0,49.9,23.1
116265.0,49.8,23.1
118270.0,49.7,23.1
120274.0,49.6,23.1
122278.0,49.6,23.1
124283.0,49.5,23.1
126287.0,49.4,23.1
128293.0,49.4,23.1
130297.0,49.2,23.1
132301.0,49.2,23.1
134306.0,49.2,23.1
136310.0,49.2,23.1
138316.0,49.1,23.1
140320.0,49.0,23.1
142324.0,49.0,23.1
144330.0,49.0,23.1
146334.0,49.0,23.0
148338.0,48.9,23.0
150344.0,48.9,23.0
152348.0,48.8,23.1
154352.0,48.9,23.0
156357.0,48.9,23.0
158362.0,48.8,23.0
160366.0,48.8,23.0
162372.0,48.8,23.0
164376.0,48.8,23.0
166380.0,48.7,23.0
168386.0,48.7,23.0
170390.0,48.7,23.0
172394.0,48.6,23.0
174399.0,48.6,23.0
176402.0,48.7,23.0
178408.0,48.6,23.0
180412.0,48.6,23.0
182416.0,48.6,23.0
184421.0,48.6,23.0
186425.0,48.5,23.0
188429.0,48.6,23.0
190434.0,48.5,23.0
192438.0,48.5,23.0
194442.0,48.5,23.0
196448.0,48.5,23.0
198452.0,48.5,23.0
200456.0,48.5,22.9
202462.0,48.5,23.0
204466.0,48.5,22.9
206470.0,48.5,23.0
208476.0,48.5,23.0
210480.0,48.5,22.9
212484.0,48.4,22.9
214489.0,48.5,22.9
216493.0,48.5,23.0
218497.0,48.4,22.9
220503.0,48.5,22.9
222507.0,48.5,22.9
224511.0,48.5,22.9
226516.0,48.4,22.9
228520.0,48.5,22.9
230524.0,48.4,22.9
232530.0,48.4,22.9
234534.0,48.4,22.9
236538.0,48.4,22.9
238544.0,48.4,22.9
240548.0,48.4,22.9
242552.0,48.4,22.9
244556.0,48.4,22.9
246562.0,48.4,22.9
248566.0,48.4,22.9
250570.0,48.4,22.9
252576.0,48.4,22.9
254580.0,48.4,22.9
256584.0,48.4,22.9
258588.0,48.5,22.9
260593.0,48.4,22.9
262597.0,48.4,22.9
264601.0,48.4,22.9
266607.0,48.4,22.9
268611.0,48.4,22.9
270615.0,48.4,22.9
272620.0,48.4,22.9
274626.0,48.4,22.9
276630.0,48.4,22.9
278634.0,48.5,22.9
280640.0,48.4,22.9
282643.0,48.4,22.9
284647.0,48.4,22.9
286653.0,48.5,22.9
288657.0,48.5,22.9
290661.0,48.5,22.9
292667.0,48.6,22.9
294671.0,48.6,22.9
296675.0,48.6,22.9
298681.0,48.6,22.9
300685.0,48.5,22.9
