Time,Humidity,Temperature
0.0,47.9,23.2
2006.0,47.9,23.2
4010.0,47.9,23.2
6014.0,47.9,23.2
8020.0,48.0,23.2
10023.0,48.2,23.2
12027.0,49.4,23.6
14033.0,57.1,24.0
16037.0,63.5,24.1
18041.0,68.5,24.1
20047.0,72.6,24.1
22051.0,75.9,24.1
24055.0,78.6,24.0
26059.0,80.8,24.0
28065.0,82.6,23.9
30069.0,84.0,23.9
32073.0,85.0,23.8
34079.0,85.7,23.8
36083.0,86.1,23.7
38087.0,86.1,23.7
40093.0,85.7,23.6
42097.0,85.0,23.6
44101.0,84.0,23.6
46107.0,83.0,23.6
48112.0,81.8,23.5
50116.0,80.6,23.6
52120.0,79.3,23.5
54126.0,78.2,23.5
56130.0,76.9,23.5
58134.0,75.7,23.5
60139.0,74.5,23.5
62143.0,73.3,23.5
64149.0,72.1,23.4
66153.0,71.0,23.4
68157.0,69.9,23.4
70163.0,68.8,23.4
72167.0,67.8,23.4
74171.0,66.8,23.4
76175.0,65.8,23.4
78181.0,64.9,23.4
80185.0,64.0,23.4
82189.0,63.1,23.4
84194.0,62.2,23.4
86200.0,61.4,23.4
88204.0,60.5,23.4
90208.0,59.8,23.4
92214.0,59.1,23.4
94219.0,58.4,23.4
96223.0,57.8,23.4
98227.0,57.1,23.4
100232.0,56.6,23.4
102238.0,56.1,23.4
104242.0,55.5,23.4
106246.0,55.0,23.4
108251.0,54.5,23.4
110256.0,54.0,23.4
112261.0,53.6,23.4
114266.0,53.1,23.4
116270.0,52.7,23.4
118276.0,52.4,23.4
120280.0,52.1,23.4
122284.0,51.7,23.4
124288.0,51.6,23.4
126293.0,51.3,23.4
128298.0,51.0,23.4
130302.0,50.8,23.4
132307.0,50.7,23.4
134310.0,50.4,23.3
136316.0,50.4,23.4
138320.0,50.2,23.3
140324.0,50.1,23.3
142329.0,50.0,23.4
144333.0,49.8,23.3
146339.0,49.7,23.4
148343.0,49.7,23.4
150347.0,49.6,23.4
152352.0,49.5,23.4
154356.0,49.4,23.3
156361.0,49.3,23.3
158365.0,49.3,23.4
160369.0,49.2,23.3
162375.0,49.2,23.3
164379.0,49.1,23.3
166383.0,49.0,23.3
168388.0,49.0,23.3
170392.0,48.9,23.3
172396.0,48.9,23.3
174401.0,48.9,23.3
176405.0,48.9,23.3
178411.0,48.9,23.4
180415.0,48.8,23.3
182419.0,48.8,23.3
184423.0,48.7,23.3
186428.0,48.7,23.3
188432.0,48.7,23.3
190437.0,48.6,23.3
192442.0,48.6,23.3
194446.0,48.6,23.3
196450.0,48.6,23.3
198456.0,48.6,23.3
200460.0,48.5,23.3
202464.0,48.5,23.3
204469.0,48.5,23.3
206473.0,48.5,23.3
208479.0,48.4,23.3
210483.0,48.4,23.3
212487.0,48.4,23.3
214493.0,48.4,23.3
216497.0,48.4,23.3
218501.0,48.3,23.3
220507.0,48.3,23.3
222511.0,48.3,23.3
224515.0,48.3,23.3
226520.0,48.3,23.3
228524.0,48.3,23.3
230530.0,48.3,23.3
232534.0,48.2,23.3
234538.0,48.2,23.3
236542.0,48.3,23.3
238547.0,48.2,23.3
240550.0,48.3,23.3
242554.0,48.2,23.3
244559.0,48.3,23.3
246563.0,48.2,23.3
248567.0,48.2,23.3
250573.0,48.3,23.3
252577.0,48.2,23.3
254581.0,48.2,23.3
256587.0,48.1,23.3
258591.0,48.2,23.3
260595.0,48.2,23.2
262600.0,48.1,23.2
264606.0,48.1,23.2
266610.0,48.1,23.2
268614.0,48.1,23.2
270619.0,48.1,23.3
272624.0,48.0,23.3
274628.0,48.1,23.2
276632.0,48.1,23.3
278638.0,48.0,23.3
280643.0,48.0,23.2
282647.0,48.0,23.3
284651.0,48.0,23.2
286656.0,48.1,23.3
288662.0,48.0,23.3
290666.0,48.0,23.3
292670.0,48.0,23.2
294675.0,48.0,23.3
296681.0,48.0,23.2
298685.0,48.0,23.2
300689.0,48.0,23.2
