Time,Humidity,Temperature
0.0,48.5,23.0
2004.0,48.5,23.0
4008.0,48.5,23.0
6013.0,48.5,23.0
8017.0,48.5,23.0
10021.0,48.6,23.0
12027.0,48.9,23.0
14031.0,56.3,24.2
16035.0,63.6,24.5
18040.0,69.3,24.6
20044.0,73.9,24.6
22049.0,77.6,24.6
24055.0,80.5,24.5
26059.0,82.9,24.5
28064.0,84.9,24.4
30070.0,86.5,24.4
32074.0,87.8,24.3
34078.0,88.9,24.3
36084.0,89.7,24.2
38088.0,90.4,24.2
40092.0,90.8,24.1
42097.0,91.2,24.1
44103.0,91.4,24.0
46108.0,91.3,24.0
48112.0,91.2,23.9
50116.0,90.8,23.9
52121.0,90.2,23.9
54125.0,89.4,23.8
56131.0,88.5,23.8
58135.0,87.5,23.8
60140.0,86.5,23.7
62145.0,85.5,23.7
64149.0,84.5,23.7
66155.0,83.5,23.7
68159.0,82.5,23.6
70163.0,81.7,23.6
72167.0,80.8,23.6
74172.0,80.0,23.6
76178.0,79.1,23.5
78182.0,78.2,23.5
80188.0,77.5,23.5
82192.0,76.8,23.5
84196.0,76.1,23.5
86202.0,75.5,23.5
88206.0,74.8,23.5
90210.0,74.1,23.4
92215.0,73.5,23.4
94219.0,72.9,23.4
96225.0,72.3,23.4
98229.0,71.7,23.4
100233.0,71.2,23.3
102239.0,70.8,23.3
104243.0,70.3,23.3
106247.0,69.9,23.3
108251.0,69.5,23.3
110255.0,69.1,23.3
112260.0,68.7,23.3
114265.0,68.4,23.3
116269.0,67.9,23.2
118273.0,67.5,23.3
120279.0,67.2,23.3
122283.0,66.7,23.3
124287.0,66.3,23.2
126291.0,65.8,23.2
128297.0,65.3,23.2
130301.0,64.8,23.2
132305.0,64.3,23.2
134309.0,63.8,23.2
136315.0,63.4,23.2
138319.0,62.9,23.2
140323.0,62.5,23.2
142328.0,62.1,23.2
144334.0,61.6,23.2
146338.0,61.2,23.2
148342.0,60.8,23.2
150346.0,60.4,23.2
152351.0,60.0,23.2
154357.0,59.6,23.2
156361.0,59.1,23.2
158365.0,58.6,23.2
160369.0,58.2,23.2
162373.0,57.8,23.2
164378.0,57.4,23.2
166384.0,57.2,23.2
168388.0,56.8,23.2
170392.0,56.4,23.2
172396.0,56.2,23.1
174401.0,55.8,23.2
176407.0,55.6,23.1
178411.0,55.3,23.2
180415.0,55.1,23.2
182419.0,54.9,23.1
184424.0,54.7,23.1
186430.0,54.5,23.1
188435.0,54.4,23.1
190439.0,54.2,23.1
192443.0,54.0,23.1
194448.0,53.9,23.1
196453.0,53.7,23.1
198459.0,53.5,23.1
200463.0,53.4,23.1
202467.0,53.2,23.1
204472.0,53.2,23.1
206476.0,53.0,23.1
208482.0,52.9,23.1
210486.0,52.8,23.1
212490.0,52.7,23.1
214496.0,52.6,23.1
216500.0,52.4,23.1
218504.0,52.3,23.1
220510.0,52.2,23.1
222514.0,52.1,23.1
224517.0,52.0,23.1
226522.0,51.9,23.1
228527.0,51.8,23.1
230531.0,51.7,23.1
232536.0,51.7,23.1
234541.0,51.5,23.1
236545.0,51.4,23.1
238549.0,51.4,23.1
240555.0,51.3,23.1
242559.0,51.2,23.1
244563.0,51.1,23.1
246568.0,51.0,23.1
248572.0,50.9,23.1
250577.0,50.8,23.0
252581.0,50.8,23.1
254587.0,50.6,23.1
256591.0,50.5,23.0
258595.0,50.5,23.0
260601.0,50.5,23.1
262605.0,50.4,23.0
264610.0,50.2,23.0
266614.0,50.1,23.0
268618.0,50.0,23.0
270623.0,49.9,23.0
272627.0,49.8,23.0
274632.0,49.8,23.0
276637.0,49.6,23.0
278641.0,49.5,23.0
280646.0,49.5,23.0
282650.0,49.4,23.0
284656.0,49.3,23.0
286660.0,49.3,23.0
288664.0,49.3,23.0
290670.0,49.2,23.0
292674.0,49.2,23.0
294678.0,49.1,23.1
296683.0,49.1,23.0
298687.0,49.0,23.0
300693.0,49.1,23.0
