Time,Humidity,Temperature
0.0,47.6,23.1
2004.0,47.6,23.0
4010.0,47.7,23.0
6014.0,47.7,23.1
8018.0,47.7,23.1
10024.0,48.3,23.1
12028.0,51.0,23.2
14032.0,58.8,23.6
16038.0,64.8,23.7
18042.0,69.6,23.8
20046.0,73.6,23.8
22050.0,76.9,23.7
24056.0,79.7,23.7
26060.0,81.8,23.7
28064.0,83.6,23.6
30068.0,84.8,23.6
32073.0,85.8,23.6
34078.0,86.3,23.5
36082.0,86.0,23.5
38088.0,84.9,23.5
40092.0,83.1,23.5
42096.0,81.0,23.5
44100.0,78.7,23.5
46105.0,76.5,23.5
48109.0,74.3,23.5
50114.0,72.2,23.5
52118.0,70.2,23.5
54122.0,68.4,23.5
56127.0,66.7,23.5
58132.0,65.1,23.5
60136.0,63.6,23.5
62140.0,62.2,23.5
64146.0,60.8,23.5
66150.0,59.4,23.5
68154.0,58.3,23.5
70160.0,57.3,23.5
72164.0,56.5,23.5
74168.0,55.6,23.5
76172.0,54.8,23.5
78176.0,54.2,23.5
80181.0,53.5,23.5
82186.0,52.9,23.5
84190.0,52.5,23.5
86193.0,52.0,23.5
88199.0,51.6,23.5
90203.0,51.3,23.5
92207.0,50.9,23.5
94213.0,50.6,23.5
96217.0,50.4,23.5
98221.0,50.1,23.4
100227.0,50.0,23.5
102231.0,49.7,23.5
104235.0,49.6,23.5
106241.0,49.3,23.4
108245.0,49.2,23.4
110249.0,49.0,23.4
112255.0,48.9,23.4
114259.0,48.8,23.4
116263.0,48.8,23.4
118267.0,48.7,23.4
120273.0,48.5,23.4
122277.0,48.5,23.4
124281.0,48.4,23.4
126287.0,48.3,23.4
128291.0,48.2,23.4
130295.0,48.3,23.4
132301.0,48.2,23.4
134305.0,48.2,23.4
136309.0,48.0,23.4
138313.0,48.1,23.4
140319.0,48.0,23.4
142323.0,48.0,23.4
144327.0,47.9,23.3
146331.0,47.9,23.3
148336.0,47.9,23.4
150340.0,47.9,23.3
152346.0,47.8,23.3
154350.0,47.8,23.3
156354.0,47.7,23.3
158360.0,47.7,23.3
160364.0,47.7,23.3
162368.0,47.7,23.3
164374.0,47.7,23.3
166378.0,47.6,23.3
168382.0,47.6,23.3
170388.0,47.6,23.3
172392.0,47.6,23.3
174396.0,47.6,23.3
176400.0,47.6,23.3
178406.0,47.7,23.2
180410.0,47.6,23.3
182414.0,47.6,23.2
184419.0,47.6,23.3
186425.0,47.6,23.2
188429.0,47.6,23.2
190433.0,47.6,23.2
192438.0,47.6,23.2
194444.0,47.5,23.2
196448.0,47.5,23.2
198452.0,47.6,23.2
200455.0,47.6,23.2
202462.0,47.6,23.2
204465.0,47.6,23.2
206469.0,47.6,23.2
208474.0,47.6,23.2
210479.0,47.6,23.2
212483.0,47.5,23.2
214487.0,47.5,23.2
216493.0,47.4,23.2
218497.0,47.4,23.2
220501.0,47.4,23.2
222506.0,47.3,23.2
224512.0,47.3,23.2
226516.0,47.3,23.2
228520.0,47.2,23.2
230525.0,47.4,23.2
232531.0,47.4,23.2
234535.0,47.4,23.2
236539.0,47.4,23.2
238545.0,47.4,23.2
240549.0,47.4,23.1
242553.0,47.4,23.1
244559.0,47.4,23.1
246563.0,47.5,23.1
248567.0,47.5,23.1
250573.0,47.4,23.1
252577.0,47.5,23.1
254582.0,47.4,23.1
256587.0,47.4,23.1
258591.0,47.4,23.1
260595.0,47.4,23.1
262600.0,47.4,23.1
264604.0,47.4,23.1
266608.0,47.4,23.1
268613.0,47.4,23.1
270617.0,47.4,23.1
272621.0,47.4,23.1
274626.0,47.4,23.1
276630.0,47.3,23.1
278634.0,47.3,23.1
280639.0,47.4,23.1
282643.0,47.3,23.1
284647.0,47.3,23.1
286653.0,47.3,23.1
288657.0,47.3,23.1
290661.0,47.3,23.1
292667.0,47.2,23.1
294671.0,47.2,23.1
296675.0,47.2,23.1
298679.0,47.2,23.1
300684.0,47.1,23.1
