Time,Humidity,Temperature
0.0,48.4,23.1
2004.0,48.4,23.1
4009.0,48.4,23.1
6014.0,48.4,23.1
8018.0,48.4,23.1
10022.0,49.3,23.1
12028.0,51.6,23.2
14032.0,58.6,23.6
16036.0,64.5,23.7
18040.0,69.1,23.8
20046.0,72.9,23.8
22050.0,76.1,23.7
24054.0,78.8,23.7
26058.0,80.9,23.7
28064.0,82.6,23.7
30068.0,83.7,23.6
32072.0,84.5,23.6
34076.0,84.6,23.5
36082.0,83.8,23.5
38086.0,82.5,23.5
40090.0,81.0,23.5
42095.0,79.3,23.4
44101.0,77.4,23.4
46105.0,75.7,23.4
48109.0,74.0,23.4
50115.0,72.2,23.4
52119.0,70.5,23.4
54123.0,68.7,23.4
56127.0,67.1,23.4
58132.0,65.3,23.4
60136.0,63.7,23.4
62140.0,62.1,23.4
64146.0,60.7,23.4
66150.0,59.4,23.4
68154.0,58.3,23.5
70159.0,57.2,23.4
72164.0,56.4,23.4
74170.0,55.5,23.4
76174.0,54.9,23.4
78178.0,54.3,23.4
80182.0,53.7,23.4
82186.0,53.2,23.4
84190.0,52.7,23.4
86194.0,52.3,23.4
88198.0,52.0,23.4
90202.0,51.6,23.4
92206.0,51.3,23.4
94212.0,51.1,23.4
96216.0,50.8,23.4
98220.0,50.6,23.4
100225.0,50.5,23.4
102229.0,50.3,23.4
104234.0,50.1,23.4
106239.0,50.0,23.4
108243.0,49.9,23.4
110249.0,49.7,23.4
112253.0,49.6,23.3
114257.0,49.5,23.4
116263.0,49.4,23.3
118267.0,49.3,23.3
120271.0,49.3,23.3
122276.0,49.1,23.3
124280.0,49.1,23.3
126286.0,49.0,23.3
128290.0,48.9,23.3
130294.0,48.8,23.3
132298.0,48.8,23.3
134304.0,48.8,23.3
136308.0,48.7,23.3
138312.0,48.7,23.3
140318.0,48.7,23.3
142322.0,48.7,23.3
144326.0,48.6,23.3
146330.0,48.6,23.3
148335.0,48.5,23.3
150339.0,48.4,23.3
152343.0,48.4,23.3
154349.0,48.3,23.3
156353.0,48.2,23.3
158357.0,48.2,23.2
160361.0,48.1,23.3
162367.0,48.1,23.3
164371.0,48.0,23.3
166375.0,47.9,23.2
168381.0,47.9,23.3
170386.0,48.0,23.2
172390.0,48.0,23.2
174394.0,48.0,23.2
176398.0,48.0,23.2
178402.0,48.0,23.2
180407.0,48.0,23.2
182413.0,48.1,23.2
184417.0,48.0,23.2
186421.0,48.0,23.2
188425.0,47.9,23.2
190431.0,47.9,23.2
192434.0,47.9,23.2
194438.0,47.8,23.2
196442.0,47.8,23.2
198447.0,47.8,23.2
200451.0,47.7,23.2
202455.0,47.8,23.2
204461.0,47.7,23.2
206465.0,47.7,23.2
208469.0,47.7,23.2
210475.0,47.7,23.2
212479.0,47.7,23.2
214483.0,47.7,23.2
216487.0,47.7,23.2
218492.0,47.7,23.1
220496.0,47.7,23.2
222500.0,47.7,23.2
224506.0,47.6,23.2
226510.0,47.6,23.1
228514.0,47.6,23.1
230520.0,47.5,23.1
232524.0,47.6,23.1
234528.0,47.5,23.1
236533.0,47.6,23.1
238538.0,47.6,23.1
240542.0,47.5,23.1
242547.0,47.5,23.1
244551.0,47.6,23.1
246555.0,47.6,23.1
248559.0,47.6,23.1
250564.0,47.7,23.1
252568.0,47.7,23.1
254572.0,47.8,23.1
256577.0,47.8,23.1
258581.0,47.8,23.1
260587.0,47.8,23.1
262591.0,47.8,23.1
264595.0,47.7,23.1
266601.0,47.7,23.1
268605.0,47.7,23.1
270609.0,47.7,23.1
272614.0,47.6,23.1
274618.0,47.7,23.1
276622.0,47.6,23.1
278627.0,47.7,23.1
280631.0,47.6,23.1
282635.0,47.6,23.1
284641.0,47.6,23.1
286645.0,47.6,23.1
288649.0,47.6,23.1
290654.0,47.6,23.1
292658.0,47.6,23.1
294662.0,47.6,23.1
296666.0,47.7,23.1
298671.0,47.7,23.1
300675.0,47.6,23.1
