Time,Humidity,Temperature
0.0,47.7,22.5
2006.0,47.8,22.6
4010.0,47.7,22.6
6014.0,47.7,22.5
8020.0,47.9,22.6
10024.0,48.0,22.6
12028.0,50.4,22.8
14033.0,56.5,23.0
16038.0,62.0,23.1
18042.0,66.5,23.1
20047.0,70.2,23.1
22051.0,73.3,23.1
24055.0,75.7,23.1
26060.0,77.5,23.1
28064.0,78.7,23.0
30069.0,79.4,23.0
32075.0,79.3,23.0
34079.0,78.9,22.9
36083.0,78.2,22.9
38089.0,77.2,22.9
40093.0,76.2,22.9
42097.0,75.1,22.9
44103.0,73.9,22.9
46107.0,72.7,22.9
48112.0,71.5,22.9
50117.0,70.3,22.9
52121.0,69.2,22.8
54126.0,68.1,22.8
56131.0,67.1,22.8
58135.0,65.9,22.8
60139.0,64.9,22.8
62145.0,63.9,22.8
64149.0,62.8,22.9
66153.0,61.9,22.8
68158.0,61.0,22.9
70164.0,60.2,22.8
72168.0,59.4,22.9
74172.0,58.7,22.9
76176.0,58.1,22.8
78182.0,57.5,22.8
80187.0,57.0,22.8
82190.0,56.5,22.9
84194.0,56.0,22.8
86198.0,55.6,22.8
88202.0,55.2,22.9
90207.0,54.8,22.8
92212.0,54.4,22.8
94218.0,54.1,22.8
96222.0,53.7,22.8
98226.0,53.3,22.8
100231.0,53.0,22.8
102236.0,52.7,22.8
104240.0,52.3,22.8
106244.0,52.0,22.8
108249.0,51.7,22.8
110255.0,51.3,22.8
112259.0,51.1,22.8
114263.0,50.8,22.8
116268.0,50.6,22.8
118272.0,50.4,22.8
120278.0,50.2,22.8
122282.0,50.0,22.8
124286.0,49.8,22.8
126292.0,49.6,22.8
128296.0,49.4,22.8
130300.0,49.3,22.8
132306.0,49.3,22.8
134310.0,49.1,22.8
136314.0,49.1,22.8
138320.0,49.0,22.8
140324.0,48.9,22.8
142328.0,48.9,22.8
144334.0,48.8,22.8
146338.0,48.8,22.8
148342.0,48.7,22.8
150347.0,48.6,22.8
152352.0,48.6,22.8
154356.0,48.6,22.8
156360.0,48.5,22.8
158366.0,48.5,22.8
160370.0,48.5,22.8
162374.0,48.5,22.8
164380.0,48.5,22.8
166384.0,48.4,22.8
168388.0,48.4,22.8
170392.0,48.4,22.8
172397.0,48.4,22.8
174403.0,48.3,22.8
176407.0,48.3,22.8
178411.0,48.3,22.8
180416.0,48.3,22.8
182421.0,48.3,22.7
184425.0,48.3,22.8
186429.0,48.3,22.7
188435.0,48.3,22.8
190439.0,48.3,22.7
192443.0,48.3,22.8
194449.0,48.3,22.7
196453.0,48.3,22.7
198456.0,48.3,22.8
200462.0,48.3,22.7
202466.0,48.2,22.7
204470.0,48.2,22.7
206476.0,48.2,22.7
208480.0,48.2,22.8
210484.0,48.2,22.7
212488.0,48.2,22.8
214494.0,48.2,22.7
216498.0,48.2,22.7
218502.0,48.2,22.7
220507.0,48.2,22.8
222512.0,48.2,22.7
224516.0,48.1,22.7
226520.0,48.2,22.7
228526.0,48.2,22.7
230530.0,48.1,22.7
232534.0,48.2,22.7
234539.0,48.2,22.7
236544.0,48.2,22.7
238548.0,48.2,22.7
240552.0,48.2,22.7
242558.0,48.1,22.7
244562.0,48.2,22.7
246566.0,48.2,22.7
248571.0,48.2,22.7
250576.0,48.2,22.7
252580.0,48.2,22.7
254584.0,48.1,22.7
256590.0,48.1,22.7
258594.0,48.2,22.7
260598.0,48.1,22.7
262603.0,48.1,22.7
264608.0,48.1,22.7
266612.0,48.1,22.7
268616.0,48.1,22.7
270622.0,48.2,22.7
272626.0,48.2,22.7
274630.0,48.2,22.7
276635.0,48.2,22.7
278640.0,48.2,22.7
280644.0,48.3,22.7
282650.0,48.3,22.7
284654.0,48.3,22.7
286658.0,48.3,22.7
288664.0,48.3,22.7
290668.0,48.3,22.7
292672.0,48.3,22.7
294677.0,48.3,22.7
296681.0,48.3,22.7
298687.0,48.3,22.7
300691.0,48.3,22.7
