Time,Humidity,Temperature
0.0,46.0,23.0
2004.0,45.9,23.0
4008.0,45.9,23.1
6013.0,46.0,23.0
8017.0,46.0,23.0
10021.0,46.0,23.0
12027.0,53.3,23.4
14032.0,60.8,23.6
16036.0,66.5,23.8
18040.0,71.2,23.7
20046.0,75.2,23.8
22050.0,78.3,23.7
24055.0,80.9,23.7
26060.0,83.0,23.6
28064.0,84.7,23.6
30070.0,86.1,23.5
32074.0,87.2,23.5
34078.0,88.1,23.5
36083.0,88.7,23.4
38087.0,89.1,23.4
40093.0,89.2,23.3
42097.0,88.9,23.3
44101.0,87.7,23.3
46107.0,85.8,23.3
48111.0,83.4,23.3
50115.0,80.7,23.3
52119.0,77.8,23.3
54124.0,75.0,23.3
56128.0,72.3,23.3
58134.0,69.7,23.3
60138.0,67.3,23.3
62142.0,65.1,23.3
64146.0,63.2,23.3
66152.0,61.5,23.3
68156.0,59.9,23.3
70160.0,58.4,23.3
72164.0,57.2,23.3
74170.0,56.1,23.3
76175.0,55.2,23.3
78179.0,54.4,23.3
80183.0,53.6,23.3
82187.0,52.8,23.3
84192.0,52.2,23.3
86198.0,51.7,23.3
88202.0,51.2,23.3
90205.0,50.7,23.3
92210.0,50.3,23.3
94214.0,49.9,23.3
96220.0,49.6,23.3
98224.0,49.3,23.3
100228.0,49.0,23.3
102234.0,48.8,23.3
104238.0,48.6,23.3
106242.0,48.3,23.3
108248.0,48.2,23.3
110252.0,48.0,23.3
112256.0,47.8,23.3
114262.0,47.7,23.3
116266.0,47.5,23.3
118270.0,47.4,23.2
120275.0,47.3,23.2
122281.0,47.2,23.2
124285.0,47.1,23.3
126289.0,46.9,23.2
128295.0,46.9,23.2
130299.0,46.9,23.2
132303.0,46.8,23.2
134308.0,46.7,23.2
136312.0,46.7,23.2
138316.0,46.7,23.2
140322.0,46.7,23.2
142326.0,46.7,23.2
144330.0,46.7,23.2
146336.0,46.6,23.2
148340.0,46.6,23.2
150344.0,46.6,23.2
152350.0,46.6,23.2
154354.0,46.5,23.2
156358.0,46.5,23.2
158364.0,46.5,23.2
160368.0,46.4,23.2
162372.0,46.3,23.2
164376.0,46.3,23.2
166381.0,46.2,23.2
168385.0,46.1,23.2
170390.0,46.1,23.2
172395.0,46.0,23.2
174399.0,46.0,23.2
176403.0,45.9,23.2
178409.0,45.8,23.2
180413.0,45.8,23.2
182417.0,45.7,23.2
184421.0,45.7,23.1
186427.0,45.6,23.2
188431.0,45.6,23.2
190435.0,45.7,23.1
192440.0,45.6,23.1
194445.0,45.7,23.1
196449.0,45.6,23.1
198453.0,45.7,23.1
200459.0,45.7,23.1
202463.0,45.6,23.1
204466.0,45.7,23.1
206472.0,45.7,23.1
208476.0,45.8,23.1
210480.0,45.8,23.1
212486.0,45.8,23.1
214490.0,45.8,23.1
216494.0,45.8,23.1
218499.0,45.8,23.1
220504.0,45.7,23.1
222508.0,45.7,23.1
224513.0,45.7,23.1
226518.0,45.7,23.0
228522.0,45.7,23.1
230526.0,45.8,23.1
232531.0,45.7,23.1
234535.0,45.6,23.1
236539.0,45.7,23.0
238545.0,45.7,23.1
240549.0,45.7,23.1
242553.0,45.7,23.1
244558.0,45.6,23.1
246564.0,45.6,23.1
248568.0,45.6,23.0
250572.0,45.5,23.0
252578.0,45.6,23.1
254582.0,45.6,23.1
256586.0,45.7,23.1
258592.0,45.7,23.1
260596.0,45.7,23.0
262600.0,45.7,23.1
264604.0,45.7,23.0
266610.0,45.7,23.1
268614.0,45.7,23.1
270618.0,45.8,23.0
272623.0,45.7,23.0
274628.0,45.7,23.0
276632.0,45.7,23.0
278636.0,45.7,23.0
280641.0,45.7,23.0
282646.0,45.6,23.0
284650.0,45.6,23.0
286654.0,45.6,23.0
288659.0,45.6,23.0
290663.0,45.6,23.0
292667.0,45.6,23.0
294673.0,45.6,23.0
296677.0,45.5,23.0
298681.0,45.5,23.0
300686.0,45.5,23.0
