Time,Humidity,Temperature
0.0,45.6,22.9
2005.0,45.6,23.0
4010.0,45.5,23.0
6014.0,45.5,22.9
8020.0,45.5,22.9
10024.0,46.6,22.9
12027.0,52.2,23.1
14032.0,59.7,23.4
16037.0,65.5,23.6
18041.0,70.2,23.6
20047.0,74.2,23.6
22051.0,77.4,23.6
24055.0,80.1,23.6
26059.0,82.2,23.5
28065.0,83.9,23.5
30069.0,85.3,23.5
32073.0,86.3,23.4
34079.0,86.9,23.4
36083.0,86.7,23.4
38087.0,85.4,23.3
40091.0,83.1,23.3
42097.0,80.6,23.3
44101.0,78.0,23.3
46105.0,75.3,23.3
48111.0,72.8,23.3
50115.0,70.3,23.4
52119.0,68.1,23.4
54124.0,66.0,23.4
56129.0,64.1,23.4
58133.0,62.3,23.4
60138.0,60.6,23.4
62143.0,59.3,23.4
64147.0,57.9,23.4
66151.0,56.7,23.4
68156.0,55.6,23.4
70162.0,54.6,23.4
72166.0,53.8,23.4
74170.0,53.0,23.4
76174.0,52.4,23.4
78180.0,51.8,23.4
80184.0,51.3,23.4
82188.0,50.7,23.4
84194.0,50.4,23.4
86198.0,49.9,23.4
88202.0,49.6,23.4
90207.0,49.2,23.4
92211.0,49.0,23.3
94217.0,48.7,23.3
96221.0,48.5,23.4
98225.0,48.3,23.3
100231.0,48.0,23.4
102235.0,47.8,23.3
104239.0,47.6,23.4
106245.0,47.5,23.3
108249.0,47.3,23.3
110253.0,47.1,23.3
112259.0,47.1,23.3
114263.0,46.9,23.3
116267.0,46.8,23.3
118272.0,46.6,23.3
120276.0,46.4,23.3
122280.0,46.2,23.3
124284.0,46.1,23.3
126288.0,46.0,23.3
128292.0,45.9,23.3
130297.0,45.8,23.3
132301.0,45.7,23.3
134305.0,45.7,23.3
136311.0,45.6,23.3
138315.0,45.6,23.3
140319.0,45.5,23.3
142325.0,45.5,23.3
144329.0,45.4,23.3
146333.0,45.4,23.2
148337.0,45.3,23.2
150343.0,45.4,23.2
152347.0,45.3,23.2
154351.0,45.3,23.2
156357.0,45.3,23.2
158361.0,45.2,23.2
160365.0,45.2,23.2
162369.0,45.3,23.2
164375.0,45.2,23.2
166379.0,45.3,23.2
168383.0,45.2,23.2
170388.0,45.3,23.2
172394.0,45.3,23.2
174398.0,45.3,23.2
176402.0,45.3,23.2
178408.0,45.3,23.2
180412.0,45.3,23.2
182416.0,45.3,23.2
184422.0,45.3,23.1
186426.0,45.3,23.2
188430.0,45.3,23.2
190434.0,45.3,23.2
192440.0,45.2,23.1
194444.0,45.2,23.2
196448.0,45.2,23.1
198453.0,45.1,23.2
200458.0,45.1,23.1
202462.0,45.1,23.1
204467.0,45.0,23.1
206472.0,44.9,23.1
208476.0,44.8,23.1
210480.0,44.9,23.1
212486.0,44.9,23.1
214490.0,44.8,23.1
216494.0,44.8,23.1
218498.0,44.7,23.1
220503.0,44.7,23.1
222507.0,44.7,23.1
224513.0,44.8,23.1
226517.0,44.8,23.1
228521.0,44.8,23.1
230524.0,44.8,23.1
232529.0,44.8,23.1
234536.0,44.8,23.1
236539.0,44.8,23.1
238543.0,44.8,23.1
240547.0,44.8,23.1
242552.0,44.8,23.1
244558.0,44.8,23.1
246562.0,44.8,23.1
248566.0,44.8,23.1
250570.0,44.8,23.0
252575.0,44.8,23.1
254580.0,44.7,23.1
256584.0,44.7,23.1
258589.0,44.7,23.1
260593.0,44.7,23.1
262598.0,44.7,23.0
264602.0,44.7,23.0
266608.0,44.7,23.0
268612.0,44.7,23.0
270618.0,44.7,23.0
272622.0,44.7,23.0
274626.0,44.8,23.0
276632.0,44.7,23.0
278636.0,44.7,23.0
280640.0,44.7,23.0
282645.0,44.7,23.0
284649.0,44.7,23.0
286655.0,44.7,23.0
288659.0,44.7,23.0
290663.0,44.7,23.0
292668.0,44.7,23.0
294672.0,44.7,23.0
296678.0,44.7,23.0
298682.0,44.6,23.0
300686.0,44.5,23.0
