Time,Humidity,Temperature
0.0,45.5,23.0
2004.0,45.6,23.0
4010.0,45.6,23.0
6014.0,45.7,23.0
8018.0,45.7,23.0
10022.0,45.8,23.0
12028.0,51.1,23.2
14032.0,58.7,23.5
16036.0,64.5,23.6
18042.0,69.3,23.6
20046.0,73.2,23.6
22050.0,76.5,23.6
24056.0,79.1,23.5
26060.0,81.2,23.5
28064.0,82.8,23.4
30070.0,84.0,23.4
32074.0,84.7,23.3
34078.0,84.7,23.3
36084.0,83.8,23.3
38088.0,82.0,23.3
40092.0,79.7,23.3
42096.0,77.4,23.3
44102.0,75.0,23.3
46106.0,72.7,23.3
48110.0,70.4,23.3
50116.0,68.3,23.3
52120.0,66.3,23.3
54124.0,64.4,23.3
56127.0,62.7,23.3
58132.0,61.1,23.3
60136.0,59.5,23.3
62140.0,58.1,23.3
64145.0,57.0,23.3
66150.0,55.8,23.4
68154.0,54.9,23.3
70158.0,54.0,23.3
72162.0,53.2,23.3
74168.0,52.5,23.3
76172.0,51.9,23.3
78176.0,51.4,23.3
80182.0,50.8,23.3
82186.0,50.4,23.3
84190.0,50.1,23.3
86195.0,49.7,23.3
88199.0,49.4,23.3
90205.0,49.2,23.3
92209.0,48.8,23.3
94213.0,48.6,23.3
96219.0,48.5,23.3
98223.0,48.4,23.3
100227.0,48.1,23.3
102233.0,48.0,23.3
104237.0,47.9,23.3
106241.0,47.8,23.3
108247.0,47.6,23.3
110251.0,47.6,23.3
112255.0,47.5,23.3
114261.0,47.4,23.3
116265.0,47.3,23.3
118269.0,47.3,23.3
120274.0,47.2,23.3
122279.0,47.1,23.2
124283.0,47.1,23.2
126287.0,47.0,23.2
128292.0,47.0,23.2
130296.0,47.0,23.2
132302.0,47.0,23.2
134306.0,46.9,23.2
136310.0,46.8,23.2
138316.0,46.8,23.2
140320.0,46.7,23.2
142324.0,46.7,23.2
144330.0,46.7,23.2
146334.0,46.6,23.2
148338.0,46.6,23.2
150344.0,46.6,23.2
152348.0,46.5,23.2
154352.0,46.6,23.2
156358.0,46.6,23.2
158362.0,46.5,23.2
160366.0,46.4,23.2
162370.0,46.5,23.2
164376.0,46.4,23.2
166380.0,46.4,23.2
168383.0,46.4,23.2
170387.0,46.4,23.2
172393.0,46.4,23.2
174397.0,46.3,23.2
176401.0,46.2,23.1
178406.0,46.3,23.1
180410.0,46.3,23.1
182415.0,46.3,23.1
184419.0,46.3,23.1
186425.0,46.3,23.2
188429.0,46.2,23.1
190433.0,46.2,23.1
192438.0,46.2,23.1
194442.0,46.2,23.2
196448.0,46.1,23.1
198452.0,46.2,23.1
200456.0,46.2,23.1
202461.0,46.1,23.1
204465.0,46.1,23.1
206470.0,46.1,23.1
208474.0,46.1,23.1
210480.0,46.1,23.1
212484.0,46.1,23.1
214488.0,46.2,23.1
216493.0,46.1,23.1
218497.0,46.1,23.1
220503.0,46.1,23.1
222507.0,46.1,23.1
224511.0,46.1,23.1
226516.0,46.0,23.1
228520.0,46.1,23.1
230526.0,46.1,23.1
232530.0,46.0,23.1
234534.0,46.0,23.1
236540.0,46.0,23.1
238544.0,46.0,23.1
240548.0,46.0,23.1
242554.0,46.0,23.1
244558.0,46.0,23.1
246562.0,46.0,23.1
248568.0,45.9,23.1
250572.0,45.9,23.1
252576.0,45.9,23.1
254581.0,45.9,23.1
256585.0,45.9,23.1
258591.0,45.9,23.0
260595.0,45.9,23.0
262599.0,45.9,23.0
264605.0,45.9,23.0
266609.0,45.9,23.0
268613.0,45.9,23.0
270619.0,45.9,23.0
272623.0,45.8,23.0
274627.0,45.8,23.0
276632.0,45.8,23.0
278638.0,45.8,23.0
280642.0,45.9,23.0
282646.0,45.8,23.0
284652.0,45.8,23.0
286655.0,45.8,23.0
288659.0,45.8,23.0
290663.0,45.9,23.0
292669.0,45.8,23.0
294673.0,45.9,23.0
296677.0,45.9,22.9
298683.0,45.9,23.0
300687.0,45.9,23.0
