Time,Humidity,Temperature
0.0,50.0,23.1
2004.0,50.0,23.1
4008.0,50.0,23.1
6013.0,50.1,23.1
8018.0,50.3,23.1
10022.0,50.4,23.1
12026.0,56.5,23.7
14031.0,63.3,24.0
16036.0,68.6,24.1
18040.0,72.9,24.1
20045.0,76.4,24.1
22049.0,79.3,24.0
24053.0,81.7,24.0
26057.0,83.6,24.0
28062.0,85.2,24.0
30068.0,86.4,23.9
32072.0,87.3,23.9
34077.0,87.9,23.9
36081.0,88.2,23.8
38085.0,88.1,23.8
40091.0,87.5,23.7
42095.0,86.6,23.7
44099.0,85.4,23.7
46105.0,84.3,23.7
48109.0,83.1,23.6
50114.0,82.0,23.6
52120.0,80.9,23.6
54124.0,79.7,23.6
56128.0,78.5,23.6
58132.0,77.5,23.6
60138.0,76.4,23.6
62142.0,75.3,23.5
64148.0,74.3,23.5
66151.0,73.3,23.5
68155.0,72.2,23.5
70160.0,71.3,23.5
72164.0,70.4,23.5
74168.0,69.4,23.5
76173.0,68.6,23.5
78177.0,67.8,23.5
80183.0,67.1,23.5
82188.0,66.4,23.4
84192.0,65.7,23.4
86196.0,65.1,23.4
88202.0,64.4,23.4
90206.0,63.8,23.4
92210.0,63.3,23.4
94216.0,62.7,23.4
96220.0,62.1,23.4
98224.0,61.6,23.4
100229.0,61.2,23.4
102234.0,60.7,23.4
104238.0,60.3,23.4
106242.0,59.8,23.4
108248.0,59.4,23.4
110252.0,59.1,23.4
112256.0,58.7,23.4
114262.0,58.3,23.4
116267.0,58.0,23.4
118271.0,57.7,23.4
120275.0,57.4,23.4
122280.0,57.1,23.4
124286.0,56.8,23.4
126290.0,56.6,23.4
128294.0,56.4,23.3
130299.0,56.2,23.4
132305.0,55.9,23.4
134309.0,55.7,23.3
136313.0,55.5,23.3
138318.0,55.3,23.3
140323.0,55.1,23.3
142329.0,54.9,23.3
144333.0,54.8,23.3
146337.0,54.5,23.3
148341.0,54.5,23.3
150345.0,54.3,23.3
152350.0,54.1,23.3
154356.0,54.0,23.3
156360.0,53.9,23.3
158364.0,53.7,23.3
160368.0,53.6,23.3
162372.0,53.6,23.3
164377.0,53.5,23.3
166382.0,53.3,23.3
168387.0,53.2,23.3
170391.0,53.1,23.3
172395.0,53.0,23.3
174401.0,52.9,23.2
176405.0,52.8,23.3
178409.0,52.7,23.3
180415.0,52.6,23.3
182419.0,52.5,23.3
184422.0,52.4,23.2
186428.0,52.3,23.2
188432.0,52.3,23.2
190436.0,52.2,23.2
192440.0,52.1,23.2
194445.0,52.0,23.2
196451.0,51.9,23.2
198455.0,51.8,23.2
200459.0,51.6,23.2
202463.0,51.5,23.2
204468.0,51.4,23.2
206474.0,51.3,23.2
208478.0,51.2,23.2
210482.0,51.1,23.2
212488.0,51.0,23.2
214492.0,50.9,23.2
216496.0,50.8,23.2
218501.0,50.8,23.2
220505.0,50.7,23.2
222509.0,50.6,23.2
224514.0,50.6,23.2
226518.0,50.5,23.2
228524.0,50.5,23.2
230528.0,50.4,23.2
232532.0,50.4,23.2
234536.0,50.4,23.2
236542.0,50.3,23.2
238546.0,50.3,23.2
240550.0,50.2,23.2
242555.0,50.1,23.2
244559.0,50.1,23.2
246565.0,50.1,23.2
248569.0,50.1,23.2
250575.0,50.0,23.2
252579.0,50.0,23.2
254583.0,50.0,23.1
256589.0,49.9,23.2
258593.0,49.9,23.2
260597.0,50.0,23.2
262602.0,49.9,23.2
264606.0,49.9,23.2
266612.0,49.9,23.1
268616.0,49.9,23.2
270620.0,49.9,23.2
272625.0,49.8,23.1
274629.0,49.9,23.1
276635.0,49.8,23.1
278639.0,49.8,23.1
280644.0,49.8,23.1
282648.0,49.8,23.1
284652.0,49.8,23.1
286658.0,49.7,23.2
288662.0,49.7,23.1
290666.0,49.7,23.1
292671.0,49.7,23.1
294675.0,49.7,23.1
296679.0,49.7,23.1
298683.0,49.6,23.1
300687.0,49.6,23.1
