Time,Humidity,Temperature
0.0,48.3,22.9
2005.0,48.3,22.9
4009.0,48.3,22.9
6013.0,48.3,22.9
8018.0,48.5,22.9
10022.0,48.7,22.9
12028.0,49.5,23.0
14032.0,57.6,24.0
16036.0,64.6,24.3
18041.0,70.3,24.4
20045.0,74.8,24.4
22049.0,78.4,24.4
24053.0,81.2,24.4
26059.0,83.4,24.3
28063.0,85.3,24.3
30067.0,86.8,24.2
32072.0,88.1,24.1
34077.0,89.1,24.1
36081.0,89.9,24.1
38087.0,90.6,24.0
40091.0,91.2,24.0
42095.0,91.6,23.9
44101.0,91.9,23.9
46105.0,92.3,23.8
48109.0,92.4,23.8
50114.0,92.5,23.7
52118.0,92.4,23.7
54122.0,92.3,23.7
56127.0,92.0,23.6
58131.0,91.4,23.6
60135.0,90.7,23.5
62141.0,89.8,23.6
64145.0,88.9,23.5
66149.0,87.8,23.5
68154.0,86.8,23.5
70158.0,85.7,23.4
72162.0,84.6,23.4
74168.0,83.4,23.4
76172.0,82.4,23.4
78176.0,81.2,23.4
80181.0,80.1,23.4
82187.0,79.1,23.3
84191.0,78.2,23.3
86195.0,77.2,23.3
88201.0,76.5,23.3
90205.0,75.6,23.3
92209.0,74.9,23.3
94214.0,74.2,23.3
96218.0,73.5,23.3
98224.0,72.9,23.2
100228.0,72.3,23.2
102231.0,71.7,23.2
104236.0,71.2,23.2
106241.0,70.7,23.2
108245.0,70.1,23.2
110250.0,69.7,23.2
112255.0,69.1,23.2
114259.0,68.6,23.2
116263.0,68.1,23.1
118269.0,67.6,23.1
120273.0,67.1,23.2
122277.0,66.6,23.1
124283.0,66.1,23.1
126287.0,65.6,23.1
128291.0,65.1,23.1
130297.0,64.6,23.1
132301.0,64.2,23.1
134305.0,63.7,23.1
136311.0,63.3,23.1
138315.0,62.8,23.1
140319.0,62.5,23.1
142325.0,62.0,23.1
144329.0,61.7,23.1
146333.0,61.2,23.1
148338.0,60.9,23.1
150343.0,60.5,23.1
152347.0,60.1,23.1
154351.0,59.7,23.1
156357.0,59.3,23.1
158361.0,58.9,23.1
160365.0,58.6,23.1
162371.0,58.2,23.1
164375.0,57.8,23.1
166379.0,57.6,23.1
168383.0,57.2,23.1
170389.0,56.9,23.1
172393.0,56.7,23.1
174397.0,56.5,23.1
176401.0,56.2,23.1
178407.0,55.9,23.1
180411.0,55.7,23.1
182415.0,55.4,23.1
184420.0,55.2,23.1
186426.0,55.0,23.1
188430.0,54.8,23.1
190434.0,54.6,23.1
192438.0,54.3,23.1
194444.0,54.1,23.1
196448.0,54.0,23.1
198452.0,53.7,23.1
200456.0,53.5,23.1
202460.0,53.3,23.1
204465.0,53.2,23.1
206469.0,53.1,23.1
208475.0,53.0,23.1
210479.0,52.8,23.1
212482.0,52.7,23.1
214489.0,52.7,23.1
216492.0,52.5,23.1
218496.0,52.4,23.1
220502.0,52.3,23.1
222506.0,52.2,23.1
224510.0,52.1,23.1
226516.0,51.9,23.1
228520.0,51.8,23.1
230524.0,51.7,23.1
232530.0,51.6,23.1
234534.0,51.4,23.0
236538.0,51.3,23.1
238542.0,51.2,23.1
240547.0,51.1,23.1
242551.0,51.0,23.1
244556.0,50.9,23.1
246560.0,50.8,23.1
248566.0,50.7,23.0
250570.0,50.6,23.1
252574.0,50.5,23.0
254579.0,50.4,23.0
256583.0,50.3,23.1
258588.0,50.3,23.1
260592.0,50.2,23.0
262597.0,50.1,23.0
264601.0,50.1,23.1
266606.0,50.0,23.1
268610.0,50.0,23.1
270616.0,49.9,23.1
272620.0,49.9,23.1
274626.0,49.8,23.1
276630.0,49.8,23.1
278634.0,49.8,23.1
280639.0,49.8,23.1
282643.0,49.7,23.0
284649.0,49.7,23.1
286653.0,49.7,23.1
288657.0,49.6,23.1
290663.0,49.6,23.1
292667.0,49.6,23.0
294671.0,49.6,23.1
296677.0,49.6,23.1
298681.0,49.5,23.1
300687.0,49.5,23.0
