Time,Humidity,Temperature
0.0,48.8,23.0
2004.0,48.8,23.0
4010.0,48.8,23.0
6014.0,48.8,23.0
8018.0,48.8,23.0
10024.0,48.9,23.0
12028.0,49.2,23.0
14032.0,56.6,23.9
16037.0,63.5,24.2
18041.0,69.0,24.3
20047.0,73.4,24.3
22051.0,76.9,24.2
24055.0,79.9,24.2
26061.0,82.3,24.1
28065.0,84.3,24.1
30069.0,85.9,24.0
32075.0,87.2,24.0
34079.0,88.2,24.0
36083.0,89.0,23.9
38089.0,89.6,23.9
40093.0,90.1,23.8
42097.0,90.3,23.8
44103.0,90.2,23.7
46107.0,89.9,23.7
48112.0,89.3,23.7
50116.0,88.5,23.6
52120.0,87.5,23.6
54126.0,86.4,23.6
56130.0,85.3,23.6
58134.0,84.1,23.5
60140.0,83.0,23.5
62144.0,81.8,23.5
64148.0,80.6,23.5
66151.0,79.5,23.4
68158.0,78.5,23.4
70161.0,77.5,23.4
72165.0,76.5,23.4
74170.0,75.5,23.4
76174.0,74.6,23.4
78179.0,73.7,23.3
80184.0,73.0,23.3
82188.0,72.3,23.3
84194.0,71.6,23.3
86198.0,70.9,23.3
88202.0,70.2,23.3
90207.0,69.6,23.3
92212.0,69.0,23.3
94216.0,68.4,23.2
96220.0,67.8,23.2
98225.0,67.3,23.2
100231.0,66.7,23.2
102235.0,66.1,23.2
104239.0,65.5,23.2
106245.0,64.9,23.2
108249.0,64.4,23.2
110253.0,63.8,23.2
112257.0,63.3,23.2
114262.0,62.9,23.2
116266.0,62.4,23.2
118270.0,62.0,23.2
120275.0,61.5,23.2
122281.0,61.0,23.2
124285.0,60.6,23.2
126289.0,60.1,23.2
128293.0,59.7,23.2
130298.0,59.2,23.2
132304.0,58.8,23.2
134308.0,58.4,23.2
136312.0,57.9,23.2
138316.0,57.6,23.2
140320.0,57.2,23.2
142325.0,56.9,23.1
144331.0,56.6,23.2
146335.0,56.3,23.2
148339.0,56.0,23.2
150343.0,55.7,23.2
152348.0,55.4,23.1
154354.0,55.2,23.1
156358.0,54.9,23.1
158362.0,54.7,23.2
160366.0,54.5,23.1
162371.0,54.4,23.1
164377.0,54.2,23.1
166382.0,54.0,23.2
168386.0,53.8,23.1
170390.0,53.6,23.1
172394.0,53.5,23.1
174400.0,53.3,23.1
176404.0,53.2,23.1
178407.0,52.9,23.1
180414.0,52.8,23.1
182417.0,52.7,23.1
184421.0,52.6,23.1
186427.0,52.4,23.1
188431.0,52.4,23.1
190435.0,52.2,23.1
192441.0,52.1,23.1
194445.0,52.0,23.1
196449.0,51.9,23.1
198454.0,51.8,23.1
200459.0,51.6,23.1
202463.0,51.5,23.1
204467.0,51.4,23.1
206473.0,51.3,23.1
208477.0,51.1,23.1
210483.0,51.0,23.1
212487.0,50.8,23.1
214492.0,50.7,23.1
216496.0,50.5,23.1
218500.0,50.4,23.1
220505.0,50.3,23.1
222509.0,50.2,23.1
224514.0,50.0,23.1
226518.0,49.9,23.1
228523.0,49.8,23.1
230527.0,49.7,23.1
232533.0,49.7,23.1
234537.0,49.6,23.1
236541.0,49.5,23.1
238546.0,49.5,23.1
240550.0,49.4,23.1
242555.0,49.3,23.1
244559.0,49.3,23.1
246564.0,49.3,23.1
248568.0,49.3,23.1
250574.0,49.3,23.0
252578.0,49.2,23.1
254582.0,49.2,23.1
256587.0,49.2,23.1
258591.0,49.2,23.1
260597.0,49.2,23.0
262601.0,49.2,23.1
264605.0,49.1,23.1
266610.0,49.1,23.1
268614.0,49.0,23.1
270620.0,49.0,23.1
272624.0,49.0,23.0
274628.0,49.0,23.1
276634.0,49.0,23.0
278638.0,49.0,23.0
280642.0,48.9,23.1
282648.0,48.9,23.0
284652.0,48.8,23.1
286656.0,48.9,23.0
288660.0,48.8,23.1
290666.0,48.8,23.0
292670.0,48.8,23.0
294675.0,48.7,23.1
296678.0,48.7,23.0
298682.0,48.6,23.0
300687.0,48.6,23.0
