Time,Humidity,Temperature
0.0,49.6,23.1
2006.0,49.6,23.1
4010.0,49.5,23.1
6016.0,49.7,23.1
8020.0,49.9,23.1
10026.0,50.0,23.1
12030.0,55.6,23.9
14034.0,63.5,24.4
16040.0,69.4,24.6
18044.0,74.1,24.6
20049.0,78.0,24.6
22055.0,81.1,24.5
24059.0,83.5,24.4
26063.0,85.7,24.4
28069.0,87.2,24.4
30073.0,88.6,24.3
32077.0,89.7,24.3
34082.0,90.6,24.2
36086.0,91.4,24.2
38090.0,92.0,24.1
40096.0,92.4,24.1
42100.0,92.7,24.0
44104.0,93.1,24.0
46110.0,93.2,23.9
48114.0,93.4,23.9
50118.0,93.3,23.9
52124.0,93.2,23.8
54128.0,92.9,23.8
56132.0,92.4,23.7
58138.0,91.7,23.7
60142.0,90.8,23.7
62146.0,89.6,23.7
64151.0,88.5,23.6
66156.0,87.3,23.6
68160.0,86.0,23.6
70164.0,84.8,23.5
72170.0,83.6,23.5
74174.0,82.4,23.5
76178.0,81.3,23.5
78183.0,80.2,23.5
80189.0,79.0,23.5
82193.0,78.0,23.4
84197.0,77.0,23.4
86202.0,76.1,23.4
88206.0,75.3,23.4
90212.0,74.5,23.4
92216.0,73.7,23.4
94220.0,73.0,23.4
96226.0,72.3,23.4
98230.0,71.6,23.4
100234.0,71.0,23.4
102239.0,70.4,23.3
104244.0,69.8,23.3
106248.0,69.2,23.3
108254.0,68.7,23.3
110258.0,68.1,23.3
112261.0,67.5,23.3
114265.0,67.0,23.3
116271.0,66.4,23.3
118275.0,65.8,23.3
120279.0,65.3,23.2
122284.0,64.8,23.2
124290.0,64.3,23.2
126294.0,63.8,23.2
128298.0,63.3,23.2
130303.0,62.8,23.2
132309.0,62.2,23.2
134313.0,61.6,23.2
136317.0,61.1,23.2
138321.0,60.7,23.2
140327.0,60.3,23.2
142331.0,59.8,23.2
144335.0,59.3,23.2
146339.0,58.8,23.2
148344.0,58.4,23.2
150349.0,58.0,23.2
152354.0,57.6,23.2
154359.0,57.1,23.2
156363.0,56.5,23.2
158367.0,56.1,23.2
160372.0,55.8,23.2
162378.0,55.5,23.2
164382.0,55.4,23.2
166386.0,55.1,23.2
168390.0,54.9,23.2
170394.0,54.8,23.2
172399.0,54.6,23.2
174404.0,54.5,23.2
176410.0,54.3,23.2
178414.0,54.1,23.2
180418.0,54.1,23.1
182422.0,53.8,23.1
184427.0,53.7,23.1
186433.0,53.5,23.1
188437.0,53.4,23.1
190441.0,53.3,23.2
192446.0,53.1,23.1
194450.0,53.0,23.1
196455.0,52.8,23.1
198460.0,52.7,23.1
200464.0,52.5,23.1
202469.0,52.4,23.1
204474.0,52.3,23.1
206478.0,52.1,23.1
208483.0,52.0,23.1
210489.0,51.9,23.1
212493.0,51.7,23.1
214497.0,51.6,23.1
216503.0,51.5,23.1
218507.0,51.4,23.1
220511.0,51.3,23.1
222515.0,51.2,23.1
224520.0,51.1,23.1
226523.0,51.0,23.1
228528.0,50.9,23.1
230532.0,50.9,23.1
232537.0,50.8,23.1
234541.0,50.7,23.1
236546.0,50.7,23.1
238550.0,50.6,23.1
240556.0,50.6,23.1
242560.0,50.5,23.1
244564.0,50.4,23.1
246570.0,50.4,23.1
248574.0,50.4,23.1
250579.0,50.3,23.1
252583.0,50.3,23.1
254589.0,50.2,23.1
256593.0,50.2,23.1
258599.0,50.2,23.0
260603.0,50.2,23.0
262607.0,50.1,23.0
264612.0,50.1,23.1
266616.0,50.1,23.1
268621.0,50.1,23.1
270625.0,50.1,23.1
272630.0,50.0,23.1
274634.0,50.0,23.1
276640.0,50.0,23.0
278644.0,49.9,23.1
280650.0,49.9,23.0
282654.0,49.8,23.1
284658.0,49.8,23.1
286663.0,49.7,23.0
288667.0,49.7,23.1
290673.0,49.6,23.0
292677.0,49.6,23.0
294681.0,49.6,23.1
296687.0,49.6,23.1
298691.0,49.6,23.0
300695.0,49.6,23.0
