Time,Humidity,Temperature
0.0,47.3,23.1
2003.0,47.2,23.1
4008.0,47.3,23.0
6014.0,47.2,23.1
8018.0,47.2,23.1
10022.0,47.4,23.0
12028.0,50.9,23.3
14032.0,58.8,23.7
16036.0,64.9,23.8
18041.0,69.9,23.8
20045.0,74.0,23.9
22051.0,77.3,23.8
24055.0,80.1,23.8
26059.0,82.4,23.8
28063.0,84.2,23.7
30068.0,85.7,23.7
32072.0,86.9,23.6
34076.0,87.8,23.6
36081.0,88.4,23.6
38085.0,88.8,23.5
40091.0,88.7,23.5
42095.0,87.8,23.4
44099.0,86.1,23.4
46105.0,84.1,23.4
48109.0,81.8,23.4
50113.0,79.5,23.4
52118.0,77.2,23.4
54124.0,74.8,23.4
56128.0,72.7,23.4
58132.0,70.8,23.4
60138.0,68.9,23.4
62142.0,67.2,23.4
64146.0,65.5,23.4
66151.0,64.0,23.4
68157.0,62.5,23.4
70161.0,61.1,23.4
72165.0,59.8,23.4
74170.0,58.6,23.4
76176.0,57.6,23.4
78181.0,56.6,23.4
80185.0,55.7,23.4
82189.0,54.9,23.4
84194.0,54.2,23.4
86199.0,53.6,23.4
88205.0,53.0,23.4
90209.0,52.5,23.4
92213.0,52.1,23.4
94218.0,51.6,23.4
96224.0,51.3,23.4
98228.0,50.9,23.4
100233.0,50.5,23.4
102238.0,50.2,23.4
104242.0,49.9,23.4
106248.0,49.6,23.4
108252.0,49.4,23.4
110258.0,49.2,23.4
112262.0,49.0,23.4
114266.0,48.8,23.3
116271.0,48.8,23.3
118276.0,48.6,23.3
120280.0,48.6,23.3
122284.0,48.5,23.3
124289.0,48.4,23.3
126292.0,48.3,23.3
128297.0,48.2,23.3
130302.0,48.2,23.3
132306.0,48.1,23.3
134310.0,48.0,23.3
136316.0,47.9,23.3
138320.0,47.9,23.3
140325.0,47.8,23.3
142330.0,47.7,23.3
144334.0,47.7,23.3
146340.0,47.6,23.3
148344.0,47.5,23.3
150348.0,47.4,23.3
152353.0,47.3,23.2
154359.0,47.2,23.2
156363.0,47.1,23.2
158367.0,47.1,23.2
160372.0,47.1,23.2
162378.0,47.1,23.2
164382.0,47.1,23.2
166386.0,47.1,23.2
168391.0,47.1,23.2
170397.0,47.1,23.2
172401.0,47.0,23.2
174405.0,47.0,23.2
176410.0,47.0,23.2
178414.0,47.0,23.2
180420.0,46.9,23.2
182424.0,46.9,23.2
184428.0,46.9,23.2
186433.0,46.9,23.2
188437.0,47.0,23.2
190443.0,46.9,23.2
192447.0,47.0,23.2
194451.0,47.0,23.2
196456.0,47.0,23.2
198460.0,47.0,23.2
200465.0,47.1,23.2
202470.0,47.0,23.2
204474.0,47.1,23.2
206479.0,47.1,23.1
208483.0,47.2,23.1
210487.0,47.2,23.1
212491.0,47.1,23.2
214497.0,47.1,23.2
216501.0,47.0,23.1
218505.0,46.8,23.1
220510.0,46.7,23.1
222514.0,46.6,23.1
224520.0,46.5,23.1
226524.0,46.4,23.1
228528.0,46.4,23.1
230534.0,46.3,23.1
232538.0,46.3,23.1
234544.0,46.2,23.1
236548.0,46.2,23.1
238553.0,46.3,23.1
240557.0,46.2,23.1
242561.0,46.3,23.1
244566.0,46.3,23.1
246569.0,46.3,23.1
248574.0,46.4,23.1
250578.0,46.4,23.1
252582.0,46.4,23.0
254588.0,46.5,23.1
256592.0,46.4,23.1
258596.0,46.4,23.1
260602.0,46.4,23.1
262606.0,46.4,23.0
264610.0,46.4,23.1
266615.0,46.4,23.0
268620.0,46.3,23.0
270624.0,46.3,23.0
272629.0,46.3,23.0
274633.0,46.3,23.0
276639.0,46.3,23.0
278643.0,46.3,23.0
280647.0,46.3,23.0
282652.0,46.3,23.0
284656.0,46.4,23.0
286660.0,46.4,23.0
288666.0,46.5,23.0
290670.0,46.5,23.0
292674.0,46.6,23.0
294680.0,46.6,23.0
296684.0,46.6,23.0
298688.0,46.6,23.0
300694.0,46.6,23.0
