Time,Humidity,Temperature
0.0,48.9,23.0
2004.0,48.8,23.0
4008.0,48.8,23.0
6013.0,48.8,23.0
8017.0,48.9,23.0
10022.0,49.1,23.0
12027.0,52.6,23.5
14031.0,60.4,24.2
16035.0,66.5,24.3
18041.0,71.4,24.4
20045.0,75.3,24.3
22049.0,78.5,24.3
24055.0,81.2,24.3
26058.0,83.3,24.2
28062.0,85.1,24.2
30066.0,86.5,24.1
32072.0,87.6,24.1
34076.0,88.5,24.1
36080.0,89.1,24.1
38085.0,89.5,24.0
40089.0,89.6,24.0
42093.0,89.6,23.9
44098.0,89.1,23.9
46102.0,88.3,23.8
48108.0,87.5,23.8
50112.0,86.5,23.8
52116.0,85.4,23.7
54122.0,84.3,23.7
56126.0,83.3,23.7
58130.0,82.2,23.7
60136.0,81.3,23.7
62140.0,80.3,23.6
64144.0,79.4,23.6
66148.0,78.5,23.6
68152.0,77.6,23.6
70158.0,76.8,23.5
72162.0,75.9,23.6
74166.0,75.2,23.5
76171.0,74.5,23.5
78175.0,73.7,23.5
80181.0,72.9,23.5
82185.0,72.2,23.5
84189.0,71.5,23.5
86194.0,70.7,23.5
88198.0,69.9,23.4
90203.0,69.3,23.4
92208.0,68.6,23.4
94212.0,67.9,23.4
96217.0,67.3,23.4
98223.0,66.7,23.4
100227.0,66.0,23.4
102231.0,65.5,23.4
104236.0,64.9,23.4
106241.0,64.4,23.3
108245.0,63.8,23.4
110250.0,63.4,23.3
112255.0,62.9,23.3
114259.0,62.5,23.3
116263.0,62.1,23.3
118269.0,61.6,23.3
120273.0,61.1,23.3
122277.0,60.7,23.3
124282.0,60.3,23.3
126288.0,59.8,23.3
128292.0,59.4,23.3
130296.0,59.1,23.3
132302.0,58.7,23.3
134306.0,58.3,23.3
136309.0,58.0,23.3
138313.0,57.7,23.3
140318.0,57.4,23.3
142323.0,57.1,23.3
144327.0,56.8,23.3
146331.0,56.5,23.3
148335.0,56.2,23.3
150341.0,55.9,23.3
152345.0,55.6,23.3
154349.0,55.4,23.3
156353.0,55.3,23.3
158358.0,55.0,23.3
160364.0,54.8,23.3
162368.0,54.6,23.3
164372.0,54.5,23.2
166376.0,54.3,23.3
168380.0,54.1,23.2
170385.0,54.0,23.2
172391.0,53.9,23.2
174396.0,53.7,23.2
176400.0,53.6,23.2
178404.0,53.4,23.2
180408.0,53.3,23.2
182413.0,53.2,23.2
184418.0,53.1,23.2
186422.0,53.0,23.2
188426.0,52.9,23.2
190431.0,52.8,23.2
192436.0,52.7,23.2
194440.0,52.6,23.2
196444.0,52.5,23.2
198450.0,52.4,23.2
200454.0,52.3,23.2
202458.0,52.3,23.2
204463.0,52.2,23.2
206469.0,52.1,23.2
208473.0,52.0,23.2
210477.0,51.9,23.2
212481.0,51.8,23.2
214486.0,51.7,23.2
216492.0,51.6,23.2
218496.0,51.5,23.2
220500.0,51.5,23.2
222505.0,51.4,23.2
224511.0,51.3,23.2
226516.0,51.2,23.2
228520.0,51.2,23.2
230524.0,51.1,23.2
232530.0,51.0,23.1
234534.0,50.9,23.2
236538.0,50.8,23.2
238543.0,50.8,23.1
240547.0,50.7,23.1
242552.0,50.6,23.1
244556.0,50.5,23.1
246562.0,50.4,23.1
248565.0,50.3,23.1
250570.0,50.2,23.1
252574.0,50.1,23.1
254580.0,50.0,23.1
256584.0,50.0,23.1
258588.0,49.9,23.1
260593.0,49.8,23.1
262597.0,49.8,23.1
264603.0,49.7,23.1
266607.0,49.6,23.1
268611.0,49.6,23.1
270616.0,49.4,23.1
272620.0,49.4,23.1
274626.0,49.4,23.1
276630.0,49.3,23.1
278636.0,49.3,23.1
280640.0,49.2,23.1
282644.0,49.1,23.1
284649.0,49.2,23.1
286653.0,49.1,23.1
288658.0,49.1,23.1
290662.0,49.0,23.1
292666.0,49.0,23.1
294671.0,48.9,23.1
296675.0,48.9,23.1
298681.0,48.9,23.1
300685.0,48.8,23.1
