Time,Humidity,Temperature
0.0,46.4,23.0
2005.0,46.5,23.0
4010.0,46.4,23.0
6014.0,46.4,23.0
8019.0,46.3,23.0
10023.0,46.9,23.0
12027.0,50.2,23.3
14032.0,59.2,23.9
16038.0,65.8,24.1
18042.0,71.0,24.2
20046.0,75.4,24.2
22051.0,78.8,24.2
24057.0,81.7,24.1
26061.0,83.9,24.1
28065.0,85.9,24.1
30070.0,87.4,24.0
32074.0,88.7,24.0
34080.0,89.7,23.9
36084.0,90.5,23.9
38088.0,91.2,23.8
40094.0,91.7,23.8
42098.0,92.2,23.7
44102.0,92.5,23.7
46108.0,92.8,23.6
48112.0,92.9,23.6
50116.0,93.1,23.5
52120.0,93.1,23.5
54125.0,93.1,23.5
56128.0,92.9,23.4
58132.0,92.5,23.4
60138.0,91.9,23.4
62142.0,90.7,23.3
64146.0,89.1,23.3
66151.0,87.0,23.3
68155.0,84.5,23.3
70159.0,81.8,23.3
72164.0,79.2,23.3
74169.0,76.6,23.3
76173.0,74.1,23.4
78179.0,71.6,23.4
80183.0,69.5,23.4
82187.0,67.4,23.4
84193.0,65.5,23.4
86197.0,63.8,23.4
88201.0,62.1,23.4
90207.0,60.6,23.4
92211.0,59.2,23.4
94215.0,58.1,23.4
96219.0,57.0,23.4
98224.0,56.0,23.4
100229.0,55.2,23.4
102235.0,54.4,23.4
104240.0,53.8,23.4
106244.0,53.2,23.4
108248.0,52.6,23.4
110252.0,52.2,23.4
112257.0,51.6,23.4
114263.0,51.2,23.4
116267.0,50.8,23.3
118271.0,50.5,23.4
120276.0,50.2,23.3
122280.0,49.9,23.3
124286.0,49.7,23.3
126290.0,49.4,23.3
128294.0,49.2,23.3
130300.0,49.0,23.3
132304.0,48.9,23.3
134308.0,48.7,23.3
136314.0,48.6,23.3
138318.0,48.4,23.3
140322.0,48.3,23.3
142328.0,48.2,23.3
144332.0,48.1,23.3
146336.0,48.0,23.3
148342.0,48.0,23.3
150346.0,48.0,23.3
152350.0,47.9,23.3
154355.0,47.8,23.3
156360.0,47.8,23.3
158364.0,47.7,23.3
160370.0,47.7,23.3
162374.0,47.6,23.3
164378.0,47.5,23.3
166384.0,47.4,23.3
168388.0,47.4,23.3
170392.0,47.4,23.3
172397.0,47.3,23.2
174403.0,47.3,23.2
176406.0,47.3,23.2
178410.0,47.2,23.3
180415.0,47.2,23.2
182421.0,47.1,23.2
184425.0,47.0,23.2
186429.0,46.9,23.2
188434.0,46.9,23.2
190438.0,46.8,23.2
192442.0,46.8,23.2
194448.0,46.6,23.2
196452.0,46.6,23.2
198456.0,46.6,23.2
200462.0,46.5,23.2
202466.0,46.5,23.2
204470.0,46.5,23.2
206475.0,46.5,23.2
208480.0,46.5,23.2
210484.0,46.5,23.2
212488.0,46.5,23.2
214494.0,46.5,23.2
216498.0,46.5,23.1
218502.0,46.4,23.2
220507.0,46.4,23.2
222512.0,46.4,23.2
224516.0,46.3,23.2
226520.0,46.4,23.2
228526.0,46.4,23.2
230530.0,46.4,23.1
232534.0,46.3,23.2
234539.0,46.4,23.1
236544.0,46.3,23.1
238548.0,46.2,23.1
240553.0,46.3,23.1
242557.0,46.3,23.1
244562.0,46.2,23.1
246566.0,46.1,23.2
248570.0,46.1,23.1
250575.0,46.1,23.1
252579.0,46.0,23.1
254585.0,46.0,23.1
256589.0,45.9,23.1
258593.0,45.9,23.1
260598.0,45.9,23.1
262602.0,45.8,23.1
264607.0,45.8,23.1
266612.0,45.8,23.1
268616.0,45.8,23.1
270621.0,45.8,23.1
272626.0,45.8,23.1
274630.0,45.8,23.1
276634.0,45.8,23.1
278639.0,45.8,23.1
280643.0,45.7,23.1
282646.0,45.8,23.1
284651.0,45.8,23.1
286655.0,45.9,23.1
288661.0,45.9,23.1
290665.0,45.9,23.1
292669.0,46.0,23.1
294675.0,45.9,23.1
296679.0,45.9,23.1
298684.0,46.0,23.1
300689.0,46.0,23.1
